EF-marginalizeFrame 0.0001059 5.93408e-09 0.00147379 1329
FullSystem::trackNewCoarseNoIMU 0.00190489 1.60013e-05 0.124442 8672
FullSystemOptimize 0.153394 0.00129508 0.417732 1335
IMUInitAddPose 1.8976e-05 -nan 1.8976e-05 1
InitializerFirstFrame 0.0317028 -nan 0.0317028 1
InitializerOtherFrames 0.0421008 0.000734442 0.135472 72
VisualMarginalization 3.48822e-05 1.47876e-09 0.00134482 1329
activatePointsMT 0.00448232 5.77318e-06 0.023676 1335
addActiveFrame 0.030889 0.00392313 0.452714 8745
afterCoarseTracking 2.82843e-07 2.50017e-12 0.000146747 8672
baIteration 0.0239329 7.28717e-05 0.101163 8028
coarseTrackingIteration 0.000101935 2.96598e-08 0.00621616 101901
debugPlot 9.68172e-08 3.24297e-15 4.91e-07 1335
debugPlotIDepthMap 4.05915e-07 3.04669e-14 2.094e-06 1335
debugPlotIDepthMapFloat 4.20914e-08 8.78083e-16 4.1e-07 1335
deliverTrackedFrame 0.0278148 0.00389789 0.447782 8673
flagFramesForMarginalization 1.78336e-06 5.42196e-13 1.3916e-05 1335
fullCoarseTracking 0.00191119 1.60052e-05 0.124446 8672
initObjectsAndMakeImage 0.00105127 5.6201e-08 0.00346989 8745
makeKeyframe 0.169973 0.00141799 0.447776 1335
makeKeyframeChangeTrackingRef 0.00164916 1.14829e-07 0.00851762 1335
makeNewTraces 0.00347828 2.53422e-07 0.00952603 1335
makeNonKeyframe 0.00193537 2.51703e-06 0.00953265 7338
marginalizeAndRemovePoints 0.00250381 1.7111e-06 0.00877056 1335
marginalizeFrame 0.00128954 3.02412e-07 0.00464652 1329
marginalizeFrameOverhead 0.00118048 2.59629e-07 0.00447942 1329
marginalizeFrames 0.00128493 3.08796e-07 0.00464758 1335
newFrameAndNewResidualsForOldPoints 0.000787992 1.04659e-07 0.00351151 1335
printEigenValLine 1.8816e-07 4.70429e-15 8.02e-07 1335
printLogLine 0.000143306 5.02997e-08 0.0025015 1335
publishInMakeKeyframe 2.37757e-07 1.28855e-14 1.583e-06 1335
removeOutliers 0.000116893 8.30283e-09 0.00223063 1335
swapTrackingRef 4.66726e-07 9.09738e-14 3.216e-06 1335
timeMeasurement 2.09468e-06 2.23253e-11 0.000227727 8745
traceNewCoarse 0.00193526 2.2172e-06 0.00951757 8673
zero 1.43912e-07 2.4877e-14 1.1031e-05 8745
