1610017453.466379 14.339802 0.491025
1610017453.664379 14.307229 0.410856
1610017453.862380 14.330580 0.338459
1610017454.060380 14.339119 0.277024
1610017454.291381 14.353003 0.217363
1610017454.489381 14.355441 0.183889
1610017454.720382 14.357500 0.149599
1610017454.951383 14.346816 0.120586
1610017455.149383 14.324697 0.103633
1610017455.380384 14.304434 0.086903
1610017455.578384 14.288398 0.076764
1610017455.776385 14.243239 0.068836
1610017455.974385 14.193401 0.062042
1610017456.172385 14.154400 0.056576
1610017456.370386 14.106691 0.051980
1610017456.535386 14.070450 0.048523
1610017456.667387 14.041505 0.046089
1610017456.832387 14.021095 0.043357
1610017456.997387 14.005182 0.041163
1610017457.129388 13.997284 0.040969
1610017457.294388 13.977560 0.039165
1610017457.426389 13.963884 0.037701
1610017457.558389 13.958748 0.036413
1610017457.690389 13.955579 0.035109
1610017457.822390 13.953075 0.034066
1610017457.921390 13.950124 0.033313
1610017458.020390 13.949582 0.032692
1610017458.119390 13.946023 0.031967
1610017458.218390 13.942778 0.031356
1610017458.350391 13.947425 0.030557
1610017458.482391 13.946195 0.029800
1610017458.614392 13.945889 0.029048
1610017458.746392 13.950638 0.028257
1610017458.878392 13.952864 0.027376
1610017459.010393 13.950178 0.026469
1610017459.142393 13.950279 0.025620
1610017459.274393 13.952057 0.024884
1610017459.406394 13.953483 0.024091
1610017459.538394 13.950108 0.023356
1610017459.670394 13.950608 0.022612
1610017459.802394 13.949311 0.021923
1610017459.967395 13.949875 0.021145
1610017460.099395 13.954250 0.020588
1610017460.231395 13.953779 0.020077
1610017460.363396 13.963447 0.019643
1610017460.495396 13.959734 0.019201
1610017460.660397 13.951053 0.018661
1610017460.792397 13.958752 0.018329
1610017460.924397 13.958475 0.018039
1610017461.056397 13.964137 0.017757
1610017461.188398 13.967337 0.017530
1610017461.287398 13.971965 0.017380
1610017461.386398 13.969733 0.017196
1610017461.485399 13.977405 0.017089
1610017461.584399 13.978023 0.016953
1610017461.683399 13.980678 0.016847
1610017461.815399 13.981370 0.016709
1610017461.914399 13.983964 0.016614
1610017462.013400 13.983210 0.016506
1610017462.145400 13.985668 0.016392
1610017462.244401 13.984758 0.016317
1610017462.343400 13.984812 0.016247
1610017462.442401 13.987855 0.016180
1610017462.541401 13.993189 0.016092
1610017462.640401 14.000487 0.016020
1610017462.772402 13.995455 0.015913
1610017462.904402 13.995736 0.015794
1610017463.003402 13.991432 0.015705
1610017463.102402 13.992205 0.015630
1610017463.234403 13.989532 0.015522
1610017463.366403 13.991937 0.015462
1610017463.498403 13.992595 0.015387
1610017463.630404 13.994265 0.015359
1610017463.762404 13.994753 0.015321
1610017463.894404 13.997678 0.015300
1610017464.026405 13.996242 0.015263
1610017464.158405 13.994385 0.015222
1610017464.290405 14.000704 0.015197
1610017464.455406 14.005304 0.015176
1610017464.587406 14.002561 0.015132
1610017464.719406 14.003754 0.015101
1610017464.851407 14.004596 0.015047
1610017464.983407 14.003884 0.014990
1610017465.115407 13.997299 0.014908
1610017465.247408 13.994905 0.014826
1610017465.346408 13.994652 0.014755
1610017465.478408 13.998747 0.014667
1610017465.610409 13.998418 0.014582
1610017465.742409 13.996445 0.014487
1610017465.841409 13.996931 0.014411
1610017465.973409 14.001108 0.014310
1610017466.105410 14.001055 0.014187
1610017466.204410 14.005594 0.014105
1610017466.369410 14.001714 0.013957
1610017466.534411 14.005853 0.013819
1610017466.699411 13.996304 0.013672
1610017466.864412 13.996644 0.013566
1610017467.029412 14.001284 0.013479
1610017467.194412 14.005188 0.013406
1610017467.359413 14.016417 0.013369
1610017467.491413 14.017992 0.013335
1610017467.656414 14.017357 0.013325
1610017467.788414 14.018913 0.013319
1610017467.920414 14.015439 0.013328
1610017468.085415 14.014305 0.013320
1610017468.250415 14.010540 0.013300
1610017468.382415 14.008459 0.013281
1610017468.514416 14.005948 0.013279
1610017468.646416 14.002160 0.013256
1610017468.778416 14.012961 0.013273
1610017468.910417 14.011449 0.013254
1610017469.042417 14.012644 0.013232
1610017469.174417 14.010191 0.013207
1610017469.306418 14.009597 0.013191
1610017469.438418 14.011332 0.013173
1610017469.537418 14.014800 0.013173
1610017469.669419 14.011038 0.013159
1610017469.768419 14.010068 0.013153
1610017469.900419 14.015540 0.013147
1610017470.032419 14.012629 0.013132
1610017470.164420 14.014688 0.013121
1610017470.329420 14.013228 0.013103
1610017470.494421 14.016676 0.013096
1610017470.626421 14.018785 0.013073
1610017470.791421 14.021556 0.013067
1610017470.923421 14.018187 0.013047
1610017471.088422 14.016840 0.013023
1610017471.253422 14.015009 0.012982
1610017471.385423 14.017826 0.012939
1610017471.517423 14.020639 0.012921
1610017471.682423 14.015558 0.012877
1610017471.814424 14.019166 0.012851
1610017471.946424 14.023283 0.012826
1610017472.045424 14.021905 0.012804
1610017472.177425 14.017792 0.012777
1610017472.276425 14.020566 0.012757
1610017472.375425 14.019206 0.012728
1610017472.474425 14.019444 0.012697
1610017472.606426 14.022466 0.012657
1610017472.738426 14.023574 0.012611
1610017472.837426 14.022457 0.012579
1610017472.936426 14.027947 0.012541
1610017473.035427 14.039370 0.012512
1610017473.167427 14.042395 0.012460
1610017473.299427 14.037264 0.012408
1610017473.464428 14.038258 0.012343
1610017473.563428 14.039148 0.012303
1610017473.695428 14.044302 0.012258
1610017473.827429 14.041448 0.012202
1610017473.992429 14.046442 0.012133
1610017474.190429 14.045577 0.012054
1610017474.388430 14.054915 0.011997
1610017474.586431 14.053597 0.011945
1610017474.751431 14.055247 0.011930
1610017474.916431 14.059140 0.011937
1610017475.114432 14.059452 0.011919
1610017475.279432 14.059592 0.011904
1610017475.444433 14.060600 0.011892
1610017475.609433 14.061242 0.011885
1610017475.774433 14.061849 0.011879
1610017475.906434 14.063950 0.011876
1610017476.038434 14.065150 0.011876
1610017476.170434 14.063812 0.011879
1610017476.302434 14.060471 0.011891
1610017476.434435 14.061352 0.011892
1610017476.566435 14.061394 0.011892
1610017476.665436 14.061586 0.011892
1610017476.764436 14.060624 0.011892
1610017476.863436 14.059032 0.011886
1610017476.962436 14.059214 0.011889
1610017477.094437 14.059651 0.011885
1610017477.226437 14.060023 0.011884
1610017477.325437 14.059050 0.011880
1610017477.424438 14.059528 0.011882
1610017477.523438 14.060108 0.011883
1610017477.655438 14.060088 0.011879
1610017477.787438 14.060983 0.011879
1610017477.886438 14.059990 0.011870
1610017477.985439 14.060565 0.011865
1610017478.084439 14.060775 0.011859
1610017478.183439 14.059843 0.011861
1610017478.282440 14.059158 0.011861
1610017478.381440 14.058308 0.011860
1610017478.480440 14.058619 0.011858
1610017478.579440 14.058114 0.011864
1610017478.678441 14.057800 0.011860
1610017478.777441 14.057651 0.011861
1610017478.876441 14.057526 0.011858
1610017478.975441 14.057024 0.011855
1610017479.074441 14.057466 0.011852
1610017479.140442 14.057706 0.011852
1610017479.206442 14.057168 0.011851
1610017479.272442 14.056542 0.011843
1610017479.338442 14.056997 0.011851
1610017479.404442 14.056965 0.011852
1610017479.470443 14.057183 0.011855
1610017479.536443 14.057727 0.011853
1610017479.635443 14.057462 0.011853
1610017479.701443 14.056912 0.011852
1610017479.767443 14.057086 0.011852
1610017479.833443 14.056913 0.011853
1610017479.932444 14.057233 0.011851
1610017480.031444 14.057069 0.011852
1610017480.130444 14.056596 0.011853
1610017480.229444 14.056632 0.011852
1610017480.328445 14.056619 0.011851
1610017480.460445 14.057623 0.011850
1610017480.559445 14.058048 0.011848
1610017480.658445 14.057771 0.011850
1610017480.757446 14.057489 0.011849
1610017480.856446 14.058095 0.011840
1610017480.955446 14.058434 0.011843
1610017481.054446 14.058248 0.011843
1610017481.153447 14.058785 0.011847
1610017481.252447 14.058894 0.011846
1610017481.318447 14.059520 0.011846
1610017481.384447 14.059761 0.011844
1610017481.450447 14.059651 0.011844
1610017481.549448 14.059054 0.011843
1610017481.648448 14.058974 0.011839
1610017481.747448 14.058103 0.011827
1610017481.846448 14.057044 0.011826
1610017481.945449 14.055992 0.011817
1610017482.044449 14.055363 0.011802
1610017482.110449 14.053083 0.011785
1610017482.176449 14.051276 0.011769
1610017482.242450 14.050942 0.011753
1610017482.308450 14.051519 0.011742
1610017482.374450 14.051176 0.011722
1610017482.473450 14.049471 0.011698
1610017482.572450 14.048213 0.011666
1610017482.671450 14.044790 0.011633
1610017482.737451 14.043616 0.011615
1610017482.803451 14.039078 0.011594
1610017482.869451 14.039424 0.011588
1610017482.935451 14.038381 0.011565
1610017483.001451 14.037792 0.011548
1610017483.067451 14.039817 0.011536
1610017483.133451 14.041558 0.011525
1610017483.232452 14.041711 0.011516
1610017483.331452 14.041139 0.011506
1610017483.430452 14.039612 0.011497
1610017483.529453 14.036300 0.011496
1610017483.628453 14.036222 0.011487
1610017483.727453 14.036216 0.011487
1610017483.826453 14.038482 0.011485
1610017483.925453 14.039682 0.011475
1610017484.024454 14.040679 0.011468
1610017484.123454 14.039391 0.011465
1610017484.222454 14.039826 0.011459
1610017484.321454 14.041969 0.011456
1610017484.420455 14.040504 0.011447
1610017484.519455 14.039794 0.011443
1610017484.618455 14.040248 0.011438
1610017484.717455 14.040933 0.011426
1610017484.816456 14.040930 0.011422
1610017484.915456 14.041728 0.011414
1610017485.014456 14.042955 0.011410
1610017485.113456 14.040644 0.011402
1610017485.212456 14.040922 0.011399
1610017485.311457 14.040611 0.011398
1610017485.410457 14.040524 0.011399
1610017485.509457 14.040271 0.011401
1610017485.608458 14.040385 0.011398
1610017485.707458 14.040198 0.011400
1610017485.806458 14.039343 0.011396
1610017485.905458 14.039817 0.011399
1610017486.004458 14.039985 0.011398
1610017486.103459 14.039119 0.011383
1610017486.202459 14.039562 0.011387
1610017486.301459 14.038155 0.011381
1610017486.400460 14.036602 0.011378
1610017486.499460 14.036527 0.011375
1610017486.565460 14.037345 0.011370
1610017486.631460 14.036386 0.011368
1610017486.730460 14.035853 0.011360
1610017486.862461 14.037300 0.011356
1610017486.994461 14.037521 0.011344
1610017487.126461 14.040210 0.011331
1610017487.258461 14.042732 0.011313
1610017487.357462 14.048379 0.011290
1610017487.456462 14.050688 0.011285
1610017487.555462 14.046546 0.011263
1610017487.654463 14.042140 0.011256
1610017487.753463 14.041237 0.011240
1610017487.852463 14.038875 0.011221
1610017487.951463 14.041884 0.011206
1610017488.050463 14.042625 0.011181
1610017488.149464 14.039905 0.011162
1610017488.248464 14.038926 0.011139
1610017488.347464 14.041192 0.011117
1610017488.446464 14.041000 0.011084
1610017488.545465 14.040137 0.011052
1610017488.677465 14.039789 0.010995
1610017488.776465 14.039020 0.010949
1610017488.875465 14.039984 0.010894
1610017489.007466 14.045503 0.010804
1610017489.139466 14.057455 0.010712
1610017489.271466 14.060285 0.010618
1610017489.403466 14.064949 0.010513
1610017489.502467 14.066706 0.010429
1610017489.634467 14.075740 0.010320
1610017489.766467 14.088690 0.010216
1610017489.898468 14.101363 0.010131
1610017490.063468 14.108870 0.010028
1610017490.228468 14.109600 0.009957
1610017490.393469 14.117278 0.009866
1610017490.591470 14.119722 0.009799
1610017490.789470 14.123355 0.009724
1610017490.987470 14.132474 0.009648
1610017491.185471 14.140392 0.009566
1610017491.350471 14.145942 0.009481
1610017491.548472 14.154252 0.009409
1610017491.713472 14.149272 0.009316
1610017491.911473 14.157359 0.009234
1610017492.076473 14.163850 0.009163
1610017492.241473 14.158398 0.009089
1610017492.406474 14.161009 0.009021
1610017492.571474 14.162953 0.008950
1610017492.703475 14.163492 0.008890
1610017492.835475 14.164918 0.008812
1610017492.967475 14.166936 0.008757
1610017493.099476 14.167571 0.008676
1610017493.231476 14.169491 0.008629
1610017493.363476 14.172783 0.008591
1610017493.495476 14.171757 0.008544
1610017493.627477 14.171972 0.008485
1610017493.726477 14.171507 0.008435
1610017493.858478 14.169873 0.008370
1610017493.990478 14.169864 0.008341
1610017494.122478 14.169624 0.008296
1610017494.254478 14.168067 0.008256
1610017494.386479 14.167129 0.008202
1610017494.518479 14.165543 0.008154
1610017494.650479 14.162763 0.008113
1610017494.782480 14.161231 0.008063
1610017494.914480 14.161489 0.008042
1610017495.046480 14.160409 0.008009
1610017495.178481 14.157534 0.007971
1610017495.310481 14.155721 0.007950
1610017495.442482 14.153671 0.007915
1610017495.574482 14.154644 0.007880
1610017495.739482 14.153901 0.007857
1610017495.871482 14.153491 0.007840
1610017496.036483 14.152912 0.007802
1610017496.168483 14.151078 0.007787
1610017496.300483 14.150888 0.007769
1610017496.432484 14.150146 0.007749
1610017496.564484 14.150495 0.007734
1610017496.696484 14.149678 0.007717
1610017496.861485 14.149802 0.007694
1610017496.993485 14.148193 0.007682
1610017497.125486 14.147033 0.007667
1610017497.257486 14.146224 0.007657
1610017497.389486 14.145460 0.007636
1610017497.521486 14.145484 0.007634
1610017497.653487 14.145172 0.007618
1610017497.785487 14.144269 0.007602
1610017497.917487 14.143795 0.007586
1610017498.049488 14.143736 0.007591
1610017498.181488 14.144438 0.007587
1610017498.313488 14.143781 0.007579
1610017498.412489 14.143686 0.007572
1610017498.511489 14.143028 0.007568
1610017498.610489 14.142689 0.007548
1610017498.709489 14.142471 0.007556
1610017498.808490 14.145268 0.007554
1610017498.907490 14.145152 0.007550
1610017499.006490 14.143432 0.007531
1610017499.105490 14.142887 0.007535
1610017499.204490 14.141672 0.007537
1610017499.303491 14.141479 0.007535
1610017499.402491 14.141609 0.007532
1610017499.501491 14.141149 0.007529
1610017499.600492 14.141546 0.007521
1610017499.699492 14.140439 0.007519
1610017499.798492 14.140161 0.007518
1610017499.897492 14.140704 0.007513
1610017499.996493 14.139670 0.007505
1610017500.095493 14.140499 0.007511
1610017500.161493 14.138826 0.007483
1610017500.227493 14.139048 0.007503
1610017500.326493 14.139298 0.007498
1610017500.392493 14.139389 0.007501
1610017500.458494 14.138975 0.007501
1610017500.524494 14.138900 0.007500
1610017500.623494 14.139175 0.007498
1610017500.722494 14.139090 0.007495
1610017500.821495 14.138818 0.007494
1610017500.920495 14.138499 0.007494
1610017500.986495 14.139226 0.007477
1610017501.085495 14.138900 0.007468
1610017501.151495 14.139393 0.007479
1610017501.250495 14.140418 0.007483
1610017501.349496 14.140669 0.007476
1610017501.448496 14.140012 0.007487
1610017501.514496 14.139500 0.007481
1610017501.580496 14.138899 0.007481
1610017501.646497 14.139091 0.007482
1610017501.712497 14.138687 0.007484
1610017501.778497 14.138728 0.007481
1610017501.877497 14.138075 0.007482
1610017501.976497 14.137476 0.007477
1610017502.042498 14.137497 0.007477
1610017502.141498 14.137430 0.007478
1610017502.207498 14.136291 0.007478
1610017502.273498 14.135686 0.007475
1610017502.339498 14.136701 0.007470
1610017502.405498 14.137125 0.007462
1610017502.471498 14.136541 0.007471
1610017502.570499 14.135980 0.007473
1610017502.669499 14.135979 0.007467
1610017502.768499 14.136303 0.007471
1610017502.867500 14.136019 0.007457
1610017502.933500 14.135054 0.007468
1610017502.999500 14.135055 0.007471
1610017503.065500 14.134930 0.007462
1610017503.131500 14.134743 0.007473
1610017503.197500 14.133826 0.007465
1610017503.263500 14.133732 0.007465
1610017503.329501 14.133688 0.007467
1610017503.395501 14.133615 0.007465
1610017503.461501 14.133997 0.007454
1610017503.527501 14.133349 0.007468
1610017503.593501 14.132920 0.007466
1610017503.692502 14.132301 0.007457
1610017503.758502 14.132067 0.007462
1610017503.857502 14.129816 0.007458
1610017503.956502 14.128821 0.007462
1610017504.055502 14.128210 0.007461
1610017504.154503 14.127996 0.007454
1610017504.253503 14.128319 0.007458
1610017504.352503 14.128172 0.007453
1610017504.451503 14.127445 0.007460
1610017504.550504 14.127365 0.007456
1610017504.616504 14.126341 0.007459
1610017504.715504 14.125184 0.007454
1610017504.781504 14.124521 0.007452
1610017504.847504 14.124330 0.007457
1610017504.946504 14.123930 0.007455
1610017505.045505 14.122948 0.007455
1610017505.144505 14.120351 0.007450
1610017505.243505 14.121094 0.007454
1610017505.342505 14.121079 0.007448
1610017505.441506 14.121088 0.007446
1610017505.540506 14.120476 0.007445
1610017505.639506 14.119266 0.007416
1610017505.738507 14.118953 0.007444
1610017505.837507 14.118412 0.007448
1610017505.936507 14.118451 0.007440
1610017506.035507 14.116561 0.007448
1610017506.134507 14.116822 0.007438
1610017506.233508 14.114440 0.007432
1610017506.332508 14.115971 0.007442
1610017506.431508 14.116111 0.007442
1610017506.530509 14.116260 0.007440
1610017506.629508 14.115698 0.007437
1610017506.728509 14.114387 0.007440
1610017506.827509 14.113528 0.007428
1610017506.959510 14.112496 0.007436
1610017507.058510 14.112357 0.007426
1610017507.157510 14.112605 0.007436
1610017507.256510 14.112010 0.007434
1610017507.355510 14.111068 0.007435
1610017507.454511 14.110835 0.007436
1610017507.553511 14.109462 0.007434
1610017507.652511 14.109272 0.007434
1610017507.751512 14.110102 0.007430
1610017507.850512 14.110119 0.007433
1610017507.949512 14.110477 0.007432
1610017508.081512 14.110461 0.007431
1610017508.180512 14.110902 0.007430
1610017508.279513 14.112316 0.007425
1610017508.378513 14.113127 0.007430
1610017508.477514 14.113023 0.007414
1610017508.609514 14.114236 0.007426
1610017508.708514 14.113554 0.007425
1610017508.807514 14.114452 0.007419
1610017508.906514 14.113174 0.007424
1610017509.038515 14.113293 0.007426
1610017509.137515 14.112938 0.007414
1610017509.269515 14.113820 0.007425
1610017509.368515 14.114102 0.007425
1610017509.500516 14.115142 0.007417
1610017509.632516 14.116353 0.007423
1610017509.731516 14.117125 0.007417
1610017509.830517 14.117542 0.007419
1610017509.896517 14.117744 0.007418
1610017509.995517 14.117211 0.007418
1610017510.094517 14.117503 0.007421
1610017510.193518 14.118546 0.007417
1610017510.325518 14.120241 0.007407
1610017510.457518 14.121586 0.007404
1610017510.589519 14.122331 0.007401
1610017510.721519 14.122524 0.007414
1610017510.853519 14.122796 0.007414
1610017510.985519 14.123513 0.007417
1610017511.117520 14.125115 0.007409
1610017511.249520 14.126688 0.007412
1610017511.348521 14.128086 0.007406
1610017511.447520 14.129528 0.007392
1610017511.546521 14.130176 0.007411
1610017511.645521 14.131079 0.007405
1610017511.777521 14.132065 0.007399
1610017511.909522 14.130986 0.007405
1610017512.041522 14.131419 0.007411
1610017512.173522 14.132032 0.007409
1610017512.305523 14.132267 0.007409
1610017512.437523 14.131128 0.007407
1610017512.536523 14.132196 0.007402
1610017512.668524 14.133199 0.007406
1610017512.767524 14.133043 0.007404
1610017512.866524 14.133359 0.007406
1610017512.965524 14.133326 0.007405
1610017513.064525 14.133404 0.007406
1610017513.163525 14.134396 0.007407
1610017513.262525 14.134648 0.007405
1610017513.361525 14.135921 0.007405
1610017513.460526 14.135342 0.007401
1610017513.559526 14.135489 0.007399
1610017513.658526 14.136095 0.007400
1610017513.757526 14.136498 0.007403
1610017513.856527 14.135833 0.007398
1610017513.955527 14.136143 0.007400
1610017514.054527 14.136731 0.007398
1610017514.153527 14.137215 0.007394
1610017514.252527 14.137914 0.007392
1610017514.318527 14.136950 0.007361
1610017514.417528 14.136661 0.007399
1610017514.516528 14.136611 0.007398
1610017514.615528 14.137157 0.007395
1610017514.714529 14.137922 0.007399
1610017514.813529 14.137387 0.007397
1610017514.912529 14.137392 0.007398
1610017515.011529 14.137053 0.007365
1610017515.110529 14.137891 0.007384
1610017515.209530 14.137998 0.007392
1610017515.308530 14.137422 0.007395
1610017515.407530 14.138231 0.007398
1610017515.506531 14.138733 0.007390
1610017515.605531 14.138798 0.007397
1610017515.704531 14.139787 0.007396
1610017515.803531 14.141015 0.007387
1610017515.902532 14.140817 0.007397
1610017516.001532 14.140026 0.007397
1610017516.100532 14.139503 0.007395
1610017516.199532 14.140087 0.007379
1610017516.298532 14.139899 0.007393
1610017516.397533 14.140682 0.007382
1610017516.496533 14.140964 0.007393
1610017516.595533 14.140409 0.007393
1610017516.694533 14.140896 0.007393
1610017516.793533 14.142632 0.007386
1610017516.892534 14.142830 0.007389
1610017516.991534 14.143133 0.007393
1610017517.090534 14.143109 0.007390
1610017517.189534 14.142476 0.007391
1610017517.288535 14.142616 0.007393
1610017517.387535 14.142583 0.007389
1610017517.486535 14.142102 0.007387
1610017517.552535 14.142135 0.007376
1610017517.651536 14.142200 0.007386
1610017517.750536 14.142820 0.007391
1610017517.849536 14.143052 0.007378
1610017517.948536 14.143354 0.007390
1610017518.047537 14.143221 0.007389
1610017518.146537 14.143186 0.007389
1610017518.245537 14.144018 0.007376
1610017518.344537 14.145020 0.007388
1610017518.443538 14.145044 0.007381
1610017518.542538 14.145015 0.007384
1610017518.641538 14.145295 0.007389
1610017518.740538 14.145434 0.007386
1610017518.839538 14.145226 0.007383
1610017518.938539 14.146939 0.007389
1610017519.037539 14.147769 0.007381
1610017519.136539 14.147872 0.007385
1610017519.235539 14.148015 0.007386
1610017519.334540 14.148462 0.007385
1610017519.433540 14.149520 0.007381
1610017519.532540 14.150995 0.007384
1610017519.631541 14.150925 0.007384
1610017519.730541 14.152595 0.007378
1610017519.829541 14.153778 0.007381
1610017519.928541 14.153881 0.007380
1610017520.027541 14.155811 0.007374
1610017520.126542 14.158204 0.007360
1610017520.225542 14.161253 0.007361
1610017520.324542 14.163863 0.007372
1610017520.423542 14.165936 0.007370
1610017520.522542 14.167415 0.007368
1610017520.621543 14.172049 0.007341
1610017520.720543 14.173902 0.007363
1610017520.819543 14.176694 0.007365
1610017520.918544 14.179346 0.007368
1610017521.017544 14.182096 0.007363
1610017521.116544 14.183433 0.007363
1610017521.215544 14.186212 0.007349
1610017521.314545 14.189126 0.007348
1610017521.413545 14.192645 0.007355
1610017521.512545 14.195467 0.007359
1610017521.611545 14.200827 0.007337
1610017521.710546 14.204206 0.007360
1610017521.809546 14.207686 0.007326
1610017521.908546 14.211979 0.007342
1610017522.007546 14.213384 0.007359
1610017522.106546 14.216558 0.007358
1610017522.205547 14.220608 0.007351
1610017522.304547 14.223604 0.007359
1610017522.403547 14.226000 0.007359
1610017522.502548 14.229997 0.007350
1610017522.601548 14.233135 0.007343
1610017522.700548 14.236484 0.007312
1610017522.799548 14.239128 0.007340
1610017522.898548 14.242389 0.007326
1610017522.997549 14.245597 0.007342
1610017523.096549 14.247333 0.007352
1610017523.195549 14.248968 0.007340
1610017523.327549 14.251303 0.007336
1610017523.459550 14.253126 0.007325
1610017523.591550 14.254897 0.007313
1610017523.723551 14.253743 0.007345
1610017523.855551 14.254019 0.007331
1610017523.987551 14.253475 0.007337
1610017524.152552 14.254303 0.007325
1610017524.317552 14.255552 0.007315
1610017524.482552 14.254127 0.007319
1610017524.614552 14.253393 0.007311
1610017524.779553 14.253416 0.007314
1610017524.944553 14.253398 0.007316
1610017525.076554 14.253756 0.007312
1610017525.208554 14.254427 0.007297
1610017525.307554 14.254063 0.007315
1610017525.406555 14.254580 0.007316
1610017525.505555 14.253357 0.007332
1610017525.604555 14.253393 0.007326
1610017525.736556 14.251812 0.007330
1610017525.901556 14.250841 0.007317
1610017526.033556 14.250534 0.007312
1610017526.165556 14.248697 0.007310
1610017526.297557 14.247751 0.007300
1610017526.429557 14.247422 0.007301
1610017526.528557 14.246349 0.007323
1610017526.627558 14.245878 0.007323
1610017526.726558 14.245945 0.007297
1610017526.792558 14.245635 0.007321
1610017526.858558 14.245258 0.007321
1610017526.924558 14.244883 0.007322
1610017526.990558 14.244396 0.007305
1610017527.089559 14.243658 0.007321
1610017527.188559 14.242842 0.007320
1610017527.287559 14.242571 0.007306
1610017527.353559 14.242266 0.007320
1610017527.452560 14.242077 0.007310
1610017527.518560 14.241690 0.007314
1610017527.617560 14.241293 0.007313
1610017527.716560 14.240595 0.007315
1610017527.815560 14.240087 0.007306
1610017527.947561 14.239912 0.007310
1610017528.046561 14.239513 0.007313
1610017528.145561 14.239048 0.007313
1610017528.244562 14.239049 0.007311
1610017528.343562 14.238021 0.007310
1610017528.442562 14.237366 0.007302
1610017528.541562 14.237007 0.007307
1610017528.640563 14.236166 0.007300
1610017528.739563 14.235246 0.007308
1610017528.871563 14.235458 0.007307
1610017528.970563 14.234413 0.007300
1610017529.102564 14.233818 0.007306
1610017529.201564 14.232899 0.007302
1610017529.300564 14.233749 0.007305
1610017529.399565 14.234593 0.007305
1610017529.531565 14.233197 0.007303
1610017529.630565 14.232523 0.007298
1610017529.729565 14.232368 0.007292
1610017529.828566 14.231719 0.007296
1610017529.960566 14.230924 0.007304
1610017530.092566 14.231362 0.007304
1610017530.224566 14.231494 0.007303
1610017530.356567 14.231976 0.007285
1610017530.488567 14.231252 0.007284
1610017530.620568 14.231501 0.007292
1610017530.752568 14.232389 0.007299
1610017530.851568 14.231504 0.007301
1610017530.950568 14.232998 0.007301
1610017531.049568 14.233468 0.007299
1610017531.181569 14.233941 0.007293
1610017531.280569 14.234617 0.007294
1610017531.379569 14.235705 0.007298
1610017531.478570 14.235814 0.007299
1610017531.577570 14.234421 0.007267
1610017531.709570 14.234459 0.007296
1610017531.841571 14.234077 0.007281
1610017531.973571 14.233253 0.007288
1610017532.105571 14.233190 0.007245
1610017532.237571 14.233156 0.007258
1610017532.369572 14.232773 0.007269
1610017532.501572 14.230980 0.007257
1610017532.633572 14.230435 0.007202
1610017532.732573 14.229334 0.007267
1610017532.864573 14.229734 0.007252
1610017532.996573 14.230121 0.007287
1610017533.128574 14.228683 0.007273
1610017533.293574 14.229557 0.007268
1610017533.458574 14.228607 0.007278
1610017533.590575 14.227747 0.007289
1610017533.722575 14.228815 0.007257
1610017533.854575 14.229015 0.007248
1610017533.986576 14.229215 0.007283
1610017534.118576 14.229017 0.007267
1610017534.250576 14.225706 0.007258
1610017534.349577 14.226625 0.007281
1610017534.448577 14.227371 0.007278
1610017534.547577 14.227501 0.007291
1610017534.646577 14.228019 0.007289
1610017534.745578 14.227348 0.007286
1610017534.844578 14.227283 0.007293
1610017534.943578 14.228479 0.007274
1610017535.042578 14.228517 0.007292
1610017535.141578 14.228140 0.007289
1610017535.240579 14.228452 0.007284
1610017535.339579 14.229270 0.007290
1610017535.438579 14.230171 0.007283
1610017535.537580 14.231406 0.007290
1610017535.636580 14.233285 0.007289
1610017535.735580 14.234303 0.007267
1610017535.834580 14.235263 0.007288
1610017535.933581 14.236268 0.007290
1610017536.032581 14.237665 0.007288
1610017536.131581 14.237772 0.007283
1610017536.230581 14.238844 0.007290
1610017536.329581 14.239637 0.007273
1610017536.428582 14.240907 0.007290
1610017536.527582 14.242384 0.007287
1610017536.626582 14.244087 0.007286
1610017536.725582 14.245275 0.007281
1610017536.824583 14.247222 0.007282
1610017536.923583 14.249438 0.007281
1610017537.022583 14.251982 0.007259
1610017537.121583 14.253154 0.007281
1610017537.220584 14.254333 0.007282
1610017537.319584 14.255771 0.007256
1610017537.418584 14.257973 0.007243
1610017537.517584 14.258545 0.007271
1610017537.616585 14.260531 0.007275
1610017537.715585 14.262686 0.007271
1610017537.814585 14.263202 0.007281
1610017537.913585 14.264779 0.007266
1610017538.012585 14.265884 0.007274
1610017538.111586 14.266159 0.007265
1610017538.210586 14.267027 0.007254
1610017538.342586 14.268232 0.007276
1610017538.441587 14.268887 0.007261
1610017538.540587 14.268935 0.007274
1610017538.639587 14.269218 0.007251
1610017538.738587 14.269591 0.007272
1610017538.837587 14.270207 0.007260
1610017538.936588 14.270985 0.007238
1610017539.035588 14.270764 0.007271
1610017539.134588 14.271645 0.007244
1610017539.233588 14.271522 0.007266
1610017539.332589 14.271077 0.007256
1610017539.431589 14.271380 0.007270
1610017539.530589 14.271462 0.007249
1610017539.629590 14.270940 0.007266
1610017539.728590 14.269953 0.007265
1610017539.794590 14.270230 0.007230
1610017539.893590 14.270232 0.007262
1610017539.992590 14.269659 0.007265
1610017540.091591 14.269781 0.007253
1610017540.190591 14.269562 0.007265
1610017540.289591 14.268755 0.007223
1610017540.388591 14.268624 0.007236
1610017540.487592 14.268707 0.007253
1610017540.586592 14.269059 0.007212
1610017540.652592 14.268929 0.007256
1610017540.751592 14.269064 0.007240
1610017540.850593 14.268420 0.007201
1610017540.949593 14.267332 0.007257
1610017541.048593 14.266804 0.007249
1610017541.147593 14.267150 0.007230
1610017541.246593 14.266306 0.007249
1610017541.345594 14.265269 0.007242
1610017541.444594 14.264818 0.007257
1610017541.543594 14.264814 0.007221
1610017541.642595 14.264270 0.007208
1610017541.741595 14.263897 0.007251
1610017541.840595 14.263222 0.007245
1610017541.939595 14.263113 0.007252
1610017542.038595 14.262797 0.007240
1610017542.137596 14.262988 0.007242
1610017542.236596 14.263626 0.007244
1610017542.335596 14.263911 0.007247
1610017542.434596 14.263650 0.007239
1610017542.533597 14.262990 0.007248
1610017542.632597 14.262755 0.007225
1610017542.731597 14.261842 0.007250
1610017542.830597 14.260888 0.007251
1610017542.929598 14.260887 0.007250
1610017543.028598 14.260112 0.007249
1610017543.127598 14.259954 0.007241
1610017543.226599 14.259880 0.007243
1610017543.325598 14.259891 0.007240
1610017543.391599 14.259491 0.007243
1610017543.490599 14.259344 0.007242
1610017543.589599 14.258936 0.007241
1610017543.688600 14.258664 0.007241
1610017543.787600 14.258090 0.007194
1610017543.919600 14.257756 0.007240
1610017544.051600 14.257266 0.007238
1610017544.150601 14.256765 0.007237
1610017544.249601 14.255562 0.007211
1610017544.348601 14.255048 0.007244
1610017544.447601 14.254804 0.007244
1610017544.546602 14.255981 0.007216
1610017544.645602 14.255551 0.007245
1610017544.744602 14.254722 0.007222
1610017544.909603 14.255200 0.007246
1610017545.074603 14.255235 0.007225
1610017545.206603 14.255867 0.007234
1610017545.371603 14.256229 0.007242
1610017545.503604 14.256271 0.007244
1610017545.635604 14.256496 0.007243
1610017545.734605 14.257796 0.007052
1610017545.866605 14.257902 0.007226
1610017545.965605 14.258244 0.007223
1610017546.064605 14.257750 0.007227
1610017546.163605 14.257146 0.007228
1610017546.262606 14.257469 0.007239
1610017546.361606 14.257505 0.007241
1610017546.460606 14.257033 0.007238
1610017546.559607 14.257588 0.007240
1610017546.658607 14.257884 0.007239
1610017546.757607 14.258062 0.007209
1610017546.856607 14.258164 0.007226
1610017546.955607 14.258009 0.007226
1610017547.054608 14.258495 0.007236
1610017547.153608 14.257830 0.007232
1610017547.252608 14.256984 0.007228
1610017547.351608 14.257242 0.007235
1610017547.450609 14.257529 0.007217
1610017547.549609 14.257872 0.007236
1610017547.648609 14.258058 0.007235
1610017547.747609 14.258064 0.007223
1610017547.846610 14.257874 0.007220
1610017547.945610 14.258041 0.007224
1610017548.044610 14.258263 0.007230
1610017548.143610 14.258570 0.007237
1610017548.242610 14.259195 0.007220
1610017548.341611 14.259869 0.007221
1610017548.473611 14.260713 0.007235
1610017548.572611 14.260623 0.007221
1610017548.704612 14.260889 0.007228
1610017548.803612 14.261306 0.007231
1610017548.902612 14.261764 0.007221
1610017549.001612 14.261674 0.007236
1610017549.100613 14.261693 0.007232
1610017549.199613 14.262359 0.007235
1610017549.298613 14.263033 0.007226
1610017549.397613 14.263168 0.007234
1610017549.496614 14.263370 0.007229
1610017549.595614 14.264171 0.007228
1610017549.694614 14.264643 0.007229
1610017549.793614 14.265354 0.007228
1610017549.925615 14.266233 0.007232
1610017550.024615 14.267491 0.007231
1610017550.123615 14.268323 0.007219
1610017550.222615 14.269054 0.007224
1610017550.321616 14.270184 0.007217
1610017550.420616 14.271360 0.007224
1610017550.519616 14.272683 0.007231
1610017550.618616 14.274049 0.007233
1610017550.717617 14.275574 0.007232
1610017550.783617 14.276821 0.007219
1610017550.882617 14.278684 0.007231
1610017550.981617 14.280615 0.007232
1610017551.080617 14.282393 0.007226
1610017551.179618 14.283157 0.007232
1610017551.278618 14.283855 0.007230
1610017551.377618 14.285418 0.007233
1610017551.476619 14.286685 0.007216
1610017551.575619 14.287075 0.007232
1610017551.674619 14.287783 0.007230
1610017551.773619 14.288800 0.007233
1610017551.872620 14.289886 0.007225
1610017551.938620 14.290859 0.007232
1610017552.037620 14.292007 0.007209
1610017552.103620 14.293103 0.007212
1610017552.202620 14.294604 0.007225
1610017552.301620 14.296365 0.007213
1610017552.400621 14.296816 0.007157
1610017552.499621 14.296490 0.007215
1610017552.598621 14.296877 0.007211
1610017552.664621 14.295405 0.007145
1610017552.763622 14.294511 0.007228
1610017552.829622 14.294306 0.007166
1610017552.895622 14.294669 0.007177
1610017552.961622 14.295561 0.007230
1610017553.027622 14.294829 0.007227
1610017553.093622 14.295703 0.007200
1610017553.159623 14.295214 0.007230
1610017553.258623 14.295988 0.007224
1610017553.324623 14.295695 0.007227
1610017553.390623 14.295268 0.007165
1610017553.489623 14.296819 0.007206
1610017553.555624 14.297561 0.007227
1610017553.654624 14.296937 0.007215
1610017553.753624 14.297474 0.007178
1610017553.852624 14.299026 0.007200
1610017553.918624 14.299287 0.007227
1610017553.984625 14.300118 0.007228
1610017554.083625 14.301124 0.007231
1610017554.182625 14.301879 0.007231
1610017554.281625 14.302517 0.007211
1610017554.380626 14.302940 0.007226
1610017554.479626 14.304130 0.007193
1610017554.545626 14.304807 0.007220
1610017554.611626 14.305121 0.007232
1610017554.677626 14.304705 0.007197
1610017554.776626 14.304891 0.007219
1610017554.875627 14.304996 0.007193
1610017554.974627 14.306439 0.007214
1610017555.040627 14.307188 0.007226
1610017555.139627 14.307741 0.007226
1610017555.205628 14.309129 0.007230
1610017555.304628 14.310243 0.007214
1610017555.403628 14.310727 0.007211
1610017555.502628 14.312395 0.007232
1610017555.601629 14.313856 0.007232
1610017555.667629 14.315581 0.007219
1610017555.766629 14.317551 0.007228
1610017555.832629 14.319214 0.007195
1610017555.898629 14.319642 0.007230
1610017555.964629 14.318125 0.007174
1610017556.030630 14.320001 0.007223
1610017556.129630 14.321402 0.007225
1610017556.228630 14.320305 0.007230
1610017556.327630 14.321547 0.007224
1610017556.426631 14.322624 0.007230
1610017556.525631 14.323730 0.007224
1610017556.624631 14.318496 0.007140
1610017556.690631 14.318423 0.007219
1610017556.789632 14.318640 0.007225
1610017556.888632 14.319682 0.007233
1610017556.987632 14.321327 0.007212
1610017557.086632 14.321144 0.007217
1610017557.185632 14.321640 0.007232
1610017557.251633 14.317581 0.007139
1610017557.350633 14.318410 0.007231
1610017557.449633 14.320198 0.007216
1610017557.548633 14.320244 0.007207
1610017557.647634 14.321055 0.007224
1610017557.746634 14.317424 0.007169
1610017557.812634 14.315126 0.007192
1610017557.911634 14.314751 0.007230
1610017558.010634 14.315322 0.007228
1610017558.076635 14.316602 0.007203
1610017558.175635 14.314779 0.007217
1610017558.274635 14.314551 0.007221
1610017558.373636 14.314995 0.007230
1610017558.472636 14.315153 0.007226
1610017558.571636 14.315330 0.007221
1610017558.670636 14.315535 0.007222
1610017558.769636 14.315404 0.007222
1610017558.868637 14.315414 0.007222
1610017558.967637 14.316083 0.007174
1610017559.066637 14.317709 0.007206
1610017559.165637 14.318139 0.007226
1610017559.264638 14.315124 0.007165
1610017559.363638 14.315049 0.007223
1610017559.462638 14.314873 0.007218
1610017559.561638 14.315995 0.007212
1610017559.693639 14.316491 0.007131
1610017559.792639 14.317971 0.007227
1610017559.891639 14.317106 0.007186
1610017559.990639 14.316911 0.007218
1610017560.122640 14.316909 0.007213
1610017560.254640 14.316435 0.007200
1610017560.386640 14.317051 0.007213
1610017560.485641 14.318185 0.007198
1610017560.584641 14.318802 0.007220
1610017560.683641 14.319360 0.007215
1610017560.782641 14.320738 0.007221
1610017560.881642 14.320444 0.007204
1610017561.013642 14.323244 0.007205
1610017561.112642 14.322324 0.007113
1610017561.244642 14.324038 0.007224
1610017561.409643 14.325349 0.007222
1610017561.574643 14.327728 0.007216
1610017561.739644 14.330255 0.007220
1610017561.904644 14.331103 0.007206
1610017562.069644 14.332123 0.007217
1610017562.267645 14.334908 0.007221
1610017562.465646 14.335841 0.007200
1610017562.663646 14.337342 0.007208
1610017562.861647 14.339051 0.007215
1610017563.125647 14.342041 0.007193
1610017563.356648 14.343941 0.007197
1610017563.587648 14.345525 0.007192
1610017563.785649 14.346558 0.007182
1610017563.950649 14.347519 0.007173
1610017564.115649 14.348519 0.007175
1610017564.247650 14.349448 0.007064
1610017564.379650 14.350059 0.007084
1610017564.511651 14.351794 0.007112
1610017564.643651 14.351680 0.007184
1610017564.775651 14.353143 0.007101
1610017564.907652 14.353272 0.007125
1610017565.039652 14.353172 0.007202
1610017565.171652 14.351623 0.007216
1610017565.303652 14.350644 0.007214
1610017565.435653 14.351905 0.007163
1610017565.567653 14.353022 0.007135
1610017565.699653 14.354581 0.007204
1610017565.831654 14.353847 0.007214
1610017565.963654 14.352939 0.007199
1610017566.095654 14.353255 0.007207
1610017566.260655 14.354222 0.007187
1610017566.425655 14.355085 0.007213
1610017566.590656 14.356180 0.007207
1610017566.788656 14.357301 0.007214
1610017566.953657 14.358264 0.007214
1610017567.118657 14.358800 0.007201
1610017567.283657 14.356934 0.007055
1610017567.448658 14.357303 0.007210
1610017567.613658 14.358192 0.007194
1610017567.745658 14.356211 0.007083
1610017567.910659 14.356465 0.007215
1610017568.042659 14.357069 0.007161
1610017568.174659 14.355212 0.007132
1610017568.306660 14.353192 0.007107
1610017568.438660 14.353538 0.007201
1610017568.570660 14.354005 0.007143
1610017568.702661 14.352656 0.007045
1610017568.834661 14.350789 0.007139
1610017568.966661 14.350873 0.007183
1610017569.098662 14.351064 0.007058
1610017569.230662 14.350885 0.007151
1610017569.362662 14.350584 0.007183
1610017569.494662 14.350722 0.007145
1610017569.593663 14.350633 0.007140
1610017569.692663 14.350563 0.007178
1610017569.791663 14.350601 0.007153
1610017569.923664 14.350576 0.007175
1610017570.055664 14.350912 0.007152
1610017570.187664 14.351386 0.007179
1610017570.319665 14.351717 0.007181
1610017570.418665 14.352318 0.007176
1610017570.550665 14.352260 0.007195
1610017570.649665 14.351022 0.007194
1610017570.748666 14.350682 0.007186
1610017570.847666 14.350857 0.007143
1610017570.946666 14.350406 0.007094
1610017571.045666 14.350074 0.007134
1610017571.144667 14.350414 0.007161
1610017571.243667 14.350520 0.007147
1610017571.342667 14.350366 0.007189
1610017571.441667 14.350199 0.007183
1610017571.540668 14.350417 0.007192
1610017571.639668 14.350262 0.007104
1610017571.738668 14.349916 0.007199
1610017571.837668 14.349482 0.007168
1610017571.936669 14.348869 0.007199
1610017572.035669 14.348532 0.007168
1610017572.134669 14.348310 0.007132
1610017572.233669 14.348496 0.007173
1610017572.332670 14.348483 0.007188
1610017572.431670 14.348172 0.007181
1610017572.530670 14.348012 0.007204
1610017572.629670 14.348097 0.007206
1610017572.728670 14.347483 0.007168
1610017572.827671 14.347405 0.007173
1610017572.926671 14.347145 0.007191
1610017573.025671 14.346951 0.007175
1610017573.124671 14.347197 0.007188
1610017573.223672 14.347340 0.007168
1610017573.322672 14.347048 0.007181
1610017573.421672 14.347199 0.007173
1610017573.520673 14.347176 0.007167
1610017573.619673 14.347265 0.007200
1610017573.718673 14.347442 0.007176
1610017573.817673 14.347610 0.007133
1610017573.916673 14.347619 0.007200
1610017574.015674 14.347586 0.007207
1610017574.114674 14.347955 0.007202
1610017574.213674 14.347924 0.007202
1610017574.279674 14.347791 0.007192
1610017574.345675 14.347444 0.007204
1610017574.411675 14.347524 0.007206
1610017574.477675 14.347728 0.007202
1610017574.576675 14.347755 0.007197
1610017574.675675 14.347880 0.007206
1610017574.774675 14.348125 0.007204
1610017574.873676 14.348004 0.007203
1610017574.939676 14.348099 0.007185
1610017575.038676 14.348561 0.007156
1610017575.137676 14.348340 0.007182
1610017575.236677 14.348298 0.007201
1610017575.335677 14.347817 0.007189
1610017575.434677 14.347581 0.007197
1610017575.500677 14.347663 0.007187
1610017575.599678 14.347498 0.007181
1610017575.665678 14.347416 0.007193
1610017575.764678 14.347614 0.007190
1610017575.863678 14.347821 0.007197
1610017575.962678 14.348364 0.007189
1610017576.028679 14.348024 0.007203
1610017576.127679 14.348419 0.007194
1610017576.226679 14.348417 0.007197
1610017576.325679 14.348579 0.007180
1610017576.424680 14.349729 0.007197
1610017576.523680 14.349918 0.007195
1610017576.622680 14.348517 0.007189
1610017576.721680 14.348420 0.007205
1610017576.853681 14.348963 0.007190
1610017576.952681 14.348653 0.007146
1610017577.051681 14.348766 0.007205
1610017577.150681 14.349213 0.007143
1610017577.249682 14.348856 0.007177
1610017577.348682 14.348707 0.007201
1610017577.447682 14.348327 0.007194
1610017577.546682 14.348655 0.007194
1610017577.645683 14.348652 0.007184
1610017577.711683 14.348628 0.007200
1610017577.777683 14.348722 0.007192
1610017577.843683 14.348785 0.007193
1610017577.909683 14.349174 0.007191
1610017577.975683 14.348969 0.007190
1610017578.041683 14.348977 0.007202
1610017578.107684 14.348923 0.007195
1610017578.173684 14.348716 0.007201
1610017578.239684 14.348582 0.007201
1610017578.305684 14.348118 0.007171
1610017578.371684 14.347677 0.007154
1610017578.437685 14.347980 0.007191
1610017578.536685 14.347750 0.007183
1610017578.635685 14.347839 0.007173
1610017578.734685 14.347489 0.007191
1610017578.800685 14.347921 0.007185
1610017578.899686 14.347620 0.007157
1610017578.998686 14.347141 0.007162
1610017579.097686 14.347299 0.007199
1610017579.196686 14.347509 0.007203
1610017579.295687 14.347084 0.007168
1610017579.394687 14.346690 0.007199
1610017579.493687 14.346756 0.007153
1610017579.592687 14.346663 0.007195
1610017579.691688 14.346206 0.007198
1610017579.790688 14.346934 0.007173
1610017579.889688 14.347297 0.007127
1610017579.988688 14.346725 0.007096
1610017580.087689 14.347044 0.007199
1610017580.186689 14.347250 0.007202
1610017580.285689 14.347376 0.007186
1610017580.384689 14.347354 0.007196
1610017580.483690 14.347311 0.007160
1610017580.582690 14.347193 0.007196
1610017580.681690 14.347195 0.007180
1610017580.780690 14.347342 0.007187
1610017580.879690 14.347111 0.007196
1610017580.978691 14.346821 0.007182
1610017581.077691 14.346849 0.007203
1610017581.176691 14.349085 0.007167
1610017581.242691 14.348752 0.007120
1610017581.308692 14.348081 0.007199
1610017581.374691 14.348150 0.007183
1610017581.440692 14.348372 0.007201
1610017581.506692 14.348429 0.007121
1610017581.605692 14.348170 0.007180
1610017581.704692 14.348016 0.007155
1610017581.803693 14.347875 0.007187
1610017581.902693 14.347946 0.007203
1610017582.001693 14.348320 0.007171
1610017582.100693 14.348255 0.007177
1610017582.232694 14.348859 0.007152
1610017582.331694 14.348705 0.007194
1610017582.430694 14.349461 0.007194
1610017582.562695 14.350236 0.007158
1610017582.694695 14.350438 0.007159
1610017582.826695 14.350927 0.007195
1610017582.958696 14.352819 0.007172
1610017583.090696 14.352831 0.007038
1610017583.222696 14.353693 0.007188
1610017583.354697 14.353684 0.007190
1610017583.486697 14.353343 0.007195
1610017583.618697 14.353803 0.007101
1610017583.717698 14.353971 0.007105
1610017583.849698 14.356363 0.007054
1610017583.981698 14.357954 0.007142
1610017584.113698 14.357673 0.007081
1610017584.245699 14.358137 0.007188
1610017584.344699 14.358643 0.007159
1610017584.443699 14.360539 0.007170
1610017584.542700 14.361630 0.007202
1610017584.641700 14.360698 0.007162
1610017584.740700 14.361080 0.007136
1610017584.839700 14.360992 0.007150
1610017584.938700 14.362528 0.006998
1610017585.037701 14.363485 0.007197
1610017585.136701 14.364049 0.007190
1610017585.235701 14.364586 0.007187
1610017585.334701 14.365011 0.007135
1610017585.433702 14.365015 0.007184
1610017585.532702 14.365066 0.007188
1610017585.631702 14.365799 0.007183
1610017585.730702 14.365864 0.007184
1610017585.829703 14.365718 0.007190
1610017585.928703 14.365842 0.007156
1610017586.027703 14.366547 0.007187
1610017586.126703 14.366465 0.007183
1610017586.225704 14.365189 0.007111
1610017586.324704 14.365681 0.007191
1610017586.456704 14.366421 0.007173
1610017586.588705 14.366598 0.007162
1610017586.720705 14.366787 0.007186
1610017586.852705 14.367382 0.007176
1610017586.984705 14.367487 0.007187
1610017587.116706 14.367459 0.007200
1610017587.215706 14.367728 0.007198
1610017587.314706 14.367950 0.007191
1610017587.413707 14.368533 0.007161
1610017587.512707 14.368491 0.007192
1610017587.611707 14.368560 0.007176
1610017587.710707 14.368145 0.007050
1610017587.809707 14.368223 0.007195
1610017587.908708 14.368031 0.007180
1610017588.007708 14.368124 0.007163
1610017588.106708 14.367882 0.007181
1610017588.205709 14.367771 0.007180
1610017588.304709 14.367741 0.007175
1610017588.403709 14.366894 0.007180
1610017588.502709 14.366587 0.007143
1610017588.601710 14.366657 0.007157
1610017588.700710 14.366207 0.007152
1610017588.799710 14.365948 0.007188
1610017588.898710 14.365692 0.007194
1610017588.997710 14.365622 0.007176
1610017589.096711 14.365250 0.007187
1610017589.195711 14.365098 0.007192
1610017589.294711 14.364914 0.007177
1610017589.393711 14.364567 0.007180
1610017589.492712 14.364479 0.007036
1610017589.591712 14.364628 0.007069
1610017589.690712 14.364074 0.007178
1610017589.789712 14.364228 0.007186
1610017589.888713 14.364453 0.007173
1610017589.987713 14.364469 0.007188
1610017590.086713 14.364506 0.007187
1610017590.185713 14.364423 0.007176
1610017590.284714 14.364411 0.007176
1610017590.383714 14.364298 0.007189
1610017590.482714 14.364230 0.007187
1610017590.581714 14.364221 0.007187
1610017590.680715 14.364181 0.007180
1610017590.779715 14.364176 0.007174
1610017590.878715 14.363932 0.007185
1610017590.977715 14.363719 0.007177
1610017591.043715 14.364153 0.007164
1610017591.109716 14.364463 0.007185
1610017591.208716 14.364318 0.007135
1610017591.307716 14.364016 0.007136
1610017591.406716 14.364109 0.007169
1610017591.505717 14.363935 0.007123
1610017591.604717 14.363834 0.007132
1610017591.703717 14.363887 0.007174
1610017591.802717 14.363810 0.007180
1610017591.901717 14.363488 0.007162
1610017592.000718 14.363672 0.007181
1610017592.099718 14.363819 0.007154
1610017592.165718 14.363884 0.007175
1610017592.231718 14.363844 0.007029
1610017592.297719 14.364086 0.007127
1610017592.363719 14.364108 0.007164
1610017592.462719 14.364058 0.007173
1610017592.528719 14.364102 0.007001
1610017592.594719 14.364236 0.007174
1610017592.660719 14.364243 0.007095
1610017592.726719 14.364467 0.007181
1610017592.792720 14.364502 0.007119
1610017592.858720 14.364594 0.007096
1610017592.924720 14.364630 0.007180
1610017592.990720 14.364628 0.007173
1610017593.056720 14.364671 0.007088
1610017593.122720 14.364611 0.007126
1610017593.188721 14.364881 0.007062
1610017593.254721 14.364816 0.007018
1610017593.320721 14.364797 0.007170
1610017593.386721 14.364720 0.007178
1610017593.452721 14.364962 0.007156
1610017593.518722 14.365077 0.007160
1610017593.617722 14.365115 0.007159
1610017593.716722 14.365320 0.007175
1610017593.848722 14.365213 0.007150
1610017593.980723 14.365506 0.007173
1610017594.112723 14.365854 0.006995
1610017594.244723 14.365930 0.007145
1610017594.376724 14.366091 0.007127
1610017594.508724 14.367068 0.007048
1610017594.640724 14.367628 0.007142
1610017594.772725 14.368055 0.007096
1610017594.904725 14.368485 0.007168
1610017595.036725 14.368980 0.007178
1610017595.168725 14.369734 0.007074
1610017595.300726 14.370386 0.007154
1610017595.465726 14.371316 0.007177
1610017595.597727 14.371786 0.007170
1610017595.729727 14.372118 0.007168
1610017595.861727 14.372824 0.007159
1610017595.993728 14.373508 0.007177
1610017596.125728 14.374470 0.007167
1610017596.290728 14.375885 0.007156
1610017596.422729 14.377355 0.007129
1610017596.554729 14.378436 0.007175
1610017596.653729 14.378707 0.006681
1610017596.785730 14.380846 0.007105
1610017596.884730 14.381638 0.007167
1610017596.983730 14.381743 0.006915
1610017597.082730 14.383143 0.007112
1610017597.181731 14.383455 0.006915
1610017597.280731 14.383298 0.007081
1610017597.379731 14.383304 0.007139
1610017597.478731 14.383710 0.007171
1610017597.577732 14.382625 0.007169
1610017597.676732 14.383684 0.007162
1610017597.775732 14.383747 0.007111
1610017597.874732 14.383286 0.007171
1610017597.973733 14.383691 0.007170
1610017598.072733 14.383912 0.007178
1610017598.171733 14.383744 0.007154
1610017598.270733 14.383339 0.007108
1610017598.402734 14.382866 0.007155
1610017598.534734 14.382332 0.007025
1610017598.633734 14.382852 0.007146
1610017598.765734 14.382149 0.007158
1610017598.864735 14.381522 0.007174
1610017598.963735 14.381644 0.007172
1610017599.062735 14.381008 0.007130
1610017599.161735 14.381077 0.007141
1610017599.260736 14.381093 0.007169
1610017599.359735 14.381208 0.007176
1610017599.425736 14.381331 0.007172
1610017599.524736 14.381570 0.007166
1610017599.623736 14.381823 0.007138
1610017599.689736 14.381610 0.007163
1610017599.755737 14.381193 0.007157
1610017599.821737 14.381294 0.007157
1610017599.887737 14.380814 0.007164
1610017599.953737 14.380603 0.007176
1610017600.019737 14.380772 0.007154
1610017600.085737 14.379864 0.007143
1610017600.151738 14.380187 0.007171
1610017600.217738 14.379839 0.007163
1610017600.283738 14.380012 0.007159
1610017600.349738 14.379806 0.007163
1610017600.415738 14.380062 0.007171
1610017600.514738 14.379894 0.007109
1610017600.613739 14.379961 0.007142
1610017600.712739 14.380172 0.007171
1610017600.811739 14.379623 0.007141
1610017600.910739 14.379947 0.007109
1610017601.009740 14.379152 0.007116
1610017601.075740 14.378963 0.007121
1610017601.174740 14.379272 0.007150
1610017601.240740 14.378716 0.007159
1610017601.339741 14.378657 0.007151
1610017601.438741 14.377977 0.007164
1610017601.537741 14.377736 0.007164
1610017601.603741 14.377555 0.007129
1610017601.669741 14.377374 0.007163
1610017601.735741 14.377059 0.007141
1610017601.801742 14.376838 0.007154
1610017601.900742 14.376669 0.007155
1610017601.999742 14.376506 0.007160
1610017602.098742 14.376235 0.007138
1610017602.197743 14.376030 0.007126
1610017602.296743 14.376232 0.007136
1610017602.362743 14.375570 0.007148
1610017602.428743 14.375203 0.007150
1610017602.494743 14.375449 0.007091
1610017602.593744 14.374978 0.007157
1610017602.692744 14.374693 0.007158
1610017602.791744 14.374165 0.007144
1610017602.890744 14.374273 0.007138
1610017602.989745 14.373838 0.007138
1610017603.088745 14.374051 0.007138
1610017603.154745 14.373557 0.007154
1610017603.220745 14.373333 0.007104
1610017603.286745 14.373058 0.007102
1610017603.352746 14.372759 0.007128
1610017603.418746 14.372876 0.007130
1610017603.484746 14.372888 0.007148
1610017603.550746 14.372808 0.007137
1610017603.616746 14.372824 0.007135
1610017603.682746 14.372512 0.007135
1610017603.748746 14.372581 0.007139
1610017603.814747 14.372698 0.007146
1610017603.880747 14.372661 0.007145
1610017603.946747 14.372606 0.007135
1610017604.012747 14.372663 0.007132
1610017604.078747 14.372701 0.007137
1610017604.144747 14.372942 0.007132
1610017604.210748 14.372953 0.007143
1610017604.309748 14.372976 0.007137
1610017604.408748 14.372895 0.007137
1610017604.507748 14.372694 0.007096
1610017604.606749 14.372777 0.007136
1610017604.672749 14.372597 0.007136
1610017604.738749 14.372776 0.007139
1610017604.804749 14.372990 0.007121
1610017604.903749 14.372932 0.007135
1610017605.002749 14.372725 0.007118
1610017605.101750 14.372452 0.007122
1610017605.200750 14.372609 0.007133
1610017605.266750 14.372610 0.007113
1610017605.332750 14.373136 0.007117
1610017605.398751 14.372369 0.007116
1610017605.464751 14.372370 0.007056
1610017605.530751 14.372060 0.007105
1610017605.596751 14.372261 0.007133
1610017605.662751 14.372214 0.007074
1610017605.728751 14.371906 0.007131
1610017605.827751 14.371012 0.007125
1610017605.893752 14.371360 0.007118
1610017605.992752 14.371241 0.007078
1610017606.058752 14.371146 0.007098
1610017606.157752 14.371201 0.007065
1610017606.223752 14.371420 0.007118
1610017606.322753 14.371230 0.007130
1610017606.421753 14.371200 0.007119
1610017606.520753 14.370711 0.007114
1610017606.586753 14.370874 0.007128
1610017606.652754 14.370864 0.007124
1610017606.718754 14.370403 0.007089
1610017606.784754 14.370450 0.007118
1610017606.850754 14.370374 0.007130
1610017606.916754 14.370272 0.007116
1610017606.982754 14.370137 0.007127
1610017607.048754 14.370210 0.007126
1610017607.114755 14.369813 0.007064
1610017607.180755 14.369702 0.007055
1610017607.246755 14.369820 0.007127
1610017607.312755 14.369629 0.007080
1610017607.378755 14.369354 0.007130
1610017607.444756 14.369956 0.007122
1610017607.510756 14.369917 0.007129
1610017607.576756 14.369656 0.007128
1610017607.642756 14.369484 0.007130
1610017607.708756 14.369736 0.007131
1610017607.774756 14.369883 0.007129
1610017607.840756 14.369486 0.007106
1610017607.906757 14.369596 0.007127
1610017607.972757 14.369411 0.007078
1610017608.038757 14.369485 0.007100
1610017608.104757 14.369573 0.007129
1610017608.170757 14.369498 0.007121
1610017608.236758 14.369329 0.007124
1610017608.302758 14.369240 0.007115
1610017608.368758 14.369118 0.007126
1610017608.434758 14.368999 0.007129
1610017608.500758 14.368980 0.007125
1610017608.566758 14.368839 0.007124
1610017608.632758 14.368672 0.007124
1610017608.698759 14.368860 0.007071
1610017608.764759 14.368776 0.007109
1610017608.863759 14.368595 0.007128
1610017608.962759 14.368552 0.007114
1610017609.061759 14.368520 0.007124
1610017609.160760 14.368622 0.007126
1610017609.259760 14.368549 0.007094
1610017609.358760 14.368239 0.007070
1610017609.424760 14.368080 0.007118
1610017609.523761 14.368200 0.007108
1610017609.622761 14.368323 0.007125
1610017609.721761 14.368104 0.007117
1610017609.787761 14.368252 0.007118
1610017609.853761 14.368055 0.007126
1610017609.952762 14.367885 0.007115
1610017610.051762 14.367442 0.007099
1610017610.150762 14.367576 0.007106
1610017610.249762 14.367486 0.007105
1610017610.315763 14.367778 0.007073
1610017610.381763 14.368202 0.007103
1610017610.447763 14.367950 0.007103
1610017610.513763 14.367316 0.007118
1610017610.612763 14.367653 0.007114
1610017610.678764 14.367941 0.007116
1610017610.744764 14.367266 0.007066
1610017610.843764 14.368076 0.007123
1610017610.909764 14.367548 0.007102
1610017610.975764 14.367495 0.007113
1610017611.074764 14.367299 0.007126
1610017611.140764 14.367491 0.007124
1610017611.239765 14.367377 0.007117
1610017611.338765 14.367226 0.007037
1610017611.437765 14.367558 0.007121
1610017611.536765 14.366991 0.007116
1610017611.635766 14.366870 0.007121
1610017611.734766 14.366740 0.007116
1610017611.833766 14.366650 0.007117
1610017611.932766 14.366375 0.007124
1610017612.031767 14.365883 0.007105
1610017612.130767 14.366102 0.007106
1610017612.229767 14.366221 0.007109
1610017612.328768 14.366219 0.007122
1610017612.427768 14.366121 0.007119
1610017612.493768 14.366141 0.007123
1610017612.559768 14.366099 0.007111
1610017612.625768 14.365944 0.007117
1610017612.691768 14.365659 0.007125
1610017612.757768 14.365778 0.007107
1610017612.823769 14.365969 0.007122
1610017612.889769 14.365905 0.007124
1610017612.955769 14.365701 0.007105
1610017613.021769 14.365956 0.007078
1610017613.087769 14.365921 0.007116
1610017613.153769 14.365926 0.007091
1610017613.219770 14.365830 0.007121
1610017613.285770 14.365848 0.007122
1610017613.351770 14.365847 0.007121
1610017613.417770 14.365671 0.007070
1610017613.483770 14.365814 0.007125
1610017613.549771 14.366151 0.007113
1610017613.615771 14.365342 0.007125
1610017613.681771 14.365307 0.007124
1610017613.747771 14.365136 0.007120
1610017613.813771 14.365333 0.007125
1610017613.879771 14.364846 0.007125
1610017613.945771 14.365091 0.007119
1610017614.011772 14.365039 0.007123
1610017614.077772 14.365105 0.007107
1610017614.143772 14.365172 0.007125
1610017614.209772 14.365446 0.007123
1610017614.275772 14.364643 0.007110
1610017614.341772 14.364618 0.007123
1610017614.407773 14.363860 0.007108
1610017614.473773 14.364265 0.007116
1610017614.539773 14.364272 0.007117
1610017614.605773 14.364896 0.007121
1610017614.671773 14.364352 0.007119
1610017614.737773 14.364239 0.007122
1610017614.803773 14.364081 0.007118
1610017614.869774 14.363938 0.007020
1610017614.935774 14.364266 0.007122
1610017615.001774 14.364033 0.007121
1610017615.067774 14.363682 0.007122
1610017615.133774 14.363656 0.007119
1610017615.199775 14.363167 0.007106
1610017615.265774 14.363202 0.007103
1610017615.331775 14.363639 0.007122
1610017615.397775 14.363347 0.007113
1610017615.463775 14.362718 0.007116
1610017615.529775 14.361951 0.007055
1610017615.595776 14.362108 0.007115
1610017615.694776 14.362573 0.007109
1610017615.760776 14.362058 0.007112
1610017615.826776 14.361858 0.007098
1610017615.892776 14.361975 0.007115
1610017615.958776 14.361813 0.007118
1610017616.024776 14.361287 0.007120
1610017616.123777 14.361574 0.007121
1610017616.222777 14.361534 0.007101
1610017616.321777 14.360804 0.007119
1610017616.420778 14.361109 0.007122
1610017616.519778 14.360855 0.007113
1610017616.618778 14.360731 0.007120
1610017616.717778 14.361500 0.007119
1610017616.816778 14.361172 0.007118
1610017616.882779 14.360843 0.007119
1610017616.948779 14.360557 0.007115
1610017617.014779 14.360555 0.007106
1610017617.080779 14.362123 0.007105
1610017617.146779 14.361318 0.007111
1610017617.212780 14.361026 0.007119
1610017617.311779 14.360991 0.007116
1610017617.410780 14.360688 0.007121
1610017617.476780 14.360797 0.007121
1610017617.542780 14.360039 0.007120
1610017617.608780 14.360085 0.007119
1610017617.674781 14.360824 0.007094
1610017617.740781 14.360712 0.007115
1610017617.839781 14.360744 0.007075
1610017617.905781 14.360740 0.007103
1610017617.971781 14.360812 0.007119
1610017618.037781 14.360489 0.007105
1610017618.103782 14.360922 0.007117
1610017618.202782 14.360716 0.007114
1610017618.301782 14.360630 0.007111
1610017618.400782 14.360610 0.007119
1610017618.499783 14.360352 0.007115
1610017618.598783 14.359876 0.007120
1610017618.664783 14.359839 0.007120
1610017618.730783 14.359803 0.007108
1610017618.796783 14.359302 0.007119
1610017618.862783 14.359335 0.007094
1610017618.928784 14.359402 0.007112
1610017618.994784 14.359868 0.007122
1610017619.060784 14.360550 0.007096
1610017619.126784 14.360293 0.007120
1610017619.192784 14.359901 0.007108
1610017619.258785 14.360478 0.007085
1610017619.324785 14.360294 0.007106
1610017619.390785 14.360751 0.007104
1610017619.456785 14.360427 0.007110
1610017619.522785 14.360841 0.007121
1610017619.588785 14.360615 0.007116
1610017619.654786 14.360783 0.007116
1610017619.720786 14.360829 0.007119
1610017619.786786 14.360543 0.007118
1610017619.852786 14.360197 0.007069
1610017619.951786 14.359642 0.007109
1610017620.017786 14.360071 0.007116
1610017620.116787 14.360103 0.007122
1610017620.182787 14.360814 0.007117
1610017620.248787 14.360303 0.007121
1610017620.314787 14.360012 0.007122
1610017620.380787 14.361019 0.007118
1610017620.446787 14.360846 0.007116
1610017620.512788 14.361133 0.007109
1610017620.578788 14.360890 0.007078
1610017620.644788 14.360636 0.007110
1610017620.743788 14.360989 0.007119
1610017620.842788 14.361038 0.007098
1610017620.908788 14.361175 0.007115
1610017620.974789 14.361365 0.007110
1610017621.040789 14.361344 0.007093
1610017621.106789 14.361305 0.007104
1610017621.172789 14.361235 0.007111
1610017621.238789 14.361384 0.007116
1610017621.304790 14.361108 0.007078
1610017621.370790 14.360594 0.007117
1610017621.436790 14.361333 0.007091
1610017621.502790 14.361346 0.007096
1610017621.568790 14.361370 0.007117
1610017621.634790 14.361468 0.007113
1610017621.700791 14.361275 0.007108
1610017621.766791 14.361290 0.007112
1610017621.832791 14.361271 0.007117
1610017621.898791 14.361061 0.007113
1610017621.964791 14.361027 0.007092
1610017622.030792 14.360939 0.007108
1610017622.096792 14.360642 0.007120
1610017622.162792 14.360737 0.007119
1610017622.261792 14.360890 0.007115
1610017622.327792 14.360822 0.007108
1610017622.393792 14.360887 0.007088
1610017622.492793 14.360598 0.007120
1610017622.558793 14.360521 0.007119
1610017622.624793 14.360444 0.007108
1610017622.723793 14.360552 0.007108
1610017622.822793 14.360276 0.007121
1610017622.921793 14.360427 0.007087
1610017623.020794 14.360220 0.007104
1610017623.119794 14.360215 0.007104
1610017623.218794 14.360052 0.007084
1610017623.284794 14.360207 0.007085
1610017623.350795 14.360171 0.007111
1610017623.449795 14.360120 0.007122
1610017623.548795 14.360087 0.007108
1610017623.647795 14.359968 0.007117
1610017623.746795 14.359925 0.007116
1610017623.845796 14.359803 0.007104
1610017623.944796 14.359757 0.007108
1610017624.043796 14.359889 0.007095
1610017624.142797 14.359899 0.007117
1610017624.208797 14.359991 0.007079
1610017624.274797 14.359695 0.007118
1610017624.340797 14.359580 0.007120
1610017624.439797 14.359464 0.007097
1610017624.538797 14.359412 0.007116
1610017624.604798 14.359392 0.007101
1610017624.670798 14.359355 0.007112
1610017624.736798 14.359416 0.007110
1610017624.802798 14.359132 0.007115
1610017624.868798 14.359084 0.007094
1610017624.934798 14.358762 0.007114
1610017625.000798 14.358656 0.007105
1610017625.066799 14.358629 0.007113
1610017625.132799 14.358520 0.007049
1610017625.198799 14.358319 0.007022
1610017625.264799 14.358528 0.007081
1610017625.330799 14.358342 0.007036
1610017625.396800 14.358506 0.007103
1610017625.495800 14.358440 0.007102
1610017625.594800 14.358168 0.007085
1610017625.693800 14.358088 0.007115
1610017625.792800 14.357948 0.007115
1610017625.891801 14.357968 0.007118
1610017625.957801 14.357920 0.007097
1610017626.023801 14.357818 0.007106
1610017626.089801 14.357643 0.007062
1610017626.155801 14.357562 0.007116
1610017626.221802 14.357563 0.007116
1610017626.287802 14.357488 0.007117
1610017626.353802 14.357404 0.007104
1610017626.419802 14.357361 0.007110
1610017626.485802 14.357210 0.007099
1610017626.551802 14.357024 0.007115
1610017626.617802 14.357017 0.007107
1610017626.683803 14.356846 0.007120
1610017626.782803 14.356641 0.007108
1610017626.848803 14.356698 0.007107
1610017626.914804 14.356492 0.007105
1610017626.980803 14.356250 0.007121
1610017627.046804 14.356473 0.007081
1610017627.112804 14.356336 0.007109
1610017627.178804 14.356278 0.007112
1610017627.244804 14.356266 0.007115
1610017627.310804 14.356029 0.007115
1610017627.376805 14.356076 0.007120
1610017627.475805 14.356137 0.007109
1610017627.541805 14.355963 0.007109
1610017627.607805 14.355920 0.007118
1610017627.673805 14.356259 0.007119
1610017627.739805 14.355631 0.007117
1610017627.805806 14.355826 0.007116
1610017627.871806 14.355481 0.007119
1610017627.937806 14.355600 0.007118
1610017628.003806 14.355779 0.007120
1610017628.069806 14.355455 0.007119
1610017628.135806 14.354899 0.007104
1610017628.201807 14.355599 0.007110
1610017628.267807 14.355384 0.007114
1610017628.333807 14.355254 0.007112
1610017628.399807 14.354924 0.007121
1610017628.465807 14.355687 0.007121
1610017628.531807 14.355375 0.007118
1610017628.597807 14.355033 0.007110
1610017628.663807 14.355022 0.007117
1610017628.729808 14.355046 0.007105
1610017628.795808 14.354746 0.007093
1610017628.894808 14.354866 0.007120
1610017628.960809 14.354202 0.007100
1610017629.026809 14.353960 0.007064
1610017629.092809 14.354315 0.007115
1610017629.158809 14.354354 0.007122
1610017629.257809 14.354725 0.007109
1610017629.323809 14.354733 0.007115
1610017629.389809 14.354800 0.007114
1610017629.455810 14.354647 0.007121
1610017629.521810 14.354858 0.007116
1610017629.587810 14.354152 0.007108
1610017629.653810 14.354715 0.007102
1610017629.719810 14.355567 0.007100
1610017629.785810 14.356387 0.007090
1610017629.851810 14.356881 0.007093
1610017629.917811 14.356317 0.007121
1610017629.983811 14.356880 0.007096
1610017630.049811 14.356288 0.007090
1610017630.115811 14.356419 0.007119
1610017630.181812 14.356180 0.007122
1610017630.280812 14.355983 0.007122
1610017630.379812 14.355947 0.007113
1610017630.478812 14.355737 0.007118
1610017630.577812 14.356244 0.007108
1610017630.676813 14.355803 0.007114
1610017630.742813 14.355655 0.007120
1610017630.808813 14.356128 0.007108
1610017630.874813 14.355954 0.007120
1610017630.940813 14.355135 0.007097
1610017631.006814 14.355286 0.007119
1610017631.072814 14.355595 0.007114
1610017631.138814 14.355977 0.007111
1610017631.204814 14.355641 0.007120
1610017631.270814 14.355393 0.007109
1610017631.336814 14.355254 0.007105
1610017631.402814 14.355821 0.007061
1610017631.468815 14.355471 0.007112
1610017631.534815 14.355980 0.007120
1610017631.600815 14.355655 0.007113
1610017631.666815 14.355119 0.007114
1610017631.732815 14.355692 0.007102
1610017631.798815 14.355295 0.007116
1610017631.897815 14.355104 0.007118
1610017631.963816 14.355458 0.007118
1610017632.029816 14.355087 0.007103
1610017632.095816 14.355816 0.007111
1610017632.161816 14.355731 0.007119
1610017632.227816 14.355473 0.007112
1610017632.293817 14.355117 0.007085
1610017632.359817 14.355510 0.007121
1610017632.425817 14.355208 0.007105
1610017632.491817 14.355470 0.007112
1610017632.557817 14.355414 0.007097
1610017632.623817 14.355138 0.007118
1610017632.689817 14.355076 0.007111
1610017632.755818 14.354754 0.007122
1610017632.821818 14.355309 0.007103
1610017632.920818 14.354866 0.007096
1610017633.019818 14.354750 0.007119
1610017633.085818 14.354988 0.007120
1610017633.151819 14.355041 0.007103
1610017633.217819 14.354819 0.007109
1610017633.316819 14.354744 0.007111
1610017633.415819 14.355162 0.007093
1610017633.514820 14.354948 0.007110
1610017633.580820 14.354546 0.007112
1610017633.646820 14.354559 0.007117
1610017633.712820 14.354607 0.007121
1610017633.811820 14.354600 0.007120
1610017633.910821 14.353914 0.007120
1610017634.009821 14.352976 0.007109
1610017634.141821 14.353196 0.007117
1610017634.240821 14.352723 0.007113
1610017634.339822 14.353226 0.007118
1610017634.471822 14.353698 0.007121
1610017634.603822 14.353773 0.007119
1610017634.735823 14.353942 0.007106
1610017634.867823 14.354560 0.007122
1610017634.999823 14.354282 0.007119
1610017635.131824 14.354031 0.007121
1610017635.263824 14.349908 0.007108
1610017635.395824 14.350940 0.007111
1610017635.560825 14.351349 0.007111
1610017635.725825 14.350029 0.007058
1610017635.890825 14.351236 0.007039
1610017636.022826 14.350425 0.007080
1610017636.154826 14.351146 0.007022
1610017636.286826 14.350413 0.007016
1610017636.418827 14.349447 0.007108
1610017636.517827 14.349710 0.007067
1610017636.649827 14.350626 0.007057
1610017636.748827 14.351822 0.007087
1610017636.847828 14.351856 0.007031
1610017636.979828 14.351015 0.007094
1610017637.111828 14.351470 0.006967
1610017637.243829 14.351821 0.007041
1610017637.342829 14.349320 0.007112
1610017637.441829 14.349068 0.007067
1610017637.540829 14.346940 0.007095
1610017637.639829 14.347364 0.007105
1610017637.738830 14.347333 0.007077
1610017637.837830 14.347438 0.007104
1610017637.936831 14.347487 0.007109
1610017638.035830 14.346396 0.007102
1610017638.134831 14.345254 0.007089
1610017638.233831 14.343964 0.007088
1610017638.332831 14.343881 0.007112
1610017638.431831 14.343677 0.007091
1610017638.530832 14.343125 0.007056
1610017638.662832 14.343345 0.007079
1610017638.761832 14.342179 0.007110
1610017638.860832 14.341743 0.007087
1610017638.959833 14.341813 0.007094
1610017639.091833 14.341782 0.007118
1610017639.190833 14.341410 0.007119
1610017639.289834 14.340888 0.007101
1610017639.388834 14.340849 0.007111
1610017639.520834 14.340631 0.007119
1610017639.619834 14.339918 0.007100
1610017639.718834 14.340203 0.006986
1610017639.817835 14.337816 0.007080
1610017639.916835 14.337465 0.007113
1610017640.015835 14.336609 0.007021
1610017640.114836 14.335625 0.007095
1610017640.213836 14.335964 0.007116
1610017640.312836 14.335631 0.007117
1610017640.411836 14.334340 0.007097
1610017640.510836 14.334008 0.007104
1610017640.609837 14.332957 0.007103
1610017640.708837 14.332195 0.007100
1610017640.807837 14.332340 0.007099
1610017640.906837 14.331687 0.007094
1610017641.005838 14.330916 0.007111
1610017641.104838 14.330736 0.007109
1610017641.170838 14.330452 0.007035
1610017641.269838 14.329322 0.007104
1610017641.368839 14.329232 0.007105
1610017641.467839 14.327335 0.007103
1610017641.566839 14.326045 0.007075
1610017641.665839 14.325799 0.007066
1610017641.764840 14.325902 0.007112
1610017641.863840 14.326005 0.007109
1610017641.962840 14.324078 0.007075
1610017642.061840 14.323948 0.007087
1610017642.160841 14.321997 0.007085
1610017642.259841 14.320657 0.007027
1610017642.358841 14.317710 0.007082
1610017642.457841 14.315512 0.007086
1610017642.556841 14.315152 0.007097
1610017642.655842 14.313770 0.007083
1610017642.754842 14.311103 0.007088
1610017642.853842 14.309166 0.007067
1610017642.952842 14.306338 0.007054
1610017643.051843 14.304350 0.007070
1610017643.150843 14.302542 0.007068
1610017643.249843 14.301348 0.007081
1610017643.315843 14.301295 0.007106
1610017643.381844 14.301886 0.007099
1610017643.447844 14.301691 0.007105
1610017643.513844 14.301830 0.007105
1610017643.612844 14.302620 0.007101
1610017643.678844 14.302689 0.007104
1610017643.744844 14.302514 0.007103
1610017643.810845 14.302133 0.007095
1610017643.876845 14.302105 0.007100
1610017643.942845 14.302455 0.007102
1610017644.008845 14.301898 0.007101
1610017644.074845 14.301700 0.007100
1610017644.140845 14.301505 0.007035
1610017644.206846 14.302736 0.007016
1610017644.272846 14.302424 0.007071
1610017644.338846 14.302283 0.007097
1610017644.404846 14.301739 0.007094
1610017644.470846 14.301533 0.007069
1610017644.536846 14.300471 0.007084
1610017644.602846 14.300924 0.007098
1610017644.668847 14.299615 0.007080
1610017644.767847 14.299269 0.007095
1610017644.866847 14.299195 0.007089
1610017644.965847 14.298597 0.007090
1610017645.064848 14.297901 0.007094
1610017645.163848 14.297017 0.007099
1610017645.262848 14.296379 0.007099
1610017645.361848 14.295958 0.007098
1610017645.460849 14.296727 0.007098
1610017645.559849 14.296063 0.007096
1610017645.658849 14.295728 0.007071
1610017645.757849 14.296226 0.007091
1610017645.856850 14.296493 0.007090
1610017645.955850 14.295119 0.007061
1610017646.054850 14.294538 0.007088
1610017646.153850 14.292632 0.007064
1610017646.252851 14.292240 0.007091
1610017646.351851 14.291420 0.007088
1610017646.450851 14.290109 0.007094
1610017646.549851 14.288770 0.007075
1610017646.615851 14.286778 0.007066
1610017646.714852 14.286470 0.007085
1610017646.813852 14.285123 0.007066
1610017646.912852 14.283224 0.007083
1610017646.978852 14.280979 0.007081
1610017647.044852 14.279454 0.007073
1610017647.110853 14.278256 0.007065
1610017647.176853 14.277831 0.007095
1610017647.242853 14.277173 0.007096
1610017647.308853 14.277515 0.007093
1610017647.374853 14.277386 0.007095
1610017647.473853 14.277274 0.007081
1610017647.572854 14.277144 0.007090
1610017647.671854 14.276979 0.007092
1610017647.770854 14.273432 0.007027
1610017647.869854 14.272626 0.007088
1610017647.968855 14.272192 0.007088
1610017648.067855 14.270789 0.007058
1610017648.166855 14.270501 0.007071
1610017648.232856 14.268036 0.007080
1610017648.331856 14.267079 0.007073
1610017648.430856 14.267219 0.007081
1610017648.529856 14.264983 0.007057
1610017648.661856 14.264316 0.007092
1610017648.793857 14.261462 0.006966
1610017648.925857 14.252135 0.006756
1610017649.057858 14.251429 0.007092
1610017649.189858 14.251144 0.007065
1610017649.288858 14.251498 0.007079
1610017649.387858 14.251258 0.007094
1610017649.486859 14.250577 0.007080
1610017649.585859 14.250899 0.007094
1610017649.651859 14.250758 0.007087
1610017649.717859 14.250976 0.007092
1610017649.783859 14.252056 0.007091
1610017649.849859 14.251690 0.007091
1610017649.915860 14.250616 0.007092
1610017649.981860 14.249655 0.007085
1610017650.080860 14.249768 0.007094
1610017650.179860 14.249520 0.007083
1610017650.278861 14.250407 0.007091
1610017650.344861 14.250284 0.007093
1610017650.443861 14.249313 0.007090
1610017650.542861 14.249481 0.007093
1610017650.641861 14.248899 0.007093
1610017650.740862 14.249540 0.007089
1610017650.839862 14.248744 0.007093
1610017650.938862 14.248311 0.007091
1610017651.004862 14.247234 0.007092
1610017651.070862 14.246877 0.007094
1610017651.136863 14.246795 0.007076
1610017651.202863 14.246329 0.007090
1610017651.268863 14.245623 0.007088
1610017651.334863 14.246123 0.007088
1610017651.400863 14.247642 0.007094
1610017651.466863 14.247288 0.007054
1610017651.532863 14.246029 0.007065
1610017651.598864 14.245841 0.007091
1610017651.664864 14.245812 0.007089
1610017651.730864 14.246075 0.007091
1610017651.796864 14.246098 0.007092
1610017651.862864 14.245886 0.007085
1610017651.928864 14.245466 0.007091
1610017651.994865 14.245120 0.007093
1610017652.093865 14.244772 0.007079
1610017652.192865 14.243816 0.007093
1610017652.291865 14.243381 0.007087
1610017652.390866 14.243281 0.007093
1610017652.456866 14.242563 0.007077
1610017652.555866 14.242047 0.007090
1610017652.654866 14.241554 0.007090
1610017652.753866 14.241831 0.007089
1610017652.852867 14.240487 0.007084
1610017652.951867 14.240860 0.007075
1610017653.050867 14.239477 0.007074
1610017653.149868 14.238880 0.007087
1610017653.248868 14.239298 0.007077
1610017653.347868 14.238117 0.007086
1610017653.446868 14.237947 0.007092
1610017653.545869 14.237766 0.007090
1610017653.644869 14.238455 0.007093
1610017653.743869 14.239035 0.007085
1610017653.842869 14.239105 0.007091
1610017653.941869 14.238353 0.007090
1610017654.040870 14.238987 0.007094
1610017654.139870 14.238831 0.007090
1610017654.238870 14.238449 0.007086
1610017654.337870 14.238019 0.007093
1610017654.469871 14.237856 0.007083
1610017654.568871 14.237319 0.007075
1610017654.700871 14.236707 0.007079
1610017654.832872 14.236530 0.007091
1610017654.964872 14.235860 0.007071
1610017655.096872 14.235638 0.007075
1610017655.195873 14.235406 0.007092
1610017655.327873 14.234360 0.007089
1610017655.426873 14.233974 0.007086
1610017655.558874 14.233287 0.007087
1610017655.690874 14.232711 0.007092
1610017655.822874 14.233060 0.007075
1610017655.921875 14.233011 0.007027
1610017656.020875 14.231383 0.007091
1610017656.119875 14.230117 0.007084
1610017656.218875 14.229127 0.007066
1610017656.317875 14.228224 0.007069
1610017656.416876 14.228394 0.007078
1610017656.515876 14.227363 0.007089
1610017656.647876 14.225340 0.007092
1610017656.779877 14.227543 0.007092
1610017656.911877 14.227984 0.007061
1610017657.043877 14.224973 0.007082
1610017657.142877 14.222797 0.007060
1610017657.274878 14.219976 0.007078
1610017657.373878 14.219402 0.007086
1610017657.505878 14.217009 0.007083
1610017657.637878 14.215521 0.007092
1610017657.736879 14.213394 0.007084
1610017657.835879 14.211563 0.007051
1610017657.967880 14.209946 0.007092
1610017658.066880 14.208104 0.007092
1610017658.198880 14.206727 0.007086
1610017658.297880 14.194068 0.006977
1610017658.429881 14.194021 0.007070
1610017658.528881 14.193262 0.007072
1610017658.627881 14.192654 0.007073
1610017658.726881 14.191542 0.007091
1610017658.825881 14.186192 0.007062
1610017658.924882 14.186613 0.007076
1610017659.023882 14.186103 0.007092
1610017659.122882 14.186082 0.007088
1610017659.221882 14.185149 0.007061
1610017659.320883 14.184178 0.007089
1610017659.419883 14.178731 0.007059
1610017659.518883 14.179407 0.007083
1610017659.617883 14.176189 0.007084
1610017659.716884 14.177536 0.007085
1610017659.815884 14.178365 0.007093
1610017659.914884 14.178479 0.007089
1610017660.046885 14.178532 0.007090
1610017660.178885 14.169688 0.007086
1610017660.277885 14.176346 0.007088
1610017660.409885 14.174305 0.007093
1610017660.541886 14.169937 0.007087
1610017660.673886 14.167469 0.007082
1610017660.805887 14.166232 0.007091
1610017660.937887 14.165780 0.007077
1610017661.069887 14.151744 0.007052
1610017661.201887 14.146606 0.006910
1610017661.333888 14.147489 0.007078
1610017661.465888 14.142290 0.007077
1610017661.630888 14.136084 0.007066
