DelayedMarginalization 0.0014787 1.01919e-06 0.0107301 2103
DelayedMarginalizationOnly 0.00070612 5.28483e-07 0.00775317 2103
EF-marginalizeFrame 0.00188498 1.09257e-06 0.0112428 2103
FullSystem::trackNewCoarse 0.0067579 0.000193136 1.04772 6300
FullSystem::trackNewCoarseNoIMU 0.00204999 7.63952e-07 0.0075173 176
FullSystemOptimize 0.152579 0.001209 0.474885 2109
GraphUnrolling 0.0285439 0.000282514 0.0479519 3
IMUInitAddPose 3.72707e-05 3.50614e-09 0.00162854 2109
IMUInitOptimize 0.032228 0.000229768 0.0571828 26
IMUIntegration::finishKeyframeOperations 5.50287e-05 3.56194e-09 0.00161616 2078
InitializerFirstFrame 0.0307026 -nan 0.0307026 1
InitializerOtherFrames 0.0277121 0.000205586 0.0822636 112
MainMarginalization 0.0016839 1.03337e-06 0.0110025 2103
MarginalizationReplacementBuildGraph 0.00222738 1.16001e-06 0.00298896 2
MarginalizationReplacementReplaceGraph 0.0481097 -nan 0.0481097 1
MarginalizeMainGraph 0.000771026 3.64883e-07 0.00684901 2103
PGBA 0.0939781 0.000236877 0.104861 2
PGBAFull 0.0500489 0.00326602 0.108447 4
PrepareGraphForMainOptimization 0.0286292 0.000283257 0.0480627 3
VisualMarginalization 2.95064e-05 6.34445e-09 0.00246637 2103
activatePointsMT 0.0045379 4.64389e-06 0.0256275 2109
addActiveFrame 0.0693553 0.0071763 1.30577 6589
addIMUData 0.00107292 1.58409e-06 0.0206326 6300
addIMUDataToBA 0.000109766 9.92301e-09 0.00225774 6588
addKeyframeToBA 5.35586e-05 1.00816e-09 0.0012873 2109
afterCoarseTracking 2.74129e-07 2.23615e-14 2.074e-06 6476
baIteration 0.0245169 6.02097e-05 0.122737 12269
baMatrixInversion 0.000172821 8.50229e-09 0.00367296 12269
baUpdateBuildHessians 0.000623416 4.51048e-07 0.0168601 12269
coarseTrackingIteration 0.00057177 9.54369e-07 0.0233599 58314
computeBAUpdate 0.000898732 4.83611e-07 0.0171829 12269
computeCoarseUpdate 0.000317701 5.83967e-07 0.0224784 56959
computeFactorForCoarseGraphAndMarginalCovariances 0.00248646 1.13097e-06 0.0126198 2078
convertHAndBFromDSO 0.000107214 4.31428e-09 0.00242906 20662
debugPlot 1.04954e-07 3.49221e-15 6.91e-07 2109
debugPlotIDepthMap 4.17818e-07 2.1629e-13 1.9938e-05 2109
debugPlotIDepthMapFloat 4.05149e-08 7.91333e-16 3.3e-07 2109
deliverTrackedFrame 0.0608102 0.00700896 0.505474 6477
flagFramesForMarginalization 2.11296e-06 9.95334e-13 1.7884e-05 2109
fullCoarseTracking 0.00811067 0.000195403 1.04929 6476
initObjectsAndMakeImage 0.00112386 1.41249e-07 0.00591479 6589
makeKeyframe 0.177351 0.00134729 0.505408 2109
makeKeyframeChangeTrackingRef 0.00192033 1.65435e-07 0.00949779 2109
makeNewTraces 0.00354037 2.95702e-07 0.0140213 2109
makeNonKeyframe 0.00442555 1.92906e-06 0.0204794 4368
marginalizeAndRemovePoints 0.0036242 9.0614e-07 0.00839966 2109
marginalizeFrame 0.00370923 1.44235e-06 0.0148254 2103
marginalizeFrameOverhead 0.00182013 1.67113e-07 0.00426526 2103
marginalizeFrames 0.00371531 1.48668e-06 0.0148486 2109
newFrameAndNewResidualsForOldPoints 0.0010168 7.55907e-08 0.00356767 2109
printBiases 1.00492e-05 2.86207e-09 0.00194233 2109
printEigenValLine 1.43377e-07 1.30533e-15 1.032e-06 2109
printLogLine 0.00014835 8.34501e-08 0.00262174 2109
publishInMakeKeyframe 1.81362e-07 7.99787e-15 2.274e-06 2109
removeOutliers 0.000173505 2.73616e-09 0.000743747 2109
swapTrackingRef 0.000156876 6.80555e-08 0.00361839 2108
timeMeasurement 2.04501e-06 1.42274e-11 0.000127693 6589
traceNewCoarse 0.00397449 1.83272e-06 0.0204634 6477
updateBAValues 1.14391e-05 1.55512e-10 0.00143148 22555
zero 1.94102e-07 3.67046e-14 1.1772e-05 6589
