EF-marginalizeFrame 0.000113655 3.4608e-09 0.000949758 1937
FullSystem::trackNewCoarseNoIMU 0.0024882 1.01146e-05 0.122481 6280
FullSystemOptimize 0.148584 0.000275626 0.315196 1943
IMUInitAddPose 1.629e-05 -nan 1.629e-05 1
InitializerFirstFrame 0.0237501 -nan 0.0237501 1
InitializerOtherFrames 0.0318406 0.000266759 0.088327 90
VisualMarginalization 3.28207e-05 5.60148e-10 0.000834042 1937
activatePointsMT 0.00447077 4.28937e-06 0.0167864 1943
addActiveFrame 0.0574831 0.00573099 0.352927 6371
afterCoarseTracking 2.71162e-07 5.88069e-14 1.2452e-05 6280
baIteration 0.0231397 4.09329e-05 0.102585 11676
coarseTrackingIteration 0.000152395 3.34572e-08 0.00414994 66357
debugPlot 1.37173e-07 4.77944e-15 1.152e-06 1943
debugPlotIDepthMap 3.62146e-07 2.36466e-14 2.375e-06 1943
debugPlotIDepthMapFloat 3.4035e-08 9.62943e-17 2.2e-07 1943
deliverTrackedFrame 0.0542512 0.00578585 0.32698 6281
flagFramesForMarginalization 2.0669e-06 1.31183e-10 0.000505783 1943
fullCoarseTracking 0.00249555 1.01196e-05 0.122491 6280
initObjectsAndMakeImage 0.00107881 1.03302e-07 0.00426822 6371
makeKeyframe 0.167021 0.000279314 0.326974 1943
makeKeyframeChangeTrackingRef 0.0017654 6.66648e-08 0.00507757 1943
makeNewTraces 0.00340343 1.76671e-07 0.00728091 1943
makeNonKeyframe 0.00372085 1.82903e-06 0.00998218 4338
marginalizeAndRemovePoints 0.00332713 8.13257e-07 0.00677818 1943
marginalizeFrame 0.00161444 1.36225e-07 0.00445345 1937
marginalizeFrameOverhead 0.00149774 1.14352e-07 0.00426993 1937
marginalizeFrames 0.00161043 1.43972e-07 0.00445518 1943
newFrameAndNewResidualsForOldPoints 0.000896724 3.64798e-08 0.00318741 1943
printEigenValLine 1.66017e-07 5.00399e-15 1.463e-06 1943
printLogLine 0.000148928 6.44555e-08 0.00455662 1943
publishInMakeKeyframe 1.66522e-07 6.59462e-15 1.162e-06 1943
removeOutliers 0.000144728 7.99291e-09 0.00274435 1943
swapTrackingRef 4.94123e-07 1.17795e-11 0.000151303 1942
timeMeasurement 1.56268e-06 1.15297e-11 0.000137035 6371
traceNewCoarse 0.00333832 1.64473e-06 0.00997031 6281
zero 1.18423e-07 5.67236e-15 1.663e-06 6371
