EF-marginalizeFrame 0.000108533 5.72474e-09 0.00190328 1497
FullSystem::trackNewCoarseNoIMU 0.00197308 1.58594e-05 0.102841 8672
FullSystemOptimize 0.148409 0.000225157 0.332435 1503
IMUInitAddPose 1.8576e-05 -nan 1.8576e-05 1
InitializerFirstFrame 0.0315216 -nan 0.0315216 1
InitializerOtherFrames 0.0359927 0.000545773 0.123558 72
VisualMarginalization 3.39192e-05 1.42389e-09 0.00103967 1497
activatePointsMT 0.00426302 4.5418e-06 0.021884 1503
addActiveFrame 0.0334806 0.00386351 0.366875 8745
afterCoarseTracking 2.64139e-07 1.2388e-12 0.000101933 8672
baIteration 0.023164 3.66656e-05 0.0584524 9036
coarseTrackingIteration 0.000132672 3.65789e-08 0.0144041 74447
debugPlot 9.55323e-08 3.2648e-15 5.01e-07 1503
debugPlotIDepthMap 4.34842e-07 3.98218e-14 4.078e-06 1503
debugPlotIDepthMapFloat 3.59494e-08 9.39723e-16 1.062e-06 1503
deliverTrackedFrame 0.0304205 0.00386432 0.344516 8673
flagFramesForMarginalization 1.77997e-06 1.05846e-12 2.3644e-05 1503
fullCoarseTracking 0.00197938 1.58633e-05 0.102849 8672
initObjectsAndMakeImage 0.00104147 4.8343e-08 0.00424761 8745
makeKeyframe 0.165415 0.000235747 0.34451 1503
makeKeyframeChangeTrackingRef 0.00167779 6.06892e-08 0.00387822 1503
makeNewTraces 0.00338253 1.74416e-07 0.00590901 1503
makeNonKeyframe 0.00210481 2.68582e-06 0.00744753 7170
marginalizeAndRemovePoints 0.00284109 1.0193e-06 0.00674593 1503
marginalizeFrame 0.00144951 1.41852e-07 0.00400951 1497
marginalizeFrameOverhead 0.00133757 1.21186e-07 0.00390908 1497
marginalizeFrames 0.00144486 1.49798e-07 0.00401076 1503
newFrameAndNewResidualsForOldPoints 0.000897813 8.18487e-08 0.00699374 1503
printEigenValLine 1.37908e-07 3.2994e-15 8.41e-07 1503
printLogLine 0.000155243 7.07106e-08 0.00304451 1503
publishInMakeKeyframe 3.04821e-07 6.74018e-12 0.000100822 1503
removeOutliers 0.000129213 4.18361e-09 0.00138749 1503
swapTrackingRef 3.97967e-07 5.33746e-14 2.736e-06 1502
timeMeasurement 1.82476e-06 7.31386e-12 0.000128654 8745
traceNewCoarse 0.00208865 2.30181e-06 0.00743564 8673
zero 1.62123e-07 2.04196e-14 8.416e-06 8745
