EF-marginalizeFrame 0.000144319 8.92208e-09 0.00145011 1850
FullSystem::trackNewCoarseNoIMU 0.0035165 4.26673e-06 0.0238454 6626
FullSystemOptimize 0.220698 0.000752366 0.395951 1856
IMUInitAddPose 0.00150938 -nan 0.00150938 1
InitializerFirstFrame 0.0312824 -nan 0.0312824 1
InitializerOtherFrames 0.0356513 0.000360545 0.0968776 68
VisualMarginalization 3.83462e-05 1.09442e-09 0.000877022 1850
activatePointsMT 0.0056476 9.37218e-06 0.0315962 1856
addActiveFrame 0.0754412 0.0116036 0.431649 6695
afterCoarseTracking 3.90869e-07 6.7565e-12 0.000179124 6626
baIteration 0.0345178 9.46005e-05 0.122512 11154
coarseTrackingIteration 0.000236605 9.45515e-08 0.0138143 64681
debugPlot 1.20012e-07 4.62852e-15 7.31e-07 1856
debugPlotIDepthMap 4.21483e-07 3.05154e-14 3.126e-06 1856
debugPlotIDepthMapFloat 5.60059e-08 1.57245e-15 4.41e-07 1856
deliverTrackedFrame 0.0709233 0.0116961 0.428086 6627
flagFramesForMarginalization 2.1546e-06 3.76059e-12 6.9705e-05 1856
fullCoarseTracking 0.00352634 4.28128e-06 0.0238534 6626
initObjectsAndMakeImage 0.00137476 1.87486e-07 0.00509814 6695
makeKeyframe 0.24261 0.000794757 0.428081 1856
makeKeyframeChangeTrackingRef 0.00224413 3.19992e-07 0.00538337 1856
makeNewTraces 0.00394095 5.74105e-07 0.0078969 1856
makeNonKeyframe 0.00409947 2.36844e-06 0.0237331 4771
marginalizeAndRemovePoints 0.0039299 1.46078e-06 0.0106268 1856
marginalizeFrame 0.00181826 2.53237e-07 0.00536862 1850
marginalizeFrameOverhead 0.00166986 2.06702e-07 0.00513038 1850
marginalizeFrames 0.00181348 2.63299e-07 0.00537046 1856
newFrameAndNewResidualsForOldPoints 0.00104308 9.06244e-08 0.00338199 1856
printEigenValLine 1.69033e-07 3.95741e-15 1.402e-06 1856
printLogLine 0.000196251 1.35628e-07 0.00436529 1856
publishInMakeKeyframe 2.77011e-07 1.30863e-11 0.000155991 1856
removeOutliers 0.000186621 8.54589e-09 0.00205564 1856
swapTrackingRef 5.54813e-07 1.78114e-13 1.0703e-05 1856
timeMeasurement 2.32989e-06 3.79399e-10 0.00111541 6695
traceNewCoarse 0.00370148 2.18663e-06 0.0237189 6627
zero 2.73569e-07 5.37353e-14 1.6897e-05 6695
