EF-marginalizeFrame 0.000134485 1.17683e-08 0.00302807 1655
FullSystem::trackNewCoarseNoIMU 0.00278851 2.41909e-05 0.148523 7120
FullSystemOptimize 0.20796 0.000408639 0.471141 1661
IMUInitAddPose 1.6642e-05 -nan 1.6642e-05 1
InitializerFirstFrame 0.033496 -nan 0.033496 1
InitializerOtherFrames 0.0717177 0.000458744 0.158004 581
VisualMarginalization 3.83715e-05 1.03374e-09 0.000820051 1655
activatePointsMT 0.00534633 6.69996e-06 0.0236929 1661
addActiveFrame 0.060816 0.00866522 0.641449 7702
afterCoarseTracking 4.17256e-07 1.31755e-11 0.00017869 7120
baIteration 0.0325748 6.56079e-05 0.0754832 9984
coarseTrackingIteration 0.000210305 6.98727e-08 0.00644787 57046
debugPlot 1.20131e-07 4.87966e-15 5.81e-07 1661
debugPlotIDepthMap 5.52175e-07 1.52333e-12 4.9956e-05 1661
debugPlotIDepthMapFloat 5.45503e-08 1.45764e-15 3.81e-07 1661
deliverTrackedFrame 0.055689 0.00924381 0.488 7121
flagFramesForMarginalization 2.11844e-06 1.03383e-12 1.573e-05 1661
fullCoarseTracking 0.00279893 2.42055e-05 0.148528 7120
initObjectsAndMakeImage 0.0013192 1.49517e-07 0.00510766 7702
makeKeyframe 0.229025 0.00041368 0.487991 1661
makeKeyframeChangeTrackingRef 0.00215591 3.06012e-07 0.0060834 1661
makeNewTraces 0.00389979 5.46262e-07 0.00886275 1661
makeNonKeyframe 0.00292768 4.5602e-06 0.00980061 5460
marginalizeAndRemovePoints 0.00360198 1.35335e-06 0.00851186 1661
marginalizeFrame 0.00170006 2.09608e-07 0.00476123 1655
marginalizeFrameOverhead 0.00156227 1.69532e-07 0.00459113 1655
marginalizeFrames 0.00169514 2.19464e-07 0.00476307 1661
newFrameAndNewResidualsForOldPoints 0.00102326 1.09956e-07 0.00329385 1661
printEigenValLine 2.61794e-07 1.17777e-14 1.704e-06 1661
printLogLine 0.000179269 9.49009e-08 0.0034326 1661
publishInMakeKeyframe 2.18226e-07 1.28503e-14 1.703e-06 1661
removeOutliers 0.000166778 6.75767e-09 0.00167901 1661
swapTrackingRef 6.38191e-07 1.13368e-13 3.035e-06 1661
timeMeasurement 1.91271e-06 1.76914e-11 0.000188458 7702
traceNewCoarse 0.00289062 3.63724e-06 0.00978539 7121
zero 2.56989e-07 2.33391e-14 2.685e-06 7702
