EF-marginalizeFrame 0.000110504 3.00986e-09 0.00069648 1608
FullSystem::trackNewCoarseNoIMU 0.00194534 8.67094e-06 0.105014 5679
FullSystemOptimize 0.150683 0.000290395 0.344078 1614
IMUInitAddPose 1.7744e-05 -nan 1.7744e-05 1
InitializerFirstFrame 0.0310917 -nan 0.0310917 1
InitializerOtherFrames 0.0787919 0.000726654 0.108086 12
VisualMarginalization 3.27132e-05 3.18706e-10 0.000457957 1608
activatePointsMT 0.00439449 4.83425e-06 0.0179536 1614
addActiveFrame 0.0532541 0.0056722 0.459623 5692
afterCoarseTracking 2.74738e-07 1.35246e-12 8.6444e-05 5679
baIteration 0.0234637 4.09407e-05 0.0868854 9702
coarseTrackingIteration 0.000151709 3.80322e-08 0.00451751 40539
debugPlot 1.03978e-07 5.01051e-15 1.252e-06 1614
debugPlotIDepthMap 5.19586e-07 1.39882e-11 0.000150476 1614
debugPlotIDepthMapFloat 3.46029e-08 1.87101e-16 2.51e-07 1614
deliverTrackedFrame 0.0501661 0.00566293 0.35671 5680
flagFramesForMarginalization 1.98932e-06 7.76255e-12 9.8706e-05 1614
fullCoarseTracking 0.00195266 8.67317e-06 0.105019 5679
initObjectsAndMakeImage 0.00106727 4.84708e-08 0.00474487 5692
makeKeyframe 0.168664 0.000296467 0.356702 1614
makeKeyframeChangeTrackingRef 0.00173073 6.58745e-08 0.0040459 1614
makeNewTraces 0.00342469 1.80897e-07 0.00661681 1614
makeNonKeyframe 0.0031114 4.02157e-06 0.0084413 4066
marginalizeAndRemovePoints 0.0028439 8.37383e-07 0.00642671 1614
marginalizeFrame 0.00146368 1.30059e-07 0.00362605 1608
marginalizeFrameOverhead 0.00134996 1.12825e-07 0.00342703 1608
marginalizeFrames 0.00145957 1.39021e-07 0.00362716 1614
newFrameAndNewResidualsForOldPoints 0.000873014 4.05678e-08 0.0028778 1614
printEigenValLine 1.77504e-07 3.65286e-15 1.503e-06 1614
printLogLine 0.000167984 8.22007e-08 0.00305904 1614
publishInMakeKeyframe 1.65189e-07 1.06113e-14 2.014e-06 1614
removeOutliers 0.00012546 1.89643e-09 0.000687777 1614
swapTrackingRef 6.78193e-07 1.60274e-11 0.000160564 1614
timeMeasurement 2.24892e-06 8.78334e-12 0.000127272 5692
traceNewCoarse 0.00301865 3.01552e-06 0.00842872 5680
zero 3.07765e-07 2.07921e-14 2.214e-06 5692
