1585225981.694018 24.992651 0.528582
1585225981.826018 25.377528 0.359105
1585225981.958018 25.789336 0.261816
1585225982.090019 26.013310 0.214545
1585225982.189019 26.227948 0.188655
1585225982.288019 26.413030 0.170390
1585225982.420019 26.693298 0.151945
1585225982.519020 26.865344 0.139005
1585225982.618020 26.976876 0.136836
1585225982.717020 27.173865 0.136463
1585225982.816020 27.309972 0.136431
1585225982.948021 27.527605 0.129759
1585225983.047021 27.661658 0.129012
1585225983.179021 27.895734 0.125124
1585225983.278021 28.043647 0.116199
1585225983.377022 28.181104 0.112107
1585225983.476022 28.307917 0.108019
1585225983.608022 28.508213 0.101440
1585225983.740022 28.718267 0.088628
1585225983.872023 28.912671 0.080030
1585225984.004023 29.086708 0.072139
1585225984.136024 29.226052 0.062793
1585225984.268024 29.396367 0.055762
1585225984.433024 29.544795 0.048644
1585225984.598025 29.714201 0.041583
1585225984.730025 29.826914 0.035497
1585225984.862025 29.901407 0.031648
1585225985.027026 29.904247 0.027705
1585225985.192026 29.950366 0.025013
1585225985.324026 29.905348 0.022958
1585225985.489027 29.789842 0.020772
1585225985.687027 29.687310 0.018586
1585225985.852028 29.506537 0.017267
1585225986.017028 29.235956 0.016054
1585225986.182029 28.940864 0.014969
1585225986.347029 28.543148 0.014748
1585225986.512029 28.214927 0.013775
1585225986.677030 27.795627 0.013614
1585225986.842030 27.436323 0.012851
1585225987.007030 27.045322 0.012796
1585225987.205031 26.694654 0.012007
1585225987.403031 26.354685 0.011950
1585225987.568032 26.115615 0.011455
1585225987.733032 25.878273 0.011485
1585225987.898032 25.761336 0.011048
1585225988.030033 25.684353 0.010747
1585225988.162033 25.640513 0.010463
1585225988.294033 25.592701 0.010193
1585225988.393034 25.514699 0.010394
1585225988.525034 25.478471 0.010132
1585225988.657034 25.414978 0.009909
1585225988.789035 25.409492 0.009735
1585225988.921035 25.371305 0.009577
1585225989.053035 25.328681 0.009423
1585225989.185035 25.292128 0.009325
1585225989.284036 25.280392 0.009226
1585225989.383036 25.263892 0.009143
1585225989.482036 25.250671 0.009053
1585225989.581037 25.246937 0.008985
1585225989.680037 25.241258 0.008914
1585225989.779037 25.228937 0.008882
1585225989.878037 25.224301 0.008837
1585225989.977038 25.220202 0.008790
1585225990.076038 25.217738 0.008756
1585225990.175038 25.212115 0.008721
1585225990.274038 25.206798 0.008671
1585225990.406039 25.205891 0.008605
1585225990.505039 25.197961 0.008556
1585225990.604039 25.195136 0.008505
1585225990.736039 25.188205 0.008447
1585225990.868040 25.183906 0.008379
1585225991.033040 25.180755 0.008320
1585225991.165040 25.183613 0.008276
1585225991.264040 25.184828 0.008240
1585225991.396041 25.195398 0.008199
1585225991.495041 25.191363 0.008158
1585225991.594041 25.204520 0.008119
1585225991.693042 25.210053 0.008062
1585225991.792042 25.204218 0.008009
1585225991.924042 25.206757 0.007935
1585225992.023042 25.215614 0.007877
1585225992.155043 25.223470 0.007784
1585225992.287043 25.218818 0.007679
1585225992.419043 25.208293 0.007569
1585225992.551044 25.216583 0.007438
1585225992.650044 25.232793 0.007336
1585225992.749044 25.235423 0.007213
1585225992.881044 25.251493 0.007063
1585225993.013045 25.261993 0.006900
1585225993.112045 25.244315 0.006755
1585225993.244045 25.244269 0.006556
1585225993.376045 25.233553 0.006342
1585225993.508046 25.225678 0.006133
1585225993.673046 25.225670 0.005904
1585225993.838047 25.223401 0.005717
1585225993.970047 25.204926 0.005583
1585225994.135047 25.208354 0.005464
1585225994.300048 25.205747 0.005345
1585225994.432048 25.220524 0.005274
1585225994.564048 25.221682 0.005197
1585225994.696049 25.229803 0.005125
1585225994.828049 25.231508 0.005057
1585225994.960049 25.240986 0.004981
1585225995.092050 25.254062 0.004918
1585225995.224050 25.259746 0.004859
1585225995.356050 25.281862 0.004809
1585225995.488051 25.300942 0.004752
1585225995.620051 25.321375 0.004709
1585225995.752051 25.334939 0.004662
1585225995.884052 25.344047 0.004609
1585225996.016052 25.350987 0.004571
1585225996.115052 25.359091 0.004542
1585225996.214052 25.369270 0.004517
1585225996.346053 25.379033 0.004480
1585225996.445053 25.383823 0.004461
1585225996.577053 25.393047 0.004422
1585225996.676054 25.398284 0.004397
1585225996.775054 25.402422 0.004356
1585225996.874054 25.406884 0.004327
1585225996.973054 25.411346 0.004302
1585225997.072055 25.418263 0.004279
1585225997.171055 25.423874 0.004251
1585225997.270055 25.429513 0.004222
1585225997.369055 25.431847 0.004197
1585225997.468055 25.439062 0.004170
1585225997.567056 25.445868 0.004146
1585225997.699056 25.448896 0.004111
1585225997.831056 25.449132 0.004068
1585225997.963057 25.450304 0.004029
1585225998.095057 25.449654 0.003995
1585225998.194057 25.452836 0.003968
1585225998.326057 25.454021 0.003947
1585225998.458058 25.455557 0.003915
1585225998.590058 25.455708 0.003874
1585225998.689058 25.457403 0.003844
1585225998.788058 25.456917 0.003813
1585225998.887059 25.455297 0.003786
1585225999.019059 25.449604 0.003742
1585225999.151059 25.445616 0.003701
1585225999.283060 25.441290 0.003654
1585225999.448060 25.431581 0.003604
1585225999.580060 25.426066 0.003559
1585225999.712061 25.418382 0.003516
1585225999.844061 25.415545 0.003482
1585225999.943061 25.413982 0.003455
1585226000.075062 25.411680 0.003420
1585226000.207062 25.409078 0.003387
1585226000.306062 25.409793 0.003358
1585226000.405062 25.405084 0.003339
1585226000.504062 25.402499 0.003324
1585226000.603063 25.398892 0.003302
1585226000.735063 25.393794 0.003273
1585226000.867063 25.390577 0.003246
1585226000.999063 25.387932 0.003220
1585226001.131064 25.385921 0.003196
1585226001.230064 25.384375 0.003177
1585226001.329064 25.381968 0.003158
1585226001.428065 25.380957 0.003144
1585226001.494065 25.379704 0.003132
1585226001.560065 25.379370 0.003122
1585226001.626065 25.379541 0.003109
1585226001.725065 25.378911 0.003090
1585226001.824065 25.374409 0.003072
1585226001.923066 25.370350 0.003055
1585226002.022066 25.367547 0.003039
1585226002.121066 25.366083 0.003026
1585226002.220067 25.364343 0.003009
1585226002.352067 25.362555 0.002988
1585226002.484067 25.361043 0.002968
1585226002.616068 25.358806 0.002946
1585226002.748068 25.356557 0.002926
1585226002.880068 25.356318 0.002910
1585226002.979069 25.352862 0.002898
1585226003.078069 25.350502 0.002887
1585226003.177069 25.351246 0.002876
1585226003.276069 25.349477 0.002864
1585226003.375069 25.348393 0.002853
1585226003.474070 25.347884 0.002844
1585226003.573070 25.347527 0.002834
1585226003.672070 25.347357 0.002824
1585226003.771070 25.347868 0.002814
1585226003.903071 25.347159 0.002803
1585226004.035071 25.344443 0.002792
1585226004.167071 25.342842 0.002782
1585226004.299072 25.343670 0.002772
1585226004.398072 25.341958 0.002765
1585226004.497072 25.341570 0.002758
1585226004.596072 25.340479 0.002751
1585226004.695072 25.339671 0.002744
1585226004.827073 25.335153 0.002731
1585226004.992073 25.331641 0.002719
1585226005.124074 25.327728 0.002712
1585226005.256074 25.323684 0.002704
1585226005.355074 25.319522 0.002701
1585226005.454074 25.315949 0.002696
1585226005.586075 25.314958 0.002691
1585226005.718075 25.316373 0.002685
1585226005.817075 25.315674 0.002680
1585226005.916075 25.315274 0.002676
1585226006.048076 25.314654 0.002670
1585226006.180076 25.310583 0.002663
1585226006.312076 25.310487 0.002655
1585226006.444077 25.306402 0.002648
1585226006.576077 25.304591 0.002640
1585226006.708077 25.304024 0.002632
1585226006.840078 25.302766 0.002626
1585226006.972078 25.304899 0.002621
1585226007.104078 25.306082 0.002615
1585226007.236079 25.303474 0.002608
1585226007.401079 25.305732 0.002603
1585226007.533079 25.305241 0.002598
1585226007.665080 25.303338 0.002593
1585226007.830080 25.302750 0.002589
1585226007.962080 25.300319 0.002586
1585226008.127081 25.300090 0.002582
1585226008.259081 25.299021 0.002579
1585226008.391081 25.297637 0.002576
1585226008.490082 25.297783 0.002575
1585226008.589082 25.297326 0.002573
1585226008.688082 25.297491 0.002573
1585226008.787082 25.298130 0.002572
1585226008.919082 25.298531 0.002570
1585226009.018083 25.298096 0.002569
1585226009.117083 25.297630 0.002567
1585226009.216083 25.297891 0.002566
1585226009.315084 25.298632 0.002565
1585226009.414084 25.299510 0.002563
1585226009.513084 25.299430 0.002562
1585226009.579084 25.299615 0.002561
1585226009.678084 25.299805 0.002560
1585226009.777085 25.299869 0.002559
1585226009.909085 25.301217 0.002559
1585226010.041085 25.301404 0.002558
1585226010.140085 25.301556 0.002557
1585226010.239086 25.302265 0.002556
1585226010.338086 25.302515 0.002555
1585226010.437086 25.303009 0.002554
1585226010.536087 25.303634 0.002554
1585226010.635087 25.304872 0.002553
1585226010.734087 25.306265 0.002552
1585226010.866087 25.306942 0.002551
1585226010.998087 25.307035 0.002550
1585226011.097088 25.308901 0.002549
1585226011.229088 25.310709 0.002548
1585226011.361089 25.311273 0.002546
1585226011.460088 25.310675 0.002546
1585226011.559089 25.310155 0.002545
1585226011.658089 25.310516 0.002544
1585226011.757089 25.310781 0.002543
1585226011.856090 25.310601 0.002542
1585226011.955090 25.310500 0.002542
1585226012.054090 25.310727 0.002540
1585226012.153090 25.311469 0.002540
1585226012.252091 25.311851 0.002539
1585226012.351091 25.312634 0.002538
1585226012.450091 25.313547 0.002538
1585226012.549091 25.314135 0.002537
1585226012.648091 25.314944 0.002537
1585226012.747092 25.315132 0.002536
1585226012.846092 25.315731 0.002535
1585226012.945092 25.316663 0.002534
1585226013.044092 25.317528 0.002533
1585226013.143093 25.318306 0.002532
1585226013.275093 25.319241 0.002531
1585226013.407093 25.318824 0.002530
1585226013.506094 25.319102 0.002530
1585226013.638094 25.319226 0.002529
1585226013.770094 25.319342 0.002528
1585226013.869094 25.319797 0.002527
1585226013.968095 25.319920 0.002526
1585226014.067095 25.320102 0.002526
1585226014.166095 25.320073 0.002525
1585226014.298095 25.320293 0.002524
1585226014.397096 25.321174 0.002524
1585226014.496096 25.321046 0.002524
1585226014.595096 25.321422 0.002524
1585226014.694096 25.321434 0.002523
1585226014.793097 25.321465 0.002522
1585226014.892097 25.321566 0.002522
1585226014.991097 25.321719 0.002522
1585226015.090097 25.321810 0.002521
1585226015.189097 25.321704 0.002521
1585226015.288098 25.321876 0.002521
1585226015.387098 25.321715 0.002521
1585226015.486098 25.322127 0.002521
1585226015.585099 25.322448 0.002521
1585226015.684099 25.322613 0.002520
1585226015.783099 25.322579 0.002520
1585226015.882099 25.323154 0.002520
1585226015.948099 25.322708 0.002519
1585226016.047100 25.322896 0.002519
1585226016.146100 25.322195 0.002519
1585226016.245100 25.322010 0.002519
1585226016.344100 25.322067 0.002519
1585226016.443100 25.322125 0.002518
1585226016.509101 25.322010 0.002519
1585226016.608101 25.321722 0.002518
1585226016.707101 25.321851 0.002518
1585226016.806102 25.321974 0.002517
1585226016.905102 25.322343 0.002518
1585226016.971102 25.322179 0.002518
1585226017.070102 25.322326 0.002518
1585226017.136102 25.322670 0.002517
1585226017.202102 25.322568 0.002517
1585226017.301103 25.323553 0.002517
1585226017.400103 25.324467 0.002517
1585226017.499103 25.324351 0.002516
1585226017.598103 25.324493 0.002516
1585226017.697104 25.324522 0.002516
1585226017.796104 25.323710 0.002516
1585226017.895104 25.323987 0.002515
1585226017.994104 25.322620 0.002514
1585226018.093104 25.323728 0.002514
1585226018.159105 25.323953 0.002514
1585226018.258105 25.324034 0.002514
1585226018.357105 25.324281 0.002514
1585226018.456105 25.324328 0.002513
1585226018.555105 25.323291 0.002512
1585226018.654106 25.323112 0.002513
1585226018.753106 25.322994 0.002512
1585226018.852106 25.323273 0.002512
1585226018.951107 25.323182 0.002512
1585226019.050107 25.323004 0.002512
1585226019.149107 25.322795 0.002511
1585226019.248107 25.323209 0.002511
1585226019.347107 25.323922 0.002511
1585226019.446108 25.324339 0.002511
1585226019.512108 25.324810 0.002511
1585226019.578108 25.324882 0.002510
1585226019.677108 25.325367 0.002510
1585226019.776109 25.325925 0.002510
1585226019.842109 25.325863 0.002510
1585226019.941109 25.325230 0.002509
1585226020.040109 25.324298 0.002509
1585226020.139109 25.323285 0.002509
1585226020.238109 25.323857 0.002509
1585226020.337110 25.323254 0.002509
1585226020.436110 25.324291 0.002509
1585226020.535110 25.325406 0.002509
1585226020.634110 25.326966 0.002509
1585226020.733111 25.326669 0.002509
1585226020.832111 25.326305 0.002508
1585226020.931111 25.326971 0.002508
1585226021.030112 25.327422 0.002508
1585226021.129112 25.326266 0.002508
1585226021.228112 25.327834 0.002507
1585226021.327112 25.327686 0.002508
1585226021.426112 25.327746 0.002508
1585226021.525113 25.327405 0.002507
1585226021.624113 25.326580 0.002507
1585226021.723113 25.326485 0.002507
1585226021.822113 25.326356 0.002507
1585226021.921113 25.326795 0.002506
1585226022.020114 25.326658 0.002506
1585226022.119114 25.326011 0.002505
1585226022.218114 25.327969 0.002505
1585226022.317114 25.328674 0.002505
1585226022.416115 25.329973 0.002504
1585226022.515115 25.330512 0.002504
1585226022.614115 25.331902 0.002503
1585226022.746116 25.333344 0.002503
1585226022.845116 25.333271 0.002501
1585226022.944116 25.333659 0.002502
1585226023.043116 25.333269 0.002502
1585226023.142116 25.330800 0.002501
1585226023.241117 25.332882 0.002500
1585226023.340117 25.332762 0.002501
1585226023.439117 25.332604 0.002500
1585226023.538117 25.332062 0.002500
1585226023.637118 25.332032 0.002500
1585226023.736118 25.331659 0.002500
1585226023.835118 25.332762 0.002499
1585226023.934119 25.333315 0.002500
1585226024.033118 25.333697 0.002500
1585226024.132119 25.332951 0.002499
1585226024.231119 25.332854 0.002499
1585226024.330119 25.331451 0.002499
1585226024.429120 25.330471 0.002499
1585226024.528120 25.330744 0.002497
1585226024.627120 25.328951 0.002499
1585226024.726120 25.327731 0.002498
1585226024.825120 25.329060 0.002498
1585226024.924121 25.330367 0.002498
1585226025.023121 25.329926 0.002498
1585226025.122121 25.330552 0.002497
1585226025.221121 25.330063 0.002498
1585226025.320122 25.329691 0.002498
1585226025.419122 25.329055 0.002498
1585226025.485122 25.329622 0.002498
1585226025.551122 25.330906 0.002497
1585226025.617122 25.330222 0.002497
1585226025.716123 25.330389 0.002497
1585226025.815123 25.330900 0.002497
1585226025.914123 25.331498 0.002497
1585226026.013123 25.330798 0.002497
1585226026.112124 25.331794 0.002497
1585226026.211124 25.331493 0.002496
1585226026.310124 25.331421 0.002496
1585226026.409124 25.330784 0.002495
1585226026.508124 25.331204 0.002496
1585226026.607125 25.330778 0.002496
1585226026.706125 25.331878 0.002496
1585226026.805125 25.331953 0.002495
1585226026.904125 25.331745 0.002495
1585226027.003126 25.331784 0.002496
1585226027.102126 25.332602 0.002495
1585226027.201126 25.331961 0.002495
1585226027.300126 25.332044 0.002494
1585226027.399127 25.330689 0.002495
1585226027.498127 25.330347 0.002494
1585226027.597127 25.331327 0.002495
1585226027.696127 25.331227 0.002495
1585226027.795128 25.333203 0.002491
1585226027.894128 25.332159 0.002493
1585226027.993128 25.332145 0.002493
1585226028.092128 25.332562 0.002493
1585226028.191128 25.331261 0.002494
1585226028.290129 25.332581 0.002494
1585226028.389129 25.334162 0.002494
1585226028.488129 25.334123 0.002493
1585226028.587129 25.334179 0.002493
1585226028.686130 25.335349 0.002493
1585226028.785130 25.335144 0.002492
1585226028.884130 25.334753 0.002491
1585226028.983130 25.333979 0.002491
1585226029.082131 25.333768 0.002493
1585226029.181131 25.332717 0.002492
1585226029.280131 25.333468 0.002493
1585226029.379131 25.333557 0.002493
1585226029.478132 25.331831 0.002492
1585226029.577132 25.334154 0.002489
1585226029.676132 25.333794 0.002492
1585226029.775132 25.334087 0.002489
1585226029.874132 25.334599 0.002491
1585226029.973133 25.334804 0.002491
1585226030.072133 25.335758 0.002488
1585226030.171133 25.335268 0.002489
1585226030.270133 25.335140 0.002487
1585226030.336134 25.333958 0.002488
1585226030.402134 25.332598 0.002488
1585226030.468134 25.332231 0.002489
1585226030.534134 25.331258 0.002489
1585226030.633134 25.330693 0.002489
1585226030.732134 25.329959 0.002489
1585226030.831135 25.330573 0.002488
1585226030.930135 25.330961 0.002489
1585226031.029135 25.331960 0.002489
1585226031.128135 25.331671 0.002488
1585226031.227136 25.331087 0.002488
1585226031.326136 25.331118 0.002488
1585226031.425136 25.330932 0.002486
1585226031.524137 25.330204 0.002486
1585226031.623137 25.330540 0.002486
1585226031.722137 25.330922 0.002486
1585226031.821137 25.331789 0.002486
1585226031.920137 25.331789 0.002485
1585226032.019138 25.331477 0.002485
1585226032.118138 25.330621 0.002485
1585226032.184138 25.329576 0.002485
1585226032.283138 25.328946 0.002485
1585226032.382138 25.331105 0.002485
1585226032.481139 25.331959 0.002484
1585226032.580139 25.332593 0.002483
1585226032.679139 25.332418 0.002483
1585226032.778139 25.332404 0.002483
1585226032.877140 25.329895 0.002482
1585226032.976140 25.327424 0.002483
1585226033.075140 25.326877 0.002483
1585226033.174140 25.328903 0.002482
1585226033.273140 25.330108 0.002482
1585226033.372141 25.329282 0.002482
1585226033.504141 25.330274 0.002481
1585226033.636142 25.331268 0.002481
1585226033.768142 25.332008 0.002481
1585226033.900142 25.333616 0.002480
1585226033.999142 25.332863 0.002480
1585226034.131143 25.333470 0.002479
1585226034.263143 25.334462 0.002479
1585226034.395143 25.334419 0.002478
1585226034.527144 25.334747 0.002479
1585226034.659144 25.333179 0.002478
1585226034.791144 25.333202 0.002478
1585226034.923144 25.335612 0.002471
1585226035.022145 25.334391 0.002477
1585226035.154145 25.334693 0.002477
1585226035.253145 25.335235 0.002476
1585226035.352146 25.334589 0.002477
1585226035.451146 25.335283 0.002475
1585226035.583146 25.336469 0.002476
1585226035.715147 25.337144 0.002476
1585226035.814147 25.338076 0.002476
1585226035.913147 25.340007 0.002476
1585226036.012147 25.338902 0.002475
1585226036.111147 25.340807 0.002475
1585226036.210148 25.339562 0.002475
1585226036.342148 25.339693 0.002475
1585226036.474148 25.340264 0.002475
1585226036.606149 25.340408 0.002475
1585226036.738149 25.341194 0.002474
1585226036.870149 25.337732 0.002473
1585226037.002149 25.336563 0.002473
1585226037.134150 25.337342 0.002471
1585226037.266150 25.338497 0.002474
1585226037.398150 25.339222 0.002474
1585226037.530151 25.340972 0.002473
1585226037.662151 25.342719 0.002473
1585226037.761151 25.341905 0.002471
1585226037.860152 25.343276 0.002473
1585226037.959152 25.341743 0.002473
1585226038.058152 25.339672 0.002473
1585226038.157152 25.338026 0.002473
1585226038.256153 25.338687 0.002473
1585226038.355153 25.339080 0.002473
1585226038.454153 25.339669 0.002472
1585226038.586154 25.338562 0.002472
1585226038.685154 25.338959 0.002472
1585226038.817154 25.338851 0.002472
1585226038.949154 25.339071 0.002472
1585226039.081155 25.338507 0.002472
1585226039.213155 25.338393 0.002472
1585226039.378155 25.338978 0.002471
1585226039.543156 25.339670 0.002472
1585226039.708156 25.340344 0.002472
1585226039.873157 25.340882 0.002472
1585226040.005157 25.339586 0.002470
1585226040.137157 25.338898 0.002470
1585226040.269157 25.340091 0.002471
1585226040.401158 25.340348 0.002471
1585226040.566158 25.342030 0.002471
1585226040.698159 25.342606 0.002471
1585226040.830159 25.344254 0.002471
1585226040.962159 25.345546 0.002470
1585226041.094159 25.345773 0.002471
1585226041.193160 25.348075 0.002471
1585226041.325160 25.350347 0.002471
1585226041.457160 25.352879 0.002470
1585226041.589161 25.353533 0.002470
1585226041.721161 25.355989 0.002470
1585226041.853161 25.357844 0.002470
1585226042.018162 25.359907 0.002469
1585226042.150162 25.362878 0.002470
1585226042.282162 25.363955 0.002470
1585226042.447163 25.367442 0.002469
1585226042.579163 25.369484 0.002469
1585226042.711163 25.373927 0.002470
1585226042.876163 25.378730 0.002468
1585226043.008164 25.386865 0.002469
1585226043.173164 25.391050 0.002468
1585226043.338165 25.399881 0.002469
1585226043.503165 25.402710 0.002468
1585226043.668166 25.406551 0.002467
1585226043.833166 25.414397 0.002466
1585226043.998166 25.414427 0.002467
1585226044.163167 25.418464 0.002466
1585226044.328167 25.424300 0.002463
1585226044.493168 25.428268 0.002462
1585226044.658168 25.433612 0.002465
1585226044.790168 25.437770 0.002463
1585226044.922168 25.440477 0.002464
1585226045.054169 25.443025 0.002463
1585226045.186169 25.446795 0.002462
1585226045.318170 25.448738 0.002459
1585226045.450170 25.449863 0.002459
1585226045.582170 25.451336 0.002461
1585226045.714170 25.454362 0.002455
1585226045.846171 25.454132 0.002462
1585226045.978171 25.456111 0.002461
1585226046.110171 25.459263 0.002453
1585226046.242172 25.460222 0.002459
1585226046.374172 25.460554 0.002458
1585226046.506172 25.460161 0.002455
1585226046.638173 25.461488 0.002453
1585226046.770173 25.461952 0.002449
1585226046.902173 25.462643 0.002444
1585226047.034174 25.463184 0.002447
1585226047.166174 25.462154 0.002444
1585226047.298174 25.463088 0.002442
1585226047.430174 25.462094 0.002439
1585226047.562175 25.461324 0.002437
1585226047.694175 25.458484 0.002433
1585226047.826175 25.460143 0.002429
1585226047.958176 25.460306 0.002427
1585226048.090176 25.460334 0.002426
1585226048.189176 25.461730 0.002425
1585226048.321177 25.461939 0.002421
1585226048.453177 25.460738 0.002417
1585226048.585177 25.458588 0.002415
1585226048.717178 25.456227 0.002411
1585226048.849178 25.455797 0.002408
1585226048.948178 25.452606 0.002405
1585226049.080178 25.460186 0.002405
1585226049.245179 25.460186 0.002402
1585226049.377179 25.461117 0.002400
1585226049.476179 25.461601 0.002397
1585226049.575180 25.461759 0.002395
1585226049.674180 25.462624 0.002394
1585226049.773180 25.462463 0.002393
1585226049.872180 25.463209 0.002389
1585226049.971180 25.462700 0.002388
1585226050.070181 25.462778 0.002386
1585226050.202181 25.462323 0.002385
1585226050.301181 25.462133 0.002383
1585226050.433182 25.462302 0.002380
1585226050.565182 25.463082 0.002378
1585226050.664182 25.462489 0.002377
1585226050.763182 25.463062 0.002373
1585226050.862183 25.462755 0.002375
1585226050.961183 25.462391 0.002373
1585226051.060183 25.462286 0.002372
1585226051.159183 25.462069 0.002370
1585226051.258184 25.462287 0.002366
1585226051.324184 25.463028 0.002368
1585226051.390184 25.463799 0.002364
1585226051.489184 25.463759 0.002365
1585226051.555184 25.463542 0.002364
1585226051.621185 25.463313 0.002364
1585226051.720185 25.463253 0.002363
1585226051.819185 25.462699 0.002362
1585226051.885185 25.462366 0.002360
1585226051.984185 25.462282 0.002359
1585226052.083186 25.461183 0.002359
1585226052.182186 25.461413 0.002358
1585226052.281186 25.461952 0.002355
1585226052.380186 25.462095 0.002354
1585226052.479187 25.462510 0.002354
1585226052.578187 25.462928 0.002353
1585226052.677187 25.462903 0.002352
1585226052.776187 25.463845 0.002351
1585226052.875187 25.463579 0.002351
1585226052.974188 25.462733 0.002350
1585226053.040188 25.463312 0.002350
1585226053.139188 25.462458 0.002348
1585226053.238188 25.462792 0.002347
1585226053.337189 25.462920 0.002346
1585226053.403189 25.462676 0.002342
1585226053.469189 25.462586 0.002346
1585226053.535189 25.462444 0.002344
1585226053.634189 25.461464 0.002344
1585226053.733190 25.461590 0.002344
1585226053.832190 25.461007 0.002342
1585226053.931190 25.461351 0.002341
1585226054.030190 25.461526 0.002341
1585226054.096190 25.461164 0.002340
1585226054.195190 25.461331 0.002339
1585226054.294191 25.461177 0.002339
1585226054.426191 25.460199 0.002337
1585226054.525191 25.459020 0.002336
1585226054.624192 25.459220 0.002336
1585226054.723192 25.459061 0.002335
1585226054.822192 25.458745 0.002335
1585226054.954192 25.459059 0.002333
1585226055.053193 25.460187 0.002333
1585226055.152193 25.461749 0.002332
1585226055.251193 25.461175 0.002332
1585226055.317193 25.460858 0.002332
1585226055.383193 25.461573 0.002331
1585226055.449193 25.461400 0.002332
1585226055.548194 25.461235 0.002332
1585226055.647194 25.461234 0.002331
1585226055.746194 25.460142 0.002330
1585226055.845195 25.459908 0.002330
1585226055.944195 25.459934 0.002329
1585226056.043195 25.459908 0.002329
1585226056.142195 25.460263 0.002327
1585226056.241195 25.461532 0.002328
1585226056.340196 25.461784 0.002327
1585226056.439196 25.461877 0.002326
1585226056.571196 25.461561 0.002326
1585226056.670197 25.461046 0.002326
1585226056.769197 25.460767 0.002326
1585226056.868197 25.460694 0.002326
1585226056.967197 25.459914 0.002326
1585226057.066197 25.459427 0.002326
1585226057.165198 25.459919 0.002324
1585226057.264198 25.459657 0.002324
1585226057.363198 25.459751 0.002323
1585226057.495198 25.460204 0.002323
1585226057.594199 25.460268 0.002323
1585226057.693199 25.460494 0.002323
1585226057.759199 25.459827 0.002323
1585226057.825199 25.460266 0.002323
1585226057.924199 25.460420 0.002321
1585226057.990200 25.460370 0.002323
1585226058.089200 25.460498 0.002322
1585226058.188200 25.461917 0.002321
1585226058.287200 25.463042 0.002321
1585226058.386201 25.462544 0.002321
1585226058.485201 25.463422 0.002319
1585226058.584201 25.462118 0.002322
1585226058.716202 25.462469 0.002322
1585226058.848202 25.461630 0.002321
1585226058.980202 25.462307 0.002319
1585226059.112202 25.462653 0.002319
1585226059.277203 25.463202 0.002320
1585226059.442203 25.463823 0.002319
1585226059.607203 25.463396 0.002319
1585226059.805204 25.464031 0.002319
1585226060.003204 25.465651 0.002318
1585226060.168205 25.466300 0.002316
1585226060.366205 25.467048 0.002318
1585226060.597206 25.468095 0.002319
1585226060.795206 25.468431 0.002318
1585226060.960207 25.467875 0.002319
1585226061.125207 25.468889 0.002317
1585226061.290207 25.469039 0.002318
1585226061.455208 25.469856 0.002319
1585226061.620209 25.469916 0.002319
1585226061.785209 25.469673 0.002318
1585226061.950209 25.469408 0.002317
1585226062.082210 25.469242 0.002318
1585226062.214210 25.470151 0.002318
1585226062.346210 25.470730 0.002318
1585226062.478210 25.470877 0.002317
1585226062.610211 25.470507 0.002318
1585226062.742211 25.469363 0.002318
1585226062.874211 25.469160 0.002316
1585226062.973212 25.469475 0.002317
1585226063.072212 25.469408 0.002316
1585226063.171212 25.469711 0.002316
1585226063.270212 25.468776 0.002314
1585226063.369212 25.468472 0.002315
1585226063.468213 25.467811 0.002315
1585226063.567213 25.467213 0.002315
1585226063.666213 25.466365 0.002315
1585226063.765213 25.466476 0.002315
1585226063.864214 25.465973 0.002315
1585226063.996214 25.464703 0.002315
1585226064.128214 25.464270 0.002313
1585226064.227215 25.463234 0.002314
1585226064.359215 25.462227 0.002313
1585226064.491215 25.461456 0.002312
1585226064.623215 25.459587 0.002312
1585226064.755216 25.457782 0.002311
1585226064.887216 25.457025 0.002311
1585226065.019216 25.456711 0.002310
1585226065.151217 25.455126 0.002310
1585226065.283217 25.454540 0.002309
1585226065.415217 25.453880 0.002308
1585226065.547218 25.452314 0.002308
1585226065.679218 25.451101 0.002305
1585226065.811219 25.450265 0.002306
1585226065.976219 25.449477 0.002305
1585226066.108219 25.448315 0.002304
1585226066.240219 25.447956 0.002303
1585226066.372220 25.446420 0.002303
1585226066.504220 25.445288 0.002301
1585226066.603220 25.443547 0.002302
1585226066.702220 25.442838 0.002301
1585226066.801221 25.441505 0.002302
1585226066.900221 25.440645 0.002299
1585226067.032221 25.439665 0.002298
1585226067.164222 25.440388 0.002298
1585226067.296222 25.440343 0.002298
1585226067.428222 25.439694 0.002297
1585226067.527222 25.439509 0.002296
1585226067.626223 25.439794 0.002296
1585226067.725223 25.439874 0.002296
1585226067.824223 25.440021 0.002296
1585226067.923223 25.439452 0.002294
1585226068.022224 25.439299 0.002295
1585226068.088224 25.439293 0.002294
1585226068.187224 25.439266 0.002293
1585226068.253224 25.438782 0.002293
1585226068.319224 25.438230 0.002292
1585226068.385224 25.437944 0.002292
1585226068.451225 25.437861 0.002293
1585226068.517225 25.437531 0.002293
1585226068.583225 25.436393 0.002293
1585226068.682225 25.435682 0.002292
1585226068.781225 25.434847 0.002292
1585226068.880225 25.434017 0.002292
1585226068.979226 25.433198 0.002291
1585226069.078226 25.432595 0.002291
1585226069.177226 25.431294 0.002291
1585226069.276227 25.430056 0.002289
1585226069.375227 25.429376 0.002289
1585226069.474227 25.428732 0.002290
1585226069.573227 25.427571 0.002289
1585226069.672228 25.427104 0.002287
1585226069.738228 25.426630 0.002289
1585226069.804228 25.426184 0.002288
1585226069.870228 25.425357 0.002288
1585226069.969228 25.424970 0.002288
1585226070.068228 25.423700 0.002288
1585226070.167229 25.423009 0.002288
1585226070.266229 25.422013 0.002287
1585226070.365229 25.421054 0.002287
1585226070.464229 25.420356 0.002287
1585226070.563230 25.419064 0.002287
1585226070.662230 25.418059 0.002286
1585226070.761230 25.417448 0.002286
1585226070.860230 25.416850 0.002286
1585226070.926230 25.416720 0.002286
1585226071.025231 25.415781 0.002285
1585226071.124231 25.414529 0.002285
1585226071.223231 25.414196 0.002285
1585226071.322231 25.413912 0.002285
1585226071.421232 25.412705 0.002284
1585226071.520232 25.411359 0.002284
1585226071.619232 25.410446 0.002284
1585226071.751233 25.410226 0.002284
1585226071.850233 25.409495 0.002284
1585226071.949233 25.409034 0.002284
1585226072.048233 25.408692 0.002284
1585226072.147233 25.407882 0.002284
1585226072.246234 25.406323 0.002283
1585226072.345234 25.405720 0.002283
1585226072.444234 25.404634 0.002283
1585226072.543234 25.403757 0.002283
1585226072.642235 25.402639 0.002282
1585226072.741235 25.401960 0.002282
1585226072.840235 25.401370 0.002282
1585226072.939235 25.400597 0.002282
1585226073.038235 25.399745 0.002282
1585226073.137236 25.399420 0.002282
1585226073.236236 25.398236 0.002282
1585226073.335236 25.397174 0.002282
1585226073.434237 25.396908 0.002282
1585226073.533237 25.395735 0.002282
1585226073.632237 25.395020 0.002281
1585226073.731237 25.394672 0.002281
1585226073.830237 25.394119 0.002281
1585226073.929238 25.393810 0.002281
1585226074.028238 25.393344 0.002281
1585226074.127238 25.393251 0.002281
1585226074.226238 25.392787 0.002281
1585226074.325238 25.392460 0.002281
1585226074.424239 25.391605 0.002281
1585226074.523239 25.391424 0.002280
1585226074.589239 25.391326 0.002281
1585226074.688239 25.390814 0.002280
1585226074.787240 25.390325 0.002281
1585226074.886240 25.389314 0.002280
1585226074.985240 25.388964 0.002280
1585226075.084240 25.388521 0.002280
1585226075.216241 25.388286 0.002280
1585226075.315241 25.387629 0.002280
1585226075.414241 25.387519 0.002280
1585226075.513241 25.387071 0.002280
1585226075.612242 25.386615 0.002280
1585226075.744242 25.385854 0.002280
1585226075.843242 25.385213 0.002280
1585226075.942242 25.385388 0.002279
1585226076.041243 25.384769 0.002279
1585226076.173243 25.384202 0.002279
1585226076.305243 25.383615 0.002279
1585226076.404243 25.383483 0.002279
1585226076.503244 25.382857 0.002279
1585226076.602244 25.382498 0.002279
1585226076.701244 25.382331 0.002279
1585226076.800245 25.382141 0.002279
1585226076.899245 25.381830 0.002279
1585226076.998245 25.381593 0.002279
1585226077.097245 25.381510 0.002278
1585226077.196245 25.381015 0.002279
1585226077.295246 25.380735 0.002278
1585226077.394246 25.380280 0.002278
1585226077.493246 25.379660 0.002278
1585226077.592246 25.379341 0.002278
1585226077.691247 25.378855 0.002278
1585226077.790247 25.378445 0.002278
1585226077.889247 25.378088 0.002277
1585226077.988247 25.378108 0.002276
1585226078.087248 25.377225 0.002277
1585226078.153248 25.376828 0.002278
1585226078.252248 25.376293 0.002277
1585226078.351248 25.376143 0.002278
1585226078.450248 25.375425 0.002278
1585226078.549248 25.374762 0.002278
1585226078.648249 25.374411 0.002278
1585226078.747249 25.373832 0.002278
1585226078.846249 25.373497 0.002278
1585226078.945250 25.373233 0.002277
1585226079.044250 25.373167 0.002278
1585226079.143250 25.372835 0.002278
1585226079.242250 25.372415 0.002277
1585226079.341251 25.371982 0.002277
1585226079.440251 25.371534 0.002277
1585226079.539251 25.370992 0.002277
1585226079.638251 25.370507 0.002277
1585226079.737251 25.369975 0.002276
1585226079.836252 25.369998 0.002277
1585226079.935252 25.369216 0.002277
1585226080.034252 25.368532 0.002277
1585226080.133252 25.367778 0.002277
1585226080.199252 25.367633 0.002277
1585226080.265253 25.367288 0.002277
1585226080.364253 25.367241 0.002277
1585226080.463253 25.366844 0.002277
1585226080.562253 25.366239 0.002277
1585226080.661254 25.366219 0.002277
1585226080.760254 25.365944 0.002276
1585226080.859254 25.366018 0.002277
1585226080.958254 25.365830 0.002277
1585226081.057255 25.365089 0.002277
1585226081.156255 25.365096 0.002277
1585226081.255255 25.364731 0.002277
1585226081.354255 25.364111 0.002277
1585226081.453255 25.364132 0.002277
1585226081.552256 25.363552 0.002277
1585226081.651256 25.363338 0.002277
1585226081.750256 25.363155 0.002277
1585226081.849257 25.363188 0.002277
1585226081.948257 25.362428 0.002277
1585226082.047257 25.361869 0.002277
1585226082.146257 25.361386 0.002277
1585226082.245257 25.361208 0.002277
1585226082.311258 25.361043 0.002277
1585226082.410258 25.360834 0.002277
1585226082.509258 25.360533 0.002277
1585226082.608258 25.359797 0.002277
1585226082.707258 25.359232 0.002277
1585226082.839259 25.359045 0.002277
1585226082.971259 25.358177 0.002277
1585226083.103259 25.357428 0.002277
1585226083.235260 25.357414 0.002276
1585226083.367260 25.357384 0.002277
1585226083.499260 25.356813 0.002276
1585226083.631261 25.355998 0.002276
1585226083.796261 25.355677 0.002277
1585226083.961262 25.354852 0.002276
1585226084.159262 25.354074 0.002276
1585226084.357262 25.352880 0.002276
1585226084.555263 25.351988 0.002276
1585226084.753263 25.350768 0.002276
1585226084.951264 25.349496 0.002276
1585226085.116264 25.348706 0.002276
1585226085.281265 25.347314 0.002276
1585226085.446265 25.346670 0.002276
1585226085.611265 25.345177 0.002276
1585226085.743266 25.343618 0.002276
1585226085.908266 25.342873 0.002276
1585226086.073267 25.340736 0.002276
1585226086.238267 25.339204 0.002276
1585226086.403267 25.337872 0.002275
1585226086.568268 25.336044 0.002276
1585226086.733268 25.334892 0.002275
1585226086.865268 25.333552 0.002276
1585226086.997269 25.332047 0.002276
1585226087.129269 25.330898 0.002276
1585226087.261269 25.330095 0.002276
1585226087.393270 25.329735 0.002275
1585226087.525270 25.328893 0.002275
1585226087.657270 25.327902 0.002276
1585226087.789271 25.327015 0.002276
1585226087.921271 25.327011 0.002276
1585226088.053271 25.325945 0.002276
1585226088.185272 25.325214 0.002276
1585226088.350272 25.324698 0.002276
1585226088.515272 25.324920 0.002276
1585226088.614273 25.324581 0.002276
1585226088.746273 25.324303 0.002275
1585226088.911273 25.323087 0.002275
1585226089.109274 25.321809 0.002275
1585226089.274274 25.321354 0.002275
1585226089.439275 25.320475 0.002274
1585226089.604275 25.320091 0.002274
1585226089.736275 25.320255 0.002274
1585226089.868275 25.319567 0.002274
1585226090.000276 25.319609 0.002273
1585226090.132276 25.319961 0.002273
1585226090.264277 25.319874 0.002273
1585226090.396277 25.319851 0.002272
1585226090.495277 25.320094 0.002272
1585226090.627277 25.320344 0.002272
1585226090.759278 25.320852 0.002270
1585226090.858278 25.320645 0.002271
1585226090.957278 25.321082 0.002271
1585226091.056278 25.321533 0.002271
1585226091.155279 25.321646 0.002271
1585226091.287279 25.321821 0.002270
1585226091.419279 25.321634 0.002270
1585226091.584280 25.321713 0.002269
1585226091.716280 25.321975 0.002269
1585226091.848280 25.321904 0.002269
1585226091.980281 25.322174 0.002268
1585226092.112281 25.322206 0.002268
1585226092.244281 25.323108 0.002268
1585226092.376281 25.323250 0.002267
1585226092.475282 25.323371 0.002267
1585226092.574282 25.323841 0.002267
1585226092.673282 25.323888 0.002267
1585226092.772283 25.324140 0.002266
1585226092.871283 25.324367 0.002266
1585226093.003283 25.324313 0.002266
1585226093.168283 25.324123 0.002265
1585226093.300284 25.324066 0.002265
1585226093.432284 25.324353 0.002264
1585226093.564284 25.324289 0.002264
1585226093.696285 25.324468 0.002264
1585226093.828285 25.325056 0.002263
1585226093.927285 25.324818 0.002263
1585226094.026286 25.324827 0.002263
1585226094.125286 25.325085 0.002262
1585226094.224286 25.324733 0.002261
1585226094.356286 25.324410 0.002261
1585226094.455287 25.324046 0.002262
1585226094.554287 25.324281 0.002262
1585226094.653287 25.324105 0.002261
1585226094.752287 25.324108 0.002261
1585226094.851288 25.323901 0.002261
1585226094.950288 25.324089 0.002261
1585226095.049288 25.323969 0.002261
1585226095.148288 25.324395 0.002260
1585226095.214288 25.323925 0.002261
1585226095.313288 25.323900 0.002260
1585226095.412289 25.324045 0.002260
1585226095.478289 25.324408 0.002259
1585226095.544289 25.324098 0.002260
1585226095.643289 25.324202 0.002260
1585226095.742290 25.324445 0.002259
1585226095.808290 25.324273 0.002258
1585226095.874290 25.324645 0.002259
1585226095.940290 25.325653 0.002259
1585226096.006290 25.325400 0.002259
1585226096.105290 25.325847 0.002259
1585226096.204291 25.325651 0.002259
1585226096.303291 25.325499 0.002259
1585226096.435291 25.326058 0.002258
1585226096.567292 25.326436 0.002259
1585226096.666292 25.326243 0.002259
1585226096.765292 25.326153 0.002259
1585226096.831292 25.325533 0.002258
1585226096.897292 25.326065 0.002258
1585226096.996293 25.326223 0.002258
1585226097.161293 25.326103 0.002258
1585226097.293293 25.325788 0.002258
1585226097.425294 25.325725 0.002257
1585226097.590294 25.325595 0.002258
1585226097.722294 25.326408 0.002257
1585226097.854295 25.326535 0.002257
1585226097.953295 25.326660 0.002257
1585226098.052295 25.327070 0.002257
1585226098.184295 25.326479 0.002256
1585226098.316296 25.326295 0.002257
1585226098.448296 25.326675 0.002257
1585226098.547297 25.327005 0.002257
1585226098.679297 25.326762 0.002257
1585226098.778297 25.326022 0.002256
1585226098.877297 25.326044 0.002256
1585226098.976297 25.326232 0.002256
1585226099.075298 25.326478 0.002255
1585226099.174298 25.326476 0.002256
1585226099.273298 25.326531 0.002256
1585226099.405298 25.327505 0.002256
1585226099.504299 25.327656 0.002256
1585226099.603299 25.327796 0.002256
1585226099.702299 25.327855 0.002256
1585226099.834300 25.328003 0.002256
1585226099.933300 25.327878 0.002255
1585226100.032300 25.327891 0.002255
1585226100.131300 25.328132 0.002256
1585226100.263301 25.328591 0.002256
1585226100.362301 25.328782 0.002256
1585226100.461301 25.328916 0.002256
1585226100.560301 25.328331 0.002255
1585226100.659302 25.328211 0.002254
1585226100.791302 25.327883 0.002255
1585226100.923302 25.327533 0.002255
1585226101.055302 25.327300 0.002256
1585226101.187303 25.327109 0.002255
1585226101.319303 25.327310 0.002256
1585226101.418303 25.327561 0.002255
1585226101.550304 25.327601 0.002256
1585226101.649304 25.327666 0.002256
1585226101.781304 25.327743 0.002255
1585226101.880304 25.328106 0.002255
1585226101.979305 25.328133 0.002255
1585226102.111305 25.327950 0.002255
1585226102.210305 25.328154 0.002255
1585226102.309305 25.328431 0.002255
1585226102.441306 25.328753 0.002255
1585226102.573306 25.328842 0.002255
1585226102.705306 25.329553 0.002255
1585226102.804307 25.329920 0.002255
1585226102.936307 25.328985 0.002254
1585226103.035307 25.329175 0.002254
1585226103.134307 25.329483 0.002255
1585226103.233308 25.329095 0.002254
1585226103.332308 25.329094 0.002255
1585226103.431308 25.329178 0.002255
1585226103.530308 25.329523 0.002255
1585226103.629309 25.329367 0.002255
1585226103.728309 25.328893 0.002255
1585226103.827309 25.328914 0.002255
1585226103.959309 25.328762 0.002255
1585226104.091310 25.328762 0.002255
1585226104.289310 25.328352 0.002255
1585226104.454310 25.329529 0.002255
1585226104.619311 25.328188 0.002255
1585226104.784311 25.327813 0.002253
1585226105.015312 25.327486 0.002254
1585226105.312313 25.326584 0.002255
1585226105.576313 25.325622 0.002254
1585226105.741313 25.326009 0.002253
1585226105.906314 25.325352 0.002255
1585226106.137315 25.325685 0.002254
1585226106.368315 25.326009 0.002255
1585226106.566315 25.326721 0.002255
1585226106.764316 25.326977 0.002254
1585226106.929316 25.326882 0.002255
1585226107.094317 25.327203 0.002255
1585226107.259317 25.326923 0.002255
1585226107.457318 25.327487 0.002254
1585226107.655318 25.328102 0.002255
1585226107.820318 25.327054 0.002255
1585226107.952319 25.326658 0.002253
1585226108.084319 25.327434 0.002255
1585226108.216320 25.327108 0.002252
1585226108.348320 25.326054 0.002255
1585226108.480320 25.328893 0.002254
1585226108.579320 25.329168 0.002255
1585226108.678321 25.329344 0.002255
1585226108.777321 25.329558 0.002255
1585226108.909321 25.330150 0.002255
1585226109.041322 25.331327 0.002254
1585226109.173322 25.331711 0.002254
1585226109.272322 25.332024 0.002254
1585226109.371322 25.332322 0.002254
1585226109.470322 25.332810 0.002254
1585226109.569323 25.333135 0.002254
1585226109.668323 25.333346 0.002254
1585226109.767323 25.333755 0.002254
1585226109.866323 25.334251 0.002254
1585226109.998324 25.335020 0.002254
1585226110.130324 25.335554 0.002254
1585226110.262324 25.336382 0.002254
1585226110.394325 25.337065 0.002251
1585226110.526325 25.337929 0.002253
1585226110.625325 25.338954 0.002253
1585226110.724325 25.339766 0.002254
1585226110.823326 25.340969 0.002253
1585226110.922326 25.342017 0.002253
1585226111.021326 25.342506 0.002254
1585226111.087326 25.342969 0.002254
1585226111.186327 25.343840 0.002253
1585226111.285327 25.344130 0.002253
1585226111.384327 25.344105 0.002252
1585226111.483327 25.344927 0.002250
1585226111.582328 25.345229 0.002254
1585226111.648328 25.345576 0.002254
1585226111.747328 25.345904 0.002254
1585226111.846328 25.345844 0.002254
1585226111.945328 25.346231 0.002254
1585226112.044328 25.345738 0.002254
1585226112.143329 25.345862 0.002254
1585226112.242329 25.346400 0.002254
1585226112.341329 25.346244 0.002253
1585226112.440330 25.346190 0.002253
1585226112.539330 25.346430 0.002254
1585226112.638330 25.347945 0.002253
1585226112.737330 25.347914 0.002252
1585226112.836330 25.348019 0.002254
1585226112.902331 25.348366 0.002254
1585226113.001331 25.348405 0.002253
1585226113.100331 25.348606 0.002254
1585226113.199331 25.348648 0.002254
1585226113.298332 25.348492 0.002252
1585226113.397332 25.348703 0.002254
1585226113.496332 25.348626 0.002252
1585226113.595332 25.348613 0.002254
1585226113.694332 25.348406 0.002254
1585226113.793333 25.347954 0.002253
1585226113.892333 25.348001 0.002254
1585226113.991333 25.349101 0.002254
1585226114.090333 25.349325 0.002254
1585226114.156334 25.349841 0.002254
1585226114.255334 25.349931 0.002254
1585226114.354334 25.348338 0.002253
1585226114.453334 25.347287 0.002251
1585226114.552335 25.346867 0.002253
1585226114.651335 25.345642 0.002254
1585226114.750335 25.345156 0.002253
1585226114.849335 25.343568 0.002251
1585226114.948336 25.342370 0.002252
1585226115.014336 25.341452 0.002254
1585226115.113336 25.340576 0.002252
1585226115.212336 25.340100 0.002253
1585226115.311337 25.338356 0.002253
1585226115.410336 25.337160 0.002253
1585226115.509337 25.337771 0.002253
1585226115.641337 25.335818 0.002253
1585226115.806338 25.334142 0.002254
1585226116.037338 25.330645 0.002254
1585226116.235338 25.328463 0.002254
1585226116.433339 25.327321 0.002253
1585226116.631340 25.325392 0.002254
1585226116.862340 25.324328 0.002253
1585226117.093341 25.321745 0.002252
1585226117.324341 25.317600 0.002254
1585226117.555342 25.317654 0.002254
1585226117.720342 25.319998 0.002253
1585226117.951343 25.322226 0.002253
1585226118.149343 25.324461 0.002253
1585226118.347344 25.326080 0.002254
1585226118.545344 25.328402 0.002253
1585226118.743345 25.329424 0.002252
1585226118.908345 25.328192 0.002254
1585226119.073345 25.328248 0.002253
1585226119.238346 25.328852 0.002254
1585226119.370346 25.329569 0.002253
1585226119.502346 25.327971 0.002254
1585226119.634347 25.329327 0.002254
1585226119.766347 25.330792 0.002254
1585226119.898347 25.330506 0.002252
1585226120.030348 25.327633 0.002249
1585226120.162348 25.328427 0.002248
1585226120.294348 25.330804 0.002250
1585226120.426348 25.331860 0.002254
1585226120.558349 25.332948 0.002253
1585226120.690349 25.332935 0.002254
1585226120.822350 25.333268 0.002254
1585226120.954350 25.332993 0.002253
1585226121.086350 25.331022 0.002254
1585226121.185350 25.328966 0.002253
1585226121.284351 25.328210 0.002254
1585226121.416351 25.327973 0.002254
1585226121.515351 25.329650 0.002254
1585226121.647352 25.331284 0.002254
1585226121.779352 25.334186 0.002254
1585226121.911352 25.334327 0.002254
1585226122.043352 25.334436 0.002254
1585226122.175353 25.335024 0.002254
1585226122.307353 25.329977 0.002242
1585226122.439353 25.329464 0.002252
1585226122.571354 25.329348 0.002252
1585226122.703354 25.329794 0.002254
1585226122.835354 25.330683 0.002253
1585226122.967355 25.330099 0.002253
1585226123.099355 25.330149 0.002253
1585226123.231355 25.330554 0.002253
1585226123.363356 25.332058 0.002253
1585226123.495356 25.332573 0.002253
1585226123.627356 25.331986 0.002252
1585226123.759356 25.331948 0.002253
1585226123.858357 25.329886 0.002253
1585226123.957357 25.329098 0.002253
1585226124.056357 25.324794 0.002252
1585226124.155357 25.327408 0.002252
1585226124.254358 25.328180 0.002252
1585226124.353358 25.329107 0.002253
1585226124.452358 25.328211 0.002253
1585226124.518358 25.323799 0.002247
1585226124.617359 25.321171 0.002250
1585226124.716359 25.319959 0.002251
1585226124.815359 25.319644 0.002251
1585226124.914359 25.318660 0.002252
1585226125.013360 25.317538 0.002252
1585226125.112360 25.317033 0.002252
1585226125.211360 25.316581 0.002251
1585226125.310360 25.316366 0.002252
1585226125.409360 25.316290 0.002252
1585226125.508361 25.316335 0.002251
1585226125.607361 25.316165 0.002252
1585226125.706361 25.316811 0.002252
1585226125.805362 25.316352 0.002252
1585226125.904362 25.316385 0.002252
1585226125.970362 25.316258 0.002251
1585226126.036362 25.316384 0.002251
1585226126.102362 25.316471 0.002251
1585226126.168362 25.316296 0.002251
1585226126.234362 25.316027 0.002251
1585226126.300363 25.317109 0.002246
1585226126.366363 25.315938 0.002251
1585226126.465363 25.315671 0.002250
1585226126.531363 25.314870 0.002251
1585226126.630363 25.314938 0.002251
1585226126.729364 25.314807 0.002250
1585226126.828364 25.315270 0.002251
1585226126.927364 25.315814 0.002250
1585226127.026364 25.316249 0.002251
1585226127.125365 25.316539 0.002250
1585226127.224365 25.315800 0.002251
1585226127.323365 25.316044 0.002251
1585226127.455365 25.316511 0.002251
1585226127.587366 25.317432 0.002250
1585226127.686366 25.317259 0.002250
1585226127.785366 25.316462 0.002250
1585226127.884366 25.316471 0.002250
1585226127.983367 25.316519 0.002250
1585226128.082367 25.317060 0.002250
1585226128.181367 25.317045 0.002249
1585226128.247367 25.316856 0.002250
1585226128.313367 25.316324 0.002248
1585226128.379367 25.316178 0.002250
1585226128.478368 25.316413 0.002250
1585226128.577368 25.316602 0.002250
1585226128.676368 25.316527 0.002249
1585226128.775368 25.316451 0.002249
1585226128.874368 25.316303 0.002250
1585226128.973369 25.316052 0.002250
1585226129.072369 25.316744 0.002249
1585226129.171370 25.316386 0.002249
1585226129.270370 25.316420 0.002249
1585226129.369370 25.315955 0.002249
1585226129.468370 25.316039 0.002249
1585226129.567370 25.315541 0.002249
1585226129.666371 25.315413 0.002249
1585226129.765371 25.315044 0.002249
1585226129.864371 25.314528 0.002248
1585226129.930371 25.314637 0.002249
1585226129.996371 25.314470 0.002249
1585226130.062371 25.314669 0.002249
1585226130.128372 25.315057 0.002249
1585226130.194372 25.315623 0.002248
1585226130.260372 25.316028 0.002249
1585226130.359372 25.315758 0.002248
1585226130.458372 25.315125 0.002249
1585226130.557373 25.315015 0.002248
1585226130.656373 25.315615 0.002249
1585226130.755373 25.315531 0.002248
1585226130.854373 25.315385 0.002248
1585226130.953374 25.315076 0.002248
1585226131.019374 25.315332 0.002247
1585226131.118374 25.315293 0.002248
1585226131.217374 25.315468 0.002247
1585226131.316375 25.315691 0.002248
1585226131.415375 25.316261 0.002248
1585226131.514375 25.316279 0.002248
1585226131.613375 25.316918 0.002248
1585226131.712375 25.317209 0.002248
1585226131.811376 25.317455 0.002248
1585226131.910376 25.317874 0.002248
1585226132.042376 25.318309 0.002248
1585226132.141376 25.318274 0.002248
1585226132.240376 25.318562 0.002247
1585226132.339377 25.318846 0.002247
1585226132.438377 25.319035 0.002248
1585226132.537377 25.319555 0.002246
1585226132.636378 25.319743 0.002248
1585226132.735378 25.319714 0.002248
1585226132.834378 25.319552 0.002248
1585226132.933378 25.320288 0.002247
1585226133.032379 25.320657 0.002248
1585226133.131379 25.320666 0.002248
1585226133.230379 25.320557 0.002248
1585226133.329379 25.320893 0.002248
1585226133.428379 25.320962 0.002248
1585226133.494380 25.320951 0.002248
1585226133.560380 25.320579 0.002248
1585226133.659380 25.321021 0.002247
1585226133.758380 25.321602 0.002247
1585226133.857381 25.322357 0.002248
1585226133.989381 25.323158 0.002248
1585226134.154381 25.323892 0.002247
1585226134.352382 25.324898 0.002248
1585226134.550382 25.325373 0.002247
1585226134.748383 25.326183 0.002247
1585226134.979383 25.326947 0.002247
1585226135.177384 25.327187 0.002247
1585226135.342384 25.327659 0.002247
1585226135.507385 25.328993 0.002247
1585226135.639385 25.329569 0.002247
1585226135.771385 25.329780 0.002247
1585226135.903385 25.330778 0.002247
1585226136.035386 25.331865 0.002247
1585226136.200386 25.332396 0.002247
1585226136.365386 25.332999 0.002247
1585226136.530387 25.333333 0.002247
1585226136.695387 25.333610 0.002247
1585226136.860388 25.333986 0.002246
1585226136.992388 25.334440 0.002247
1585226137.124388 25.335005 0.002247
1585226137.256389 25.335587 0.002247
1585226137.388389 25.336372 0.002247
1585226137.553389 25.337612 0.002247
1585226137.685390 25.338149 0.002246
1585226137.817390 25.338401 0.002246
1585226137.949390 25.339022 0.002247
1585226138.048391 25.338878 0.002247
1585226138.147391 25.339312 0.002247
1585226138.246391 25.340058 0.002245
1585226138.345391 25.340945 0.002246
1585226138.444391 25.341300 0.002245
1585226138.543392 25.341693 0.002246
1585226138.642392 25.341513 0.002246
1585226138.741392 25.341912 0.002246
1585226138.840392 25.341715 0.002246
1585226138.972393 25.342096 0.002247
1585226139.071393 25.342577 0.002246
1585226139.170393 25.342689 0.002247
1585226139.269393 25.342930 0.002246
1585226139.368394 25.343534 0.002246
1585226139.467394 25.343882 0.002246
1585226139.566394 25.344202 0.002246
1585226139.665395 25.343988 0.002246
1585226139.764395 25.344744 0.002246
1585226139.896395 25.345445 0.002246
1585226139.995395 25.346083 0.002246
1585226140.127395 25.346820 0.002246
1585226140.226396 25.347604 0.002245
1585226140.325396 25.348240 0.002245
1585226140.424396 25.348610 0.002245
1585226140.523396 25.349151 0.002245
1585226140.622397 25.349165 0.002245
1585226140.721397 25.349276 0.002245
1585226140.820397 25.349038 0.002245
1585226140.919397 25.349344 0.002245
1585226141.018397 25.349851 0.002245
1585226141.117398 25.350258 0.002245
1585226141.216398 25.350769 0.002244
1585226141.315398 25.350917 0.002245
1585226141.414398 25.351466 0.002245
1585226141.480399 25.351208 0.002244
1585226141.579399 25.351898 0.002244
1585226141.678399 25.352144 0.002244
1585226141.777399 25.352775 0.002244
1585226141.876400 25.352979 0.002244
1585226141.975400 25.353351 0.002244
1585226142.074400 25.353645 0.002244
1585226142.173400 25.354351 0.002244
1585226142.272401 25.355408 0.002243
1585226142.404401 25.356239 0.002243
1585226142.536401 25.356862 0.002243
1585226142.635401 25.357417 0.002243
1585226142.734402 25.357534 0.002243
1585226142.833402 25.357761 0.002243
1585226142.899402 25.358119 0.002243
1585226142.965402 25.358720 0.002243
1585226143.064402 25.358750 0.002242
1585226143.196403 25.358796 0.002243
1585226143.295403 25.359129 0.002243
1585226143.394403 25.359377 0.002242
1585226143.493403 25.359335 0.002243
1585226143.559404 25.359805 0.002243
1585226143.625404 25.359894 0.002242
1585226143.691404 25.359659 0.002242
1585226143.757404 25.359542 0.002242
1585226143.823404 25.359602 0.002242
1585226143.889404 25.359585 0.002242
1585226143.955405 25.359554 0.002242
1585226144.021405 25.359517 0.002242
1585226144.087405 25.359635 0.002242
1585226144.153405 25.359851 0.002242
1585226144.219405 25.359788 0.002242
1585226144.285405 25.360156 0.002242
1585226144.351406 25.360017 0.002242
1585226144.417406 25.359691 0.002242
1585226144.483406 25.359626 0.002242
1585226144.549406 25.359997 0.002242
1585226144.615406 25.360184 0.002242
1585226144.681406 25.360327 0.002242
1585226144.747406 25.359797 0.002242
1585226144.813407 25.359604 0.002242
1585226144.912407 25.359726 0.002242
1585226144.978407 25.360035 0.002242
1585226145.077407 25.359754 0.002242
1585226145.176408 25.359371 0.002242
1585226145.275408 25.359303 0.002241
1585226145.341408 25.359629 0.002241
1585226145.407408 25.359449 0.002241
1585226145.473408 25.359864 0.002241
1585226145.572409 25.360061 0.002241
1585226145.638409 25.360206 0.002241
1585226145.737409 25.360319 0.002241
1585226145.836409 25.360683 0.002241
1585226145.935409 25.360757 0.002241
1585226146.034410 25.360718 0.002241
1585226146.133410 25.360588 0.002241
1585226146.232410 25.360335 0.002241
1585226146.331410 25.359819 0.002241
1585226146.430410 25.359567 0.002241
1585226146.496411 25.359452 0.002241
1585226146.595411 25.359292 0.002241
1585226146.694411 25.359373 0.002241
1585226146.793411 25.358768 0.002240
1585226146.892412 25.356187 0.002241
1585226146.958412 25.356595 0.002241
1585226147.024412 25.357669 0.002241
1585226147.090412 25.357478 0.002240
1585226147.156412 25.357299 0.002241
1585226147.222412 25.357827 0.002240
1585226147.321413 25.357636 0.002241
1585226147.420413 25.358086 0.002241
1585226147.519413 25.358057 0.002241
1585226147.618413 25.358300 0.002241
1585226147.750414 25.354621 0.002241
1585226147.849414 25.353646 0.002237
1585226147.948414 25.352097 0.002239
1585226148.080415 25.349399 0.002239
1585226148.212415 25.348042 0.002240
1585226148.344415 25.348960 0.002240
1585226148.443415 25.348170 0.002240
1585226148.542415 25.347371 0.002240
1585226148.641416 25.346647 0.002240
1585226148.740416 25.344966 0.002240
1585226148.839416 25.345483 0.002240
1585226148.971416 25.345145 0.002239
1585226149.136417 25.343645 0.002239
1585226149.334417 25.343066 0.002240
1585226149.565418 25.342900 0.002240
1585226149.730418 25.341830 0.002240
1585226149.928419 25.340605 0.002240
1585226150.126419 25.339309 0.002240
1585226150.357420 25.338984 0.002240
1585226150.555420 25.339208 0.002240
1585226150.753421 25.339927 0.002240
1585226150.918421 25.339360 0.002240
1585226151.083422 25.339278 0.002240
1585226151.215422 25.341127 0.002240
1585226151.347422 25.342223 0.002240
1585226151.512423 25.341517 0.002240
1585226151.644423 25.341846 0.002240
1585226151.776423 25.342135 0.002240
1585226151.875423 25.342544 0.002240
1585226151.974424 25.343071 0.002240
1585226152.073424 25.342912 0.002240
1585226152.172424 25.341861 0.002239
1585226152.271425 25.341725 0.002239
1585226152.403425 25.340659 0.002239
1585226152.502425 25.340142 0.002240
1585226152.601425 25.339280 0.002240
1585226152.700425 25.339131 0.002240
1585226152.799426 25.339913 0.002240
1585226152.865426 25.341890 0.002239
1585226152.931426 25.342628 0.002240
1585226152.997426 25.341820 0.002240
1585226153.096426 25.341861 0.002239
1585226153.195426 25.341750 0.002240
1585226153.294427 25.341435 0.002240
1585226153.393427 25.341910 0.002240
1585226153.492427 25.341901 0.002240
1585226153.591428 25.341687 0.002240
1585226153.690428 25.341891 0.002240
1585226153.789428 25.341893 0.002239
1585226153.888428 25.342558 0.002239
1585226153.987429 25.342372 0.002239
1585226154.119429 25.343128 0.002239
1585226154.251429 25.343329 0.002239
1585226154.383429 25.343560 0.002239
1585226154.515430 25.344270 0.002239
1585226154.647430 25.344079 0.002239
1585226154.779430 25.344154 0.002239
1585226154.911431 25.344314 0.002239
1585226155.010431 25.344471 0.002239
1585226155.109431 25.343805 0.002239
1585226155.241431 25.343747 0.002239
1585226155.373432 25.343585 0.002239
1585226155.505432 25.342600 0.002239
1585226155.637432 25.341977 0.002239
1585226155.769433 25.341156 0.002239
1585226155.901433 25.339932 0.002239
1585226156.066433 25.338992 0.002239
1585226156.297434 25.336696 0.002239
1585226156.495435 25.335016 0.002239
1585226156.726435 25.333013 0.002239
1585226156.957436 25.330703 0.002239
1585226157.122436 25.330921 0.002239
1585226157.287436 25.332367 0.002239
1585226157.485437 25.333222 0.002239
1585226157.650437 25.333174 0.002239
1585226157.815438 25.332325 0.002239
1585226157.980438 25.331892 0.002239
1585226158.112438 25.330855 0.002239
1585226158.244439 25.329652 0.002239
1585226158.376439 25.327994 0.002239
1585226158.508439 25.325478 0.002239
1585226158.640440 25.323529 0.002239
1585226158.739440 25.323493 0.002239
1585226158.937440 25.322101 0.002239
1585226159.102441 25.320513 0.002239
1585226159.300441 25.319179 0.002239
1585226159.498442 25.319080 0.002239
1585226159.696442 25.319054 0.002239
1585226159.828442 25.318555 0.002239
1585226159.960443 25.318626 0.002239
1585226160.092443 25.318128 0.002239
1585226160.224443 25.318557 0.002239
1585226160.389444 25.320918 0.002239
1585226160.554444 25.322849 0.002239
1585226160.719445 25.323728 0.002239
1585226160.884445 25.324051 0.002239
1585226161.016445 25.323891 0.002239
1585226161.148445 25.323889 0.002239
1585226161.280446 25.323854 0.002239
1585226161.412446 25.323842 0.002239
1585226161.544446 25.323847 0.002239
1585226161.676447 25.323413 0.002239
1585226161.808447 25.322809 0.002239
1585226161.973447 25.321687 0.002239
1585226162.138448 25.321051 0.002239
1585226162.303448 25.320299 0.002239
1585226162.468449 25.319813 0.002239
1585226162.633449 25.319425 0.002239
1585226162.798450 25.317882 0.002239
1585226162.963450 25.318984 0.002239
1585226163.161450 25.318634 0.002239
1585226163.359451 25.319393 0.002239
1585226163.590451 25.319312 0.002239
1585226163.788452 25.319296 0.002239
1585226164.019452 25.320306 0.002239
1585226164.250453 25.320809 0.002239
1585226164.481454 25.322058 0.002239
1585226164.712454 25.323760 0.002239
1585226164.877454 25.325158 0.002239
1585226165.042455 25.325924 0.002239
1585226165.207455 25.326297 0.002239
1585226165.372456 25.326622 0.002239
1585226165.504456 25.327279 0.002239
1585226165.603456 25.327956 0.002239
1585226165.702456 25.328512 0.002239
1585226165.801457 25.328701 0.002239
1585226165.933457 25.329078 0.002239
1585226166.065457 25.329339 0.002239
1585226166.197457 25.329732 0.002239
1585226166.329458 25.329279 0.002239
1585226166.461458 25.328451 0.002239
1585226166.560458 25.328295 0.002238
1585226166.692459 25.327649 0.002239
1585226166.791459 25.327333 0.002238
1585226166.890459 25.327348 0.002239
1585226166.989460 25.327375 0.002239
1585226167.088460 25.326959 0.002239
1585226167.187460 25.326735 0.002239
1585226167.286460 25.326899 0.002239
1585226167.385460 25.327385 0.002239
1585226167.484461 25.327583 0.002239
1585226167.583461 25.327376 0.002239
1585226167.682461 25.328448 0.002239
1585226167.781461 25.328530 0.002239
1585226167.880461 25.328938 0.002239
1585226168.012462 25.329420 0.002239
1585226168.111462 25.329433 0.002239
1585226168.210463 25.330329 0.002239
1585226168.309463 25.330442 0.002239
1585226168.441463 25.331581 0.002239
1585226168.540463 25.331889 0.002239
1585226168.672463 25.332248 0.002239
1585226168.804464 25.333582 0.002239
1585226168.969464 25.334444 0.002239
1585226169.167465 25.335909 0.002239
1585226169.365465 25.337297 0.002239
1585226169.563465 25.338488 0.002239
1585226169.761466 25.339769 0.002239
1585226170.091467 25.341476 0.002239
1585226170.520468 25.343331 0.002239
1585226170.949469 25.344323 0.002239
1585226171.312470 25.345356 0.002239
1585226171.576470 25.345883 0.002239
1585226171.807471 25.346388 0.002239
1585226171.972471 25.346375 0.002239
1585226172.137472 25.346913 0.002239
1585226172.269472 25.348016 0.002239
1585226172.401472 25.348898 0.002238
1585226172.533473 25.348446 0.002239
1585226172.665473 25.348727 0.002239
1585226172.764473 25.349475 0.002239
1585226172.863473 25.349318 0.002239
1585226172.962474 25.348929 0.002239
1585226173.061474 25.348964 0.002239
1585226173.160474 25.349096 0.002239
1585226173.259475 25.349963 0.002239
1585226173.358474 25.349402 0.002239
1585226173.457475 25.347597 0.002239
1585226173.556475 25.349378 0.002239
1585226173.655475 25.353332 0.002239
1585226173.754476 25.353358 0.002239
1585226173.853476 25.356187 0.002239
1585226173.952476 25.355824 0.002239
1585226174.051476 25.355813 0.002239
1585226174.150476 25.356212 0.002239
1585226174.249477 25.356040 0.002239
1585226174.348477 25.352429 0.002238
1585226174.447477 25.343191 0.002239
1585226174.546477 25.354081 0.002239
1585226174.645478 25.360681 0.002238
1585226174.744478 25.363834 0.002239
1585226174.843478 25.362699 0.002238
1585226174.942478 25.365046 0.002239
1585226175.041479 25.365833 0.002238
1585226175.140479 25.366263 0.002238
1585226175.272479 25.368887 0.002238
1585226175.371479 25.369067 0.002238
1585226175.470480 25.370472 0.002238
1585226175.569480 25.369098 0.002238
1585226175.701480 25.370547 0.002238
1585226175.800481 25.370866 0.002238
1585226175.899481 25.373697 0.002238
1585226175.998481 25.372326 0.002238
1585226176.097481 25.372205 0.002238
1585226176.196481 25.371038 0.002238
1585226176.295482 25.371145 0.002238
1585226176.394482 25.370550 0.002238
1585226176.493482 25.371861 0.002238
1585226176.592482 25.374208 0.002238
1585226176.724483 25.373427 0.002238
1585226176.856483 25.372687 0.002238
1585226176.988483 25.372750 0.002237
1585226177.087483 25.373404 0.002237
1585226177.186484 25.374022 0.002237
1585226177.318484 25.372329 0.002233
1585226177.450485 25.373097 0.002237
1585226177.549484 25.373032 0.002237
1585226177.681485 25.374112 0.002237
1585226177.813485 25.372394 0.002236
1585226177.912485 25.371140 0.002237
1585226178.011486 25.369843 0.002237
1585226178.110486 25.370375 0.002237
1585226178.209486 25.370389 0.002237
1585226178.308486 25.370143 0.002237
1585226178.407487 25.370378 0.002237
1585226178.506487 25.369657 0.002237
1585226178.605487 25.368779 0.002236
1585226178.704487 25.369701 0.002236
1585226178.803488 25.367464 0.002236
1585226178.935488 25.367877 0.002236
1585226179.067488 25.369304 0.002236
1585226179.166488 25.369686 0.002236
1585226179.298489 25.366488 0.002236
1585226179.430489 25.367027 0.002236
1585226179.562489 25.366806 0.002235
1585226179.694490 25.365627 0.002236
1585226179.826490 25.364434 0.002236
1585226179.958490 25.366771 0.002236
1585226180.090491 25.365895 0.002236
1585226180.222491 25.367218 0.002235
1585226180.354491 25.372771 0.002236
1585226180.519492 25.372295 0.002235
1585226180.651492 25.367619 0.002235
1585226180.783492 25.367617 0.002235
1585226180.882492 25.367210 0.002235
1585226180.981493 25.366934 0.002235
1585226181.080493 25.367262 0.002235
1585226181.212493 25.367430 0.002235
1585226181.311494 25.367063 0.002235
1585226181.410494 25.367247 0.002235
1585226181.509494 25.366849 0.002235
1585226181.641494 25.367626 0.002235
1585226181.740494 25.369117 0.002235
1585226181.839495 25.367879 0.002235
1585226181.938495 25.366811 0.002235
1585226182.037495 25.366653 0.002235
1585226182.136496 25.366459 0.002235
1585226182.235496 25.365964 0.002235
1585226182.334496 25.366057 0.002235
1585226182.433496 25.366338 0.002235
1585226182.532496 25.366182 0.002235
1585226182.631497 25.366091 0.002235
1585226182.730497 25.366243 0.002235
1585226182.829497 25.366174 0.002234
1585226182.928497 25.365782 0.002235
1585226183.027498 25.365671 0.002234
1585226183.159498 25.365898 0.002234
1585226183.258498 25.365571 0.002234
1585226183.357498 25.365547 0.002234
1585226183.456499 25.365618 0.002234
1585226183.555499 25.365415 0.002234
1585226183.654499 25.365475 0.002234
1585226183.753500 25.365120 0.002234
1585226183.852500 25.365563 0.002234
1585226183.951500 25.365564 0.002234
1585226184.050500 25.364821 0.002234
1585226184.182500 25.366376 0.002234
1585226184.314501 25.367006 0.002234
1585226184.446501 25.365536 0.002234
1585226184.545501 25.365560 0.002234
1585226184.644501 25.365343 0.002234
1585226184.743502 25.365642 0.002234
1585226184.842502 25.365201 0.002234
1585226184.941502 25.365079 0.002234
1585226185.040503 25.365084 0.002234
1585226185.139503 25.365538 0.002234
1585226185.238503 25.365576 0.002234
1585226185.337503 25.365331 0.002234
1585226185.502503 25.364932 0.002234
1585226185.634504 25.364505 0.002234
1585226185.766504 25.364581 0.002234
1585226185.898504 25.364622 0.002234
1585226186.030505 25.364494 0.002234
1585226186.162505 25.364057 0.002234
1585226186.294505 25.363703 0.002234
1585226186.426506 25.363830 0.002234
1585226186.558506 25.363467 0.002234
1585226186.690506 25.363348 0.002234
1585226186.822507 25.363190 0.002234
1585226186.921507 25.362823 0.002234
1585226187.020507 25.362903 0.002234
1585226187.119508 25.362300 0.002234
1585226187.218508 25.362340 0.002234
1585226187.317508 25.361856 0.002234
1585226187.416508 25.361568 0.002234
1585226187.515508 25.361868 0.002234
1585226187.614509 25.361584 0.002234
1585226187.713509 25.361635 0.002234
1585226187.812509 25.361323 0.002234
1585226187.911509 25.361228 0.002234
1585226188.010509 25.361832 0.002234
1585226188.109510 25.361025 0.002234
1585226188.208510 25.361117 0.002234
1585226188.307510 25.361075 0.002234
1585226188.406511 25.361718 0.002233
1585226188.538511 25.361640 0.002234
1585226188.670511 25.361264 0.002234
1585226188.802512 25.361693 0.002234
1585226188.967512 25.361828 0.002234
1585226189.132512 25.361434 0.002234
1585226189.330513 25.361628 0.002234
1585226189.561513 25.361212 0.002234
1585226189.759514 25.360626 0.002234
1585226189.957514 25.360259 0.002234
1585226190.122515 25.360080 0.002233
1585226190.254515 25.360161 0.002234
1585226190.386515 25.360415 0.002234
1585226190.518516 25.360885 0.002234
1585226190.683516 25.361840 0.002234
1585226190.848516 25.361366 0.002234
1585226191.046517 25.361021 0.002234
1585226191.211517 25.361254 0.002234
1585226191.376518 25.361356 0.002234
1585226191.574518 25.361655 0.002234
1585226191.805519 25.362223 0.002233
1585226192.036519 25.361692 0.002234
1585226192.267520 25.362145 0.002234
1585226192.531521 25.362355 0.002234
1585226192.762521 25.362268 0.002234
1585226193.059522 25.363372 0.002234
1585226193.653523 25.364064 0.002234
1585226194.280524 25.364308 0.002234
1585226194.907526 25.364263 0.002234
1585226195.237527 25.363319 0.002233
1585226195.732528 25.362614 0.002234
1585226196.227529 25.361974 0.002233
1585226196.689530 25.361020 0.002233
