DelayedMarginalization 0.00151088 1.04647e-06 0.0104183 1835
DelayedMarginalizationOnly 0.000730782 4.96363e-07 0.00694487 1835
EF-marginalizeFrame 0.00191948 1.09997e-06 0.010957 1835
FullSystem::trackNewCoarse 0.00697264 2.39326e-05 0.0442207 6510
FullSystem::trackNewCoarseNoIMU 0.00234348 2.40346e-06 0.0122655 116
FullSystemOptimize 0.149014 0.00040564 0.212296 1841
GraphUnrolling 0.0180574 0.000210021 0.0519368 16
IMUInitAddPose 3.48029e-05 6.92399e-10 0.00071299 1841
IMUInitOptimize 0.0218324 0.000107055 0.045759 13
IMUIntegration::finishKeyframeOperations 4.98307e-05 2.95842e-09 0.0019461 1823
InitializerFirstFrame 0.0342792 -nan 0.0342792 1
InitializerOtherFrames 0.0383716 0.000358746 0.0862885 68
MainMarginalization 0.00171827 1.05929e-06 0.010637 1835
MarginalizationReplacementBuildGraph 0.000995139 9.81019e-08 0.00147314 13
MarginalizationReplacementReplaceGraph 0.02148 0.000201402 0.0521038 13
MarginalizeMainGraph 0.000778857 3.96715e-07 0.00966087 1835
PGBA 0.0262902 7.00615e-05 0.0320767 3
PGBAFull 0.00619178 0.000153793 0.0348425 16
PrepareGraphForMainOptimization 0.0181641 0.000210628 0.0520601 16
VisualMarginalization 2.62348e-05 7.81646e-10 0.000853046 1835
activatePointsMT 0.0045919 4.26042e-06 0.0166938 1841
addActiveFrame 0.0605246 0.00588763 0.254108 6695
addIMUData 0.0010933 1.21503e-06 0.0180435 6510
addIMUDataToBA 0.000108021 9.84136e-09 0.0023271 6694
addKeyframeToBA 5.7553e-05 1.4361e-09 0.00077068 1841
afterCoarseTracking 3.99143e-07 1.2019e-10 0.000892599 6626
baIteration 0.0246722 3.36931e-05 0.0687756 10356
baMatrixInversion 0.00017102 8.66363e-09 0.00225092 10356
baUpdateBuildHessians 0.000615219 3.41111e-07 0.00996139 10356
coarseTrackingIteration 0.000603348 9.24148e-07 0.0104756 61356
computeBAUpdate 0.000889564 3.59448e-07 0.0102272 10356
computeCoarseUpdate 0.000327362 5.64479e-07 0.00917127 60498
computeFactorForCoarseGraphAndMarginalCovariances 0.00233826 6.52019e-07 0.0121142 1823
convertHAndBFromDSO 0.000106415 3.47395e-09 0.00207645 17690
debugPlot 8.94508e-08 3.59569e-15 4.61e-07 1841
debugPlotIDepthMap 5.08344e-07 1.2314e-11 0.000110352 1841
debugPlotIDepthMapFloat 3.35367e-08 2.45206e-16 5.51e-07 1841
deliverTrackedFrame 0.0513351 0.0059156 0.24675 6627
flagFramesForMarginalization 2.24323e-06 1.52433e-11 0.000136561 1841
fullCoarseTracking 0.00830286 2.73401e-05 0.0512462 6626
initObjectsAndMakeImage 0.00109118 9.3085e-08 0.00517716 6695
makeKeyframe 0.174024 0.000416861 0.246689 1841
makeKeyframeChangeTrackingRef 0.00195621 8.49311e-08 0.00487704 1841
makeNewTraces 0.00353747 1.80289e-07 0.00624865 1841
makeNonKeyframe 0.00403615 1.80466e-06 0.0100662 4786
marginalizeAndRemovePoints 0.00387683 8.71302e-07 0.00693501 1841
marginalizeFrame 0.00387751 1.40347e-06 0.0131317 1835
marginalizeFrameOverhead 0.00195378 1.80977e-07 0.00453278 1835
marginalizeFrames 0.00388178 1.453e-06 0.0131502 1841
newFrameAndNewResidualsForOldPoints 0.00109026 6.46423e-08 0.00311814 1841
printBiases 7.63302e-06 2.19582e-10 0.000289933 1841
printEigenValLine 1.6316e-07 2.84469e-15 9.51e-07 1841
printLogLine 0.000132663 6.5257e-08 0.00345258 1841
publishInMakeKeyframe 1.67094e-07 6.51178e-15 8.61e-07 1841
removeOutliers 0.000184375 3.70538e-09 0.00171974 1841
swapTrackingRef 0.000184548 1.04032e-07 0.00316381 1841
timeMeasurement 1.91906e-06 2.86676e-11 0.000421885 6695
traceNewCoarse 0.00367631 1.69158e-06 0.0100499 6627
updateBAValues 1.18849e-05 2.63624e-10 0.0019141 19083
zero 1.15904e-07 6.78005e-15 1.461e-06 6695
