1614247813.280044 19.210626 0.351395
1614247813.412044 19.185861 0.318962
1614247813.577045 19.199465 0.276051
1614247813.742045 19.217607 0.242949
1614247813.874045 19.254289 0.218808
1614247814.039046 19.241490 0.192640
1614247814.171046 19.259235 0.172682
1614247814.336047 19.250279 0.157001
1614247814.501047 19.242490 0.147789
1614247814.666047 19.272898 0.130751
1614247814.831048 19.276233 0.125275
1614247815.029048 19.310109 0.119067
1614247815.194048 19.287129 0.107621
1614247815.359049 19.337599 0.100195
1614247815.524050 19.369884 0.088028
1614247815.689050 19.409090 0.082417
1614247815.854050 19.446833 0.076298
1614247816.019051 19.479572 0.073646
1614247816.217051 19.519438 0.070777
1614247816.382051 19.568288 0.070253
1614247816.580052 19.601258 0.066794
1614247816.745052 19.580228 0.065462
1614247816.943053 19.576676 0.064818
1614247817.108053 19.586186 0.064460
1614247817.273053 19.595525 0.064386
1614247817.438054 19.578981 0.064258
1614247817.669055 19.570117 0.063962
1614247817.867055 19.551483 0.063549
1614247818.032055 19.523506 0.063151
1614247818.197056 19.503045 0.063025
1614247818.362056 19.498327 0.060489
1614247818.494056 19.480460 0.058203
1614247818.626057 19.482667 0.055414
1614247818.758057 19.472156 0.052229
1614247818.890057 19.477957 0.049350
1614247819.022058 19.475482 0.045822
1614247819.154058 19.486831 0.043736
1614247819.220058 19.486587 0.040544
1614247819.352058 19.498249 0.036255
1614247819.484059 19.499621 0.035303
1614247819.616059 19.500642 0.034081
1614247819.748060 19.505204 0.028861
1614247819.913059 19.528438 0.026486
1614247820.078060 19.541164 0.025313
1614247820.243061 19.549735 0.023713
1614247820.408061 19.567808 0.023340
1614247820.573061 19.574714 0.022750
1614247820.738062 19.588265 0.021271
1614247820.870062 19.588826 0.020878
1614247821.035062 19.597526 0.020625
1614247821.233063 19.605557 0.020464
1614247821.431063 19.640052 0.020536
1614247821.596064 19.610598 0.013973
1614247821.794064 19.605975 0.014294
1614247821.959064 19.594040 0.014131
1614247822.124065 19.588637 0.014032
1614247822.256065 19.586023 0.013831
1614247822.388066 19.558980 0.013637
1614247822.520066 19.550726 0.013403
1614247822.652066 19.544902 0.013156
1614247822.784066 19.542871 0.012916
1614247822.916067 19.532687 0.012596
1614247823.048067 19.520468 0.012257
1614247823.180067 19.510678 0.011970
1614247823.312068 19.497409 0.011633
1614247823.444068 19.496080 0.011388
1614247823.576068 19.496087 0.011075
1614247823.708069 19.498297 0.010868
1614247823.873069 19.499912 0.010589
1614247824.005069 19.500612 0.010407
1614247824.170070 19.500948 0.010194
1614247824.335070 19.509654 0.010026
1614247824.500070 19.529606 0.009921
1614247824.665071 19.533072 0.009807
1614247824.797071 19.542720 0.009757
1614247824.929071 19.544428 0.009717
1614247825.061072 19.533675 0.009660
1614247825.193072 19.535048 0.009616
1614247825.325072 19.539035 0.009579
1614247825.424073 19.539029 0.009564
1614247825.523073 19.535772 0.009531
1614247825.622073 19.536366 0.009517
1614247825.721073 19.537453 0.009503
1614247825.853074 19.538695 0.009491
1614247825.985074 19.536898 0.009468
1614247826.084074 19.537464 0.009452
1614247826.216074 19.538624 0.009442
1614247826.348075 19.536943 0.009435
1614247826.480075 19.537231 0.009433
1614247826.579075 19.540015 0.009418
1614247826.678076 19.540845 0.009413
1614247826.777076 19.540535 0.009410
1614247826.876076 19.543765 0.009410
1614247826.975076 19.538335 0.009401
1614247827.074077 19.542969 0.009399
1614247827.173077 19.545327 0.009403
1614247827.272077 19.545041 0.009404
1614247827.371077 19.549055 0.009407
1614247827.470078 19.548202 0.009404
1614247827.569078 19.545583 0.009400
1614247827.668078 19.547649 0.009426
1614247827.767078 19.548982 0.009425
1614247827.866078 19.549426 0.009422
1614247827.965079 19.547270 0.009421
1614247828.064079 19.547878 0.009420
1614247828.163079 19.548617 0.009418
1614247828.262079 19.546661 0.009417
1614247828.361079 19.549318 0.009416
1614247828.460080 19.550729 0.009415
1614247828.559080 19.551927 0.009414
1614247828.658080 19.549349 0.009411
1614247828.757081 19.544045 0.009409
1614247828.856081 19.544054 0.009409
1614247828.922081 19.546178 0.009408
1614247828.988081 19.550218 0.009408
1614247829.087081 19.549818 0.009408
1614247829.186082 19.549523 0.009406
1614247829.285082 19.547916 0.009406
1614247829.384082 19.549999 0.009406
1614247829.483082 19.554470 0.009405
1614247829.582082 19.553136 0.009405
1614247829.681083 19.552487 0.009403
1614247829.780083 19.553069 0.009402
1614247829.879083 19.554734 0.009401
1614247829.978083 19.553322 0.009399
1614247830.077084 19.551166 0.009399
1614247830.176084 19.552504 0.009398
1614247830.275084 19.552349 0.009397
1614247830.374084 19.552892 0.009395
1614247830.473085 19.552909 0.009394
1614247830.572085 19.553804 0.009393
1614247830.638085 19.554380 0.009391
1614247830.704085 19.554892 0.009391
1614247830.770085 19.554263 0.009389
1614247830.836086 19.554107 0.009389
1614247830.902086 19.554284 0.009386
1614247830.968086 19.553714 0.009386
1614247831.034086 19.554439 0.009385
1614247831.100086 19.554944 0.009385
1614247831.166086 19.558138 0.009385
1614247831.232086 19.557985 0.009384
1614247831.298086 19.557588 0.009383
1614247831.397087 19.556763 0.009383
1614247831.496087 19.556774 0.009379
1614247831.595087 19.557180 0.009379
1614247831.694088 19.556389 0.009377
1614247831.793088 19.556277 0.009375
1614247831.892088 19.556744 0.009373
1614247831.958088 19.555970 0.009372
1614247832.024088 19.556028 0.009370
1614247832.123088 19.558191 0.009371
1614247832.189089 19.556653 0.009368
1614247832.255089 19.556179 0.009365
1614247832.321089 19.556560 0.009365
1614247832.387089 19.555792 0.009365
1614247832.453089 19.556436 0.009361
1614247832.519089 19.559289 0.009362
1614247832.585089 19.562236 0.009360
1614247832.651090 19.562237 0.009359
1614247832.717090 19.560842 0.009357
1614247832.816090 19.560546 0.009355
1614247832.882090 19.559675 0.009353
1614247832.981090 19.557868 0.009349
1614247833.080091 19.557504 0.009345
1614247833.179091 19.554838 0.009340
1614247833.278091 19.551186 0.009333
1614247833.344091 19.548386 0.009330
1614247833.410092 19.547228 0.009327
1614247833.476092 19.547856 0.009326
1614247833.542092 19.547449 0.009325
1614247833.608092 19.545147 0.009322
1614247833.674092 19.546769 0.009319
1614247833.773092 19.544804 0.009314
1614247833.872093 19.544699 0.009311
1614247833.971093 19.545077 0.009307
1614247834.070093 19.540875 0.009302
1614247834.169093 19.544036 0.009302
1614247834.268093 19.542269 0.009296
1614247834.367094 19.541254 0.009294
1614247834.466094 19.541404 0.009289
1614247834.565094 19.542463 0.009287
1614247834.664094 19.540050 0.009283
1614247834.763095 19.539684 0.009281
1614247834.829095 19.535098 0.009276
1614247834.895095 19.536114 0.009275
1614247834.994095 19.534319 0.009273
1614247835.093096 19.534707 0.009269
1614247835.192096 19.535256 0.009271
1614247835.258096 19.533870 0.009270
1614247835.357096 19.534778 0.009267
1614247835.423096 19.536256 0.009264
1614247835.489096 19.535499 0.009261
1614247835.588097 19.533223 0.009259
1614247835.687097 19.530760 0.009252
1614247835.786097 19.531349 0.009251
1614247835.885097 19.533119 0.009248
1614247835.984097 19.535886 0.009247
1614247836.050098 19.536279 0.009245
1614247836.149098 19.537413 0.009243
1614247836.248098 19.534778 0.009239
1614247836.347098 19.528687 0.009231
1614247836.446099 19.526923 0.009229
1614247836.545099 19.527794 0.009230
1614247836.644099 19.529885 0.009228
1614247836.743099 19.527453 0.009223
1614247836.842099 19.527454 0.009221
1614247836.941100 19.528136 0.009216
1614247837.040100 19.528826 0.009218
1614247837.139100 19.530819 0.009211
1614247837.238101 19.532033 0.009213
1614247837.337101 19.528685 0.009208
1614247837.436101 19.534475 0.009206
1614247837.535101 19.538831 0.009210
1614247837.634101 19.537012 0.009209
1614247837.700102 19.539488 0.009208
1614247837.799102 19.540775 0.009205
1614247837.898102 19.535917 0.009203
1614247837.997102 19.537253 0.009198
1614247838.096103 19.535578 0.009185
1614247838.162103 19.539085 0.009188
1614247838.228103 19.537893 0.009187
1614247838.327103 19.538571 0.009186
1614247838.426103 19.541497 0.009179
1614247838.525104 19.540511 0.009180
1614247838.624104 19.542820 0.009175
1614247838.723104 19.545149 0.009175
1614247838.789104 19.545976 0.009170
1614247838.855104 19.547826 0.009172
1614247838.954105 19.545593 0.009172
1614247839.053105 19.545630 0.009170
1614247839.152105 19.547205 0.009166
1614247839.251105 19.551418 0.009163
1614247839.350106 19.550236 0.009155
1614247839.416106 19.543862 0.009158
1614247839.515106 19.545991 0.009161
1614247839.614106 19.547578 0.009160
1614247839.713106 19.550266 0.009155
1614247839.812107 19.551138 0.009154
1614247839.911107 19.553752 0.009152
1614247839.977107 19.553666 0.009151
1614247840.043107 19.550664 0.009133
1614247840.109107 19.553373 0.009149
1614247840.175107 19.554040 0.009146
1614247840.274108 19.555070 0.009146
1614247840.373108 19.554536 0.009143
1614247840.472108 19.555111 0.009138
1614247840.571108 19.558687 0.009137
1614247840.637109 19.561525 0.009138
1614247840.703109 19.562434 0.009137
1614247840.802109 19.560968 0.009133
1614247840.901109 19.559806 0.009129
1614247841.000109 19.561836 0.009127
1614247841.099110 19.563348 0.009121
1614247841.198110 19.570291 0.009121
1614247841.297110 19.573334 0.009122
1614247841.396110 19.573101 0.009118
1614247841.495111 19.577701 0.009115
1614247841.594111 19.578183 0.009111
1614247841.660111 19.577992 0.009106
1614247841.726111 19.577535 0.009107
1614247841.792111 19.578226 0.009105
1614247841.858111 19.578306 0.009099
1614247841.957112 19.578709 0.009095
1614247842.023112 19.581808 0.009087
1614247842.089112 19.582012 0.009095
1614247842.155112 19.579887 0.009093
1614247842.221112 19.579656 0.009090
1614247842.287112 19.577686 0.009089
1614247842.353112 19.577845 0.009085
1614247842.452113 19.581294 0.009080
1614247842.551113 19.580354 0.009083
1614247842.617113 19.580645 0.009080
1614247842.683114 19.580095 0.009076
1614247842.749114 19.582308 0.009077
1614247842.815114 19.585604 0.009078
1614247842.914114 19.586608 0.009076
1614247843.013114 19.585654 0.009076
1614247843.112114 19.585615 0.009073
1614247843.211114 19.583392 0.009071
1614247843.310115 19.582534 0.009070
1614247843.409115 19.580923 0.009065
1614247843.508115 19.582029 0.009067
1614247843.607116 19.585300 0.009063
1614247843.706116 19.585348 0.009064
1614247843.772116 19.583185 0.009064
1614247843.838116 19.582551 0.009063
1614247843.904116 19.582140 0.009064
1614247843.970116 19.577976 0.009060
1614247844.036116 19.576940 0.009063
1614247844.102117 19.573707 0.009060
1614247844.201117 19.574352 0.009061
1614247844.300117 19.571383 0.009058
1614247844.399117 19.570619 0.009061
1614247844.498118 19.570502 0.009059
1614247844.564118 19.570786 0.009059
1614247844.630118 19.569208 0.009055
1614247844.729118 19.568234 0.009054
1614247844.795119 19.571708 0.009054
1614247844.861119 19.570940 0.009048
1614247844.927119 19.571958 0.009056
1614247844.993119 19.571777 0.009053
1614247845.092119 19.571286 0.009054
1614247845.158119 19.568052 0.009049
1614247845.224120 19.565389 0.009045
1614247845.290120 19.568142 0.009056
1614247845.356120 19.567494 0.009056
1614247845.422120 19.567320 0.009051
1614247845.488120 19.567145 0.009050
1614247845.554121 19.566509 0.009053
1614247845.620121 19.566469 0.009054
1614247845.686121 19.567422 0.009055
1614247845.752121 19.569241 0.009053
1614247845.818121 19.569298 0.009051
1614247845.884121 19.568262 0.009054
1614247845.983121 19.565904 0.009053
1614247846.082121 19.568343 0.009052
1614247846.148122 19.568920 0.009052
1614247846.214122 19.567574 0.009051
1614247846.280122 19.564765 0.009054
1614247846.379122 19.564179 0.009054
1614247846.478122 19.563370 0.009052
1614247846.544123 19.562345 0.009050
1614247846.610123 19.559585 0.009051
1614247846.676123 19.557546 0.009050
1614247846.742123 19.557902 0.009052
1614247846.841123 19.558293 0.009047
1614247846.940124 19.559353 0.009052
1614247847.039124 19.560490 0.009048
1614247847.138124 19.560307 0.009050
1614247847.237124 19.560178 0.009052
1614247847.336124 19.561585 0.009051
1614247847.435125 19.561337 0.009050
1614247847.534125 19.558477 0.009052
1614247847.633125 19.559198 0.009050
1614247847.732126 19.559397 0.009049
1614247847.831126 19.556595 0.009051
1614247847.930126 19.555480 0.009050
1614247848.029126 19.554585 0.009049
1614247848.095126 19.553032 0.009051
1614247848.161126 19.550689 0.009035
1614247848.227127 19.548294 0.009048
1614247848.293127 19.548224 0.009045
1614247848.359127 19.549540 0.009049
1614247848.458127 19.550389 0.009050
1614247848.524127 19.547741 0.009048
1614247848.590128 19.551818 0.009051
1614247848.656128 19.551602 0.009047
1614247848.722128 19.550372 0.009051
1614247848.788128 19.550127 0.009051
1614247848.854128 19.547769 0.009051
1614247848.920128 19.546891 0.009050
1614247848.986128 19.545831 0.009050
1614247849.052129 19.548456 0.009050
1614247849.151129 19.551037 0.009050
1614247849.250129 19.553388 0.009049
1614247849.349129 19.554285 0.009047
1614247849.448130 19.553080 0.009047
1614247849.547130 19.554871 0.009048
1614247849.646130 19.557065 0.009046
1614247849.745130 19.555471 0.009049
1614247849.811130 19.553793 0.009045
1614247849.877131 19.555404 0.009041
1614247849.943131 19.555533 0.009039
1614247850.009131 19.555422 0.009043
1614247850.075131 19.558158 0.009046
1614247850.174131 19.558660 0.009049
1614247850.273132 19.561374 0.009050
1614247850.372132 19.562915 0.009043
1614247850.471132 19.562809 0.009046
1614247850.570132 19.559052 0.009047
1614247850.669132 19.560354 0.009047
1614247850.768133 19.559188 0.009047
1614247850.867133 19.560401 0.009046
1614247850.966133 19.560910 0.009045
1614247851.065133 19.561037 0.009048
1614247851.131134 19.563451 0.009046
1614247851.197134 19.563983 0.009047
1614247851.263134 19.564535 0.009047
1614247851.329134 19.564927 0.009038
1614247851.428134 19.566421 0.009047
1614247851.527134 19.568412 0.009045
1614247851.593135 19.567759 0.009047
1614247851.659135 19.568485 0.009045
1614247851.725135 19.568381 0.009046
1614247851.791135 19.570730 0.009048
1614247851.890135 19.571676 0.009047
1614247851.989136 19.573436 0.009048
1614247852.055136 19.574518 0.009045
1614247852.121136 19.577150 0.009046
1614247852.187136 19.576092 0.009045
1614247852.253136 19.572412 0.009041
1614247852.352136 19.572052 0.009045
1614247852.484137 19.573122 0.009044
1614247852.583137 19.573500 0.009045
1614247852.748137 19.572112 0.009045
1614247852.880138 19.568260 0.009046
1614247853.012138 19.566630 0.009045
1614247853.144138 19.570424 0.009042
1614247853.276139 19.570913 0.009045
1614247853.408139 19.571692 0.009044
1614247853.540139 19.572989 0.009041
1614247853.672139 19.573200 0.009044
1614247853.804140 19.575480 0.009043
1614247853.903140 19.576560 0.009043
1614247854.002140 19.575938 0.009043
1614247854.101140 19.576555 0.009043
1614247854.200141 19.578001 0.009043
1614247854.299141 19.576928 0.009043
1614247854.398141 19.575724 0.009044
1614247854.497142 19.576311 0.009040
1614247854.563142 19.577596 0.009043
1614247854.662142 19.577389 0.009041
1614247854.761142 19.578593 0.009039
1614247854.827142 19.578485 0.009024
1614247854.893142 19.575960 0.009036
1614247854.959142 19.572785 0.009042
1614247855.058143 19.569502 0.009039
1614247855.157143 19.567864 0.009032
1614247855.256143 19.567919 0.009040
1614247855.355143 19.569097 0.009041
1614247855.454144 19.566727 0.009040
1614247855.553144 19.564509 0.009039
1614247855.652144 19.564779 0.009027
1614247855.751144 19.561881 0.009037
1614247855.883145 19.557293 0.009038
1614247855.982145 19.558811 0.009036
1614247856.081145 19.556345 0.009040
1614247856.180146 19.552923 0.009035
1614247856.279146 19.553174 0.009039
1614247856.378146 19.556505 0.009037
1614247856.477146 19.558153 0.009036
1614247856.576146 19.559073 0.009030
1614247856.675147 19.559207 0.009029
1614247856.774147 19.556750 0.009028
1614247856.873147 19.561031 0.009034
1614247856.939147 19.562901 0.009017
1614247857.038147 19.563337 0.009026
1614247857.137148 19.566165 0.009032
1614247857.236148 19.563473 0.009031
1614247857.335148 19.561103 0.009026
1614247857.434148 19.557773 0.009033
1614247857.533149 19.557793 0.009025
1614247857.632149 19.555029 0.009025
1614247857.731149 19.559121 0.009026
1614247857.830149 19.565378 0.009028
1614247857.929149 19.563556 0.009027
1614247858.028150 19.563732 0.009027
1614247858.127150 19.568185 0.009026
1614247858.226150 19.573916 0.009026
1614247858.325150 19.572827 0.009028
1614247858.424151 19.574186 0.009023
1614247858.523151 19.573590 0.009028
1614247858.622151 19.574546 0.009021
1614247858.721152 19.573803 0.009010
1614247858.820152 19.578596 0.009024
1614247858.919152 19.580133 0.009013
1614247859.018152 19.584612 0.008984
1614247859.117152 19.591134 0.009001
1614247859.216153 19.590203 0.009009
1614247859.315153 19.597107 0.009017
1614247859.414153 19.599772 0.008997
1614247859.513153 19.604457 0.009004
1614247859.612154 19.606807 0.009014
1614247859.711154 19.602060 0.009008
1614247859.810154 19.604674 0.009007
1614247859.909154 19.607883 0.009011
1614247860.008154 19.605309 0.009006
1614247860.140155 19.607895 0.009006
1614247860.272155 19.615333 0.009001
1614247860.404155 19.627681 0.008996
1614247860.536156 19.628120 0.009001
1614247860.668156 19.639709 0.008992
1614247860.767156 19.644410 0.008982
1614247860.866157 19.642023 0.008989
1614247860.998157 19.652779 0.008967
1614247861.130157 19.655100 0.008992
1614247861.229157 19.662093 0.008987
1614247861.361158 19.674763 0.008985
1614247861.493158 19.679821 0.008966
1614247861.625158 19.689385 0.008976
1614247861.757159 19.696322 0.008975
1614247861.889159 19.706989 0.008970
1614247862.021159 19.714691 0.008970
1614247862.153159 19.719598 0.008962
1614247862.285160 19.722796 0.008962
1614247862.417160 19.731736 0.008967
1614247862.549160 19.740902 0.008953
1614247862.681161 19.747252 0.008949
1614247862.846161 19.765516 0.008956
1614247863.011162 19.780459 0.008935
1614247863.176162 19.788146 0.008941
1614247863.374162 19.795010 0.008937
1614247863.572163 19.803819 0.008942
1614247863.737163 19.814076 0.008881
1614247863.902164 19.822406 0.008938
1614247864.067164 19.833926 0.008913
1614247864.265165 19.844843 0.008930
1614247864.463165 19.865232 0.008912
1614247864.628165 19.881659 0.008905
1614247864.793166 19.889242 0.008894
1614247864.991166 19.902060 0.008892
1614247865.189167 19.907089 0.008905
1614247865.420167 19.919567 0.008898
1614247865.651168 19.930097 0.008892
1614247865.948169 19.943537 0.008896
1614247866.245169 19.956807 0.008893
1614247866.575170 19.965095 0.008897
1614247866.905171 19.976038 0.008892
1614247867.235171 19.981433 0.008891
1614247867.598172 19.992641 0.008886
1614247867.994173 20.000391 0.008884
1614247868.456174 20.009773 0.008877
1614247869.215176 20.023075 0.008876
1614247869.413177 20.023354 0.008868
1614247869.578177 20.021848 0.008867
1614247869.710177 20.022876 0.008867
1614247869.908178 20.024599 0.008870
1614247888.949223 20.022193 0.008866
1614247889.543224 20.020486 0.008866
1614247890.038225 20.017695 0.008859
1614247890.467226 20.010906 0.008826
1614247890.863227 20.007743 0.008818
1614247891.127228 20.006844 0.008816
1614247891.424228 20.007404 0.008837
1614247891.655229 20.007171 0.008836
1614247891.886230 20.004725 0.008828
1614247892.183230 20.004423 0.008826
1614247892.381231 20.005508 0.008804
1614247892.645231 20.001465 0.008805
1614247892.876232 20.003337 0.008813
1614247893.107232 20.002303 0.008804
1614247893.338233 20.003129 0.008806
1614247893.536233 20.000547 0.008767
1614247893.734234 19.995964 0.008695
1614247893.932234 19.992671 0.008772
1614247894.097235 19.989184 0.008776
1614247894.295235 19.990459 0.008760
1614247894.427236 19.989031 0.008787
1614247894.559236 19.986647 0.008779
1614247894.658236 19.984338 0.008802
1614247894.790236 19.983768 0.008799
1614247894.889236 19.984685 0.008801
1614247894.988237 19.983088 0.008783
1614247895.087237 19.981802 0.008795
1614247895.186237 19.979401 0.008801
1614247895.285238 19.978396 0.008782
1614247895.384238 19.978522 0.008795
1614247895.483238 19.977174 0.008792
1614247895.582238 19.975228 0.008784
1614247895.681238 19.976186 0.008805
1614247895.780239 19.974613 0.008807
1614247895.879239 19.976214 0.008728
1614247895.978239 19.974688 0.008787
1614247896.077239 19.975508 0.008802
1614247896.176240 19.977406 0.008748
1614247896.275240 19.976381 0.008815
1614247896.374240 19.977311 0.008764
1614247896.473240 19.976749 0.008772
1614247896.572241 19.975467 0.008782
1614247896.671241 19.974316 0.008781
1614247896.803241 19.973126 0.008776
1614247896.968241 19.970013 0.008767
1614247897.067242 19.966136 0.008739
1614247897.166242 19.966756 0.008778
1614247897.265242 19.965379 0.008798
1614247897.364242 19.964025 0.008777
1614247897.463243 19.962429 0.008790
1614247897.562243 19.960780 0.008765
1614247897.661243 19.958604 0.008760
1614247897.760243 19.956837 0.008746
1614247897.859244 19.953585 0.008773
1614247897.958244 19.951210 0.008757
1614247898.057244 19.949591 0.008770
1614247898.156244 19.950735 0.008793
1614247898.255244 19.950319 0.008786
1614247898.354245 19.949742 0.008788
1614247898.453245 19.947951 0.008777
1614247898.552245 19.945196 0.008784
1614247898.651245 19.943798 0.008795
1614247898.750246 19.941924 0.008781
1614247898.849246 19.940513 0.008743
1614247898.915246 19.940094 0.008762
1614247899.014246 19.938822 0.008780
1614247899.113246 19.937424 0.008772
1614247899.245247 19.934994 0.008767
1614247899.377247 19.932683 0.008759
1614247899.476247 19.931378 0.008745
1614247899.575248 19.930084 0.008794
1614247899.674248 19.929592 0.008798
1614247899.773248 19.928959 0.008786
1614247899.839248 19.927841 0.008809
1614247899.938248 19.927954 0.008797
1614247900.004249 19.927357 0.008813
1614247900.103249 19.926914 0.008803
1614247900.202249 19.926180 0.008806
1614247900.301249 19.926005 0.008791
1614247900.433249 19.924092 0.008782
1614247900.532250 19.922042 0.008782
1614247900.631250 19.920864 0.008796
1614247900.730250 19.919754 0.008740
1614247900.829251 19.917897 0.008789
1614247900.928251 19.916215 0.008780
1614247901.027251 19.914947 0.008776
1614247901.126251 19.914723 0.008796
1614247901.225252 19.914286 0.008803
1614247901.324252 19.913046 0.008790
1614247901.423252 19.912103 0.008775
1614247901.522252 19.910440 0.008726
1614247901.621252 19.909722 0.008797
1614247901.720253 19.910157 0.008809
1614247901.819253 19.909990 0.008808
1614247901.918253 19.909197 0.008805
1614247902.017253 19.908647 0.008804
1614247902.116254 19.908588 0.008808
1614247902.182254 19.908476 0.008804
1614247902.248254 19.907921 0.008810
1614247902.314254 19.907208 0.008807
1614247902.380254 19.907091 0.008809
1614247902.479254 19.906780 0.008811
1614247902.578255 19.905809 0.008795
1614247902.677255 19.904453 0.008773
1614247902.776255 19.902873 0.008745
1614247902.875255 19.900498 0.008729
1614247902.974256 19.899940 0.008780
1614247903.073256 19.898479 0.008795
1614247903.172256 19.896337 0.008774
1614247903.271256 19.895289 0.008779
1614247903.370257 19.894704 0.008775
1614247903.469257 19.894801 0.008806
1614247903.568257 19.894945 0.008806
1614247903.667257 19.893441 0.008796
1614247903.766258 19.892340 0.008762
1614247903.865258 19.891116 0.008761
1614247903.964258 19.889380 0.008773
1614247904.063258 19.888832 0.008802
1614247904.162258 19.887636 0.008797
1614247904.261259 19.886099 0.008797
1614247904.360259 19.884744 0.008796
1614247904.459259 19.883595 0.008802
1614247904.558259 19.882539 0.008780
1614247904.657259 19.881295 0.008801
1614247904.756260 19.880844 0.008782
1614247904.855260 19.879915 0.008792
1614247904.954260 19.878941 0.008798
1614247905.053261 19.877955 0.008792
1614247905.152261 19.876488 0.008749
1614247905.251261 19.876565 0.008812
1614247905.350261 19.875641 0.008800
1614247905.416261 19.875427 0.008790
1614247905.482261 19.874915 0.008805
1614247905.548262 19.874858 0.008805
1614247905.614262 19.874563 0.008803
1614247905.680262 19.874028 0.008802
1614247905.746262 19.873652 0.008803
1614247905.812262 19.873362 0.008798
1614247905.878263 19.873013 0.008798
1614247905.944263 19.872677 0.008796
1614247906.010263 19.872148 0.008798
1614247906.076263 19.871724 0.008780
1614247906.142263 19.871370 0.008797
1614247906.241263 19.870810 0.008785
1614247906.340263 19.870104 0.008801
1614247906.406264 19.869731 0.008811
1614247906.472264 19.869559 0.008810
1614247906.538264 19.869595 0.008806
1614247906.604264 19.869409 0.008809
1614247906.670264 19.869098 0.008809
1614247906.736264 19.868715 0.008803
1614247906.802265 19.868558 0.008808
1614247906.868265 19.868102 0.008762
1614247906.967265 19.867464 0.008777
1614247907.066265 19.867720 0.008807
1614247907.132266 19.867747 0.008798
1614247907.198266 19.867422 0.008810
1614247907.264266 19.867009 0.008808
1614247907.363266 19.865956 0.008808
1614247907.462266 19.865424 0.008792
1614247907.561266 19.864681 0.008797
1614247907.660267 19.864126 0.008796
1614247907.726267 19.863906 0.008801
1614247907.792267 19.863620 0.008790
1614247907.891267 19.863059 0.008804
1614247907.990267 19.862560 0.008803
1614247908.056267 19.862483 0.008767
1614247908.122268 19.862205 0.008804
1614247908.188268 19.862195 0.008758
1614247908.254268 19.862331 0.008808
1614247908.320268 19.862202 0.008799
1614247908.386268 19.862152 0.008795
1614247908.452269 19.861958 0.008794
1614247908.518269 19.861884 0.008802
1614247908.617269 19.861384 0.008796
1614247908.683269 19.861118 0.008763
1614247908.782269 19.860523 0.008808
1614247908.881269 19.860183 0.008797
1614247908.980270 19.859864 0.008797
1614247909.079270 19.859437 0.008786
1614247909.178270 19.858679 0.008773
1614247909.277271 19.858738 0.008804
1614247909.376271 19.858200 0.008781
1614247909.475271 19.857694 0.008804
1614247909.574271 19.857059 0.008805
1614247909.673271 19.856622 0.008803
1614247909.772272 19.856141 0.008804
1614247909.871272 19.855718 0.008796
1614247909.970272 19.855354 0.008758
1614247910.036272 19.854608 0.008797
1614247910.102273 19.854176 0.008761
1614247910.168273 19.853597 0.008802
1614247910.234273 19.853296 0.008786
1614247910.300273 19.852974 0.008794
1614247910.399273 19.852587 0.008806
1614247910.498273 19.852660 0.008797
1614247910.597274 19.852398 0.008795
1614247910.663274 19.852255 0.008753
1614247910.729274 19.851708 0.008807
1614247910.795274 19.851386 0.008793
1614247910.894274 19.851083 0.008793
1614247910.993275 19.850491 0.008808
1614247911.092275 19.850227 0.008760
1614247911.191275 19.849886 0.008802
1614247911.257275 19.849868 0.008802
1614247911.356276 19.849614 0.008793
1614247911.455276 19.848933 0.008802
1614247911.554276 19.848477 0.008787
1614247911.653276 19.847783 0.008785
1614247911.752276 19.847690 0.008753
1614247911.818276 19.847857 0.008806
1614247911.884277 19.847493 0.008745
1614247911.983277 19.846952 0.008801
1614247912.082277 19.846379 0.008805
1614247912.148277 19.846316 0.008784
1614247912.247277 19.845622 0.008774
1614247912.346278 19.845315 0.008781
1614247912.445278 19.845014 0.008806
1614247912.544278 19.844881 0.008804
1614247912.610278 19.844312 0.008800
1614247912.709278 19.843812 0.008779
1614247912.808279 19.843333 0.008807
1614247912.907279 19.842858 0.008754
1614247913.006279 19.842298 0.008783
1614247913.105279 19.841995 0.008796
1614247913.204280 19.841919 0.008785
1614247913.303280 19.841859 0.008799
1614247913.402280 19.841310 0.008795
1614247913.501281 19.841091 0.008807
1614247913.567281 19.841334 0.008757
1614247913.633281 19.841147 0.008798
1614247913.732281 19.840891 0.008786
1614247913.831281 19.840279 0.008802
1614247913.963281 19.839763 0.008785
1614247914.062282 19.839528 0.008759
1614247914.161282 19.838941 0.008752
1614247914.260282 19.838901 0.008775
1614247914.359282 19.838707 0.008786
1614247914.458283 19.838741 0.008784
1614247914.557283 19.838418 0.008780
1614247914.656283 19.838348 0.008768
1614247914.755283 19.838453 0.008791
1614247914.854284 19.838200 0.008747
1614247914.953284 19.837986 0.008796
1614247915.052284 19.837526 0.008803
1614247915.151284 19.837170 0.008787
1614247915.250284 19.837219 0.008794
1614247915.349285 19.836955 0.008784
1614247915.448285 19.836742 0.008728
1614247915.580285 19.836020 0.008797
1614247915.679286 19.835583 0.008782
1614247915.778286 19.834902 0.008805
1614247915.910286 19.834356 0.008795
1614247916.009286 19.833765 0.008791
1614247916.108286 19.833406 0.008792
1614247916.207287 19.832953 0.008802
1614247916.306287 19.832386 0.008797
1614247916.372287 19.832317 0.008773
1614247916.438287 19.832457 0.008774
1614247916.504287 19.832154 0.008791
1614247916.570288 19.832048 0.008749
1614247916.636288 19.831697 0.008730
1614247916.702288 19.831270 0.008792
1614247916.768288 19.831119 0.008789
1614247916.867288 19.831111 0.008807
1614247916.966289 19.831035 0.008779
1614247917.032289 19.831065 0.008758
1614247917.098289 19.831046 0.008799
1614247917.197289 19.830746 0.008797
1614247917.296289 19.830887 0.008795
1614247917.428290 19.830605 0.008792
1614247917.527290 19.830061 0.008737
1614247917.626290 19.829515 0.008778
1614247917.725290 19.829108 0.008806
1614247917.824291 19.828819 0.008770
1614247917.923291 19.828612 0.008734
1614247918.055291 19.828150 0.008778
1614247918.220292 19.827558 0.008772
1614247918.385292 19.827810 0.008796
1614247918.517292 19.827103 0.008782
1614247918.649292 19.826930 0.008781
1614247918.781293 19.827078 0.008792
1614247918.880293 19.826643 0.008796
1614247918.979293 19.826217 0.008758
1614247919.078294 19.825792 0.008775
1614247919.177294 19.825755 0.008795
1614247919.243294 19.825801 0.008802
1614247919.342294 19.826049 0.008791
1614247919.408294 19.825801 0.008777
1614247919.507294 19.825331 0.008796
1614247919.606295 19.825469 0.008794
1614247919.672295 19.825309 0.008797
1614247919.738295 19.825076 0.008714
1614247919.804295 19.825066 0.008797
1614247919.870296 19.825482 0.008788
1614247919.936296 19.825358 0.008800
1614247920.002296 19.825593 0.008752
1614247920.101296 19.825214 0.008804
1614247920.167296 19.824649 0.008803
1614247920.233296 19.824711 0.008803
1614247920.299297 19.824531 0.008776
1614247920.365297 19.824110 0.008750
1614247920.431297 19.823847 0.008803
1614247920.497297 19.823881 0.008789
1614247920.563297 19.823859 0.008777
1614247920.629297 19.823883 0.008803
1614247920.728297 19.823726 0.008783
1614247920.827298 19.823772 0.008796
1614247920.926298 19.823626 0.008803
1614247921.025298 19.823115 0.008799
1614247921.124299 19.822943 0.008796
1614247921.190299 19.823032 0.008777
1614247921.256299 19.823017 0.008802
1614247921.322299 19.822776 0.008775
1614247921.388299 19.822713 0.008803
1614247921.454299 19.823152 0.008765
1614247921.520299 19.823244 0.008806
1614247921.586299 19.823144 0.008800
1614247921.652299 19.822783 0.008797
1614247921.718300 19.822604 0.008792
1614247921.817300 19.822527 0.008786
1614247921.916300 19.822241 0.008786
1614247922.015301 19.822263 0.008801
1614247922.114301 19.822177 0.008656
1614247922.213301 19.821617 0.008769
1614247922.279301 19.821040 0.008628
1614247922.345301 19.821174 0.008803
1614247922.411301 19.821499 0.008797
1614247922.477302 19.821137 0.008790
1614247922.543302 19.821114 0.008780
1614247922.609302 19.821272 0.008793
1614247922.708302 19.821406 0.008795
1614247922.807302 19.821317 0.008771
1614247922.873302 19.820966 0.008799
1614247922.939303 19.820712 0.008806
1614247923.005303 19.820569 0.008789
1614247923.071303 19.820664 0.008738
1614247923.137303 19.820767 0.008783
1614247923.203303 19.820606 0.008790
1614247923.269304 19.820326 0.008777
1614247923.335304 19.820074 0.008804
1614247923.401304 19.819615 0.008776
1614247923.467304 19.819584 0.008784
1614247923.533304 19.818943 0.008788
1614247923.599304 19.818999 0.008801
1614247923.665304 19.819203 0.008786
1614247923.731304 19.819021 0.008797
1614247923.797305 19.819116 0.008761
1614247923.863305 19.819274 0.008755
1614247923.962305 19.818976 0.008797
1614247924.061305 19.818506 0.008798
1614247924.127306 19.818167 0.008798
1614247924.193305 19.818089 0.008785
1614247924.259306 19.817687 0.008746
1614247924.325306 19.818802 0.008798
1614247924.391306 19.818461 0.008793
1614247924.457306 19.818251 0.008770
1614247924.523307 19.818291 0.008731
1614247924.589307 19.817958 0.008799
1614247924.655307 19.817518 0.008778
1614247924.721307 19.817444 0.008738
1614247924.787307 19.817193 0.008777
1614247924.853307 19.816843 0.008773
1614247924.919307 19.816721 0.008802
1614247924.985307 19.816190 0.008778
1614247925.051307 19.816266 0.008802
1614247925.117308 19.816424 0.008803
1614247925.183308 19.816088 0.008796
1614247925.249308 19.815915 0.008798
1614247925.315308 19.816294 0.008769
1614247925.381308 19.816143 0.008795
1614247925.447309 19.815730 0.008800
1614247925.513309 19.815738 0.008799
1614247925.612309 19.815841 0.008757
1614247925.678309 19.815415 0.008753
1614247925.744309 19.814932 0.008789
1614247925.810309 19.814284 0.008801
1614247925.876309 19.813484 0.008800
1614247925.942310 19.813355 0.008782
1614247926.008310 19.812989 0.008742
1614247926.074310 19.812353 0.008746
1614247926.140310 19.811866 0.008804
1614247926.206311 19.811490 0.008791
1614247926.272310 19.811684 0.008778
1614247926.338311 19.812528 0.008798
1614247926.404311 19.812492 0.008769
1614247926.470311 19.812275 0.008773
1614247926.536311 19.811951 0.008776
1614247926.602311 19.811828 0.008579
1614247926.668312 19.812140 0.008802
1614247926.734312 19.811684 0.008794
1614247926.800312 19.812112 0.008779
1614247926.866312 19.811471 0.008805
1614247926.932312 19.811566 0.008774
1614247927.031312 19.811545 0.008778
1614247927.097312 19.811151 0.008772
1614247927.196313 19.810896 0.008785
1614247927.295313 19.810504 0.008799
1614247927.394313 19.810210 0.008804
1614247927.493313 19.809638 0.008735
1614247927.592314 19.808793 0.008801
1614247927.691314 19.808579 0.008804
1614247927.790314 19.808515 0.008800
1614247927.889314 19.808238 0.008799
1614247927.988315 19.807565 0.008794
1614247928.054315 19.807142 0.008769
1614247928.153315 19.806775 0.008792
1614247928.219315 19.806407 0.008700
1614247928.285316 19.806431 0.008761
1614247928.351316 19.807686 0.008804
1614247928.417316 19.807650 0.008765
1614247928.483316 19.807403 0.008630
1614247928.549316 19.807550 0.008804
1614247928.615316 19.807248 0.008779
1614247928.681316 19.807432 0.008793
1614247928.747317 19.807234 0.008803
1614247928.813317 19.807033 0.008805
1614247928.879317 19.806649 0.008787
1614247928.945317 19.807277 0.008734
1614247929.011317 19.807127 0.008765
1614247929.110317 19.806487 0.008766
1614247929.209318 19.806412 0.008803
1614247929.308318 19.806041 0.008768
1614247929.407318 19.806171 0.008795
1614247929.506318 19.805634 0.008790
1614247929.572319 19.805703 0.008796
1614247929.638319 19.805207 0.008784
1614247929.737319 19.805293 0.008793
1614247929.836319 19.804942 0.008796
1614247929.935319 19.804836 0.008794
1614247930.034320 19.804499 0.008796
1614247930.100320 19.804166 0.008691
1614247930.166320 19.803643 0.008770
1614247930.232320 19.803550 0.008758
1614247930.298320 19.803503 0.008804
1614247930.364320 19.803527 0.008725
1614247930.430321 19.803367 0.008805
1614247930.496321 19.803262 0.008803
1614247930.562321 19.803132 0.008788
1614247930.628321 19.802642 0.008786
1614247930.694321 19.803055 0.008801
1614247930.760321 19.802769 0.008787
1614247930.826321 19.802500 0.008761
1614247930.892322 19.802364 0.008769
1614247930.958322 19.802229 0.008785
1614247931.024322 19.802537 0.008783
1614247931.090322 19.802422 0.008795
1614247931.156322 19.802200 0.008802
1614247931.222322 19.801750 0.008752
1614247931.288322 19.801790 0.008756
1614247931.354323 19.802027 0.008777
1614247931.420323 19.802162 0.008796
1614247931.486323 19.801965 0.008793
1614247931.552323 19.802386 0.008782
1614247931.618323 19.802128 0.008802
1614247931.684324 19.801910 0.008775
1614247931.783324 19.802002 0.008784
1614247931.882324 19.801579 0.008776
1614247931.981324 19.801641 0.008804
1614247932.047324 19.801225 0.008769
1614247932.113325 19.801332 0.008766
1614247932.212325 19.801389 0.008800
1614247932.311325 19.800808 0.008744
1614247932.410325 19.800599 0.008753
1614247932.509325 19.800325 0.008724
1614247932.608326 19.800483 0.008754
1614247932.707326 19.800577 0.008736
1614247932.806326 19.800042 0.008752
1614247932.872326 19.799944 0.008753
1614247932.971326 19.799173 0.008756
1614247933.070327 19.799025 0.008750
1614247933.136327 19.799152 0.008731
1614247933.202327 19.799124 0.008768
1614247933.268327 19.798199 0.008796
1614247933.334327 19.797795 0.008751
1614247933.433328 19.797676 0.008763
1614247933.532328 19.797466 0.008690
1614247933.631328 19.797218 0.008664
1614247933.730328 19.797308 0.008762
1614247933.829329 19.797726 0.008783
1614247933.928329 19.797591 0.008797
1614247934.027329 19.796998 0.008801
1614247934.126329 19.796322 0.008733
1614247934.225329 19.797455 0.008767
1614247934.324330 19.796592 0.008794
1614247934.423330 19.796541 0.008728
1614247934.522330 19.795868 0.008778
1614247934.621330 19.795668 0.008754
1614247934.720331 19.795330 0.008799
1614247934.819331 19.795456 0.008777
1614247934.918331 19.794894 0.008762
1614247935.017331 19.794587 0.008797
1614247935.116332 19.794254 0.008799
1614247935.215332 19.793565 0.008783
1614247935.281332 19.793297 0.008783
1614247935.380332 19.793135 0.008694
1614247935.446332 19.793084 0.008804
1614247935.512332 19.793332 0.008793
1614247935.578333 19.793388 0.008788
1614247935.677333 19.793394 0.008797
1614247935.776333 19.793275 0.008763
1614247935.875333 19.793068 0.008784
1614247935.941334 19.792806 0.008677
1614247936.040334 19.792354 0.008804
1614247936.106334 19.792207 0.008730
1614247936.172334 19.792367 0.008783
1614247936.238334 19.792174 0.008773
1614247936.304334 19.792311 0.008791
1614247936.370334 19.791834 0.008739
1614247936.436335 19.791574 0.008784
1614247936.502335 19.791254 0.008753
1614247936.601335 19.791329 0.008780
1614247936.700335 19.790854 0.008789
1614247936.799336 19.790857 0.008793
1614247936.898336 19.790837 0.008777
1614247936.997336 19.790781 0.008791
1614247937.096336 19.790807 0.008610
1614247937.162337 19.790683 0.008719
1614247937.228337 19.790462 0.008801
1614247937.294337 19.790496 0.008751
1614247937.393337 19.790232 0.008798
1614247937.459337 19.789959 0.008777
1614247937.525337 19.789947 0.008792
1614247937.591337 19.789825 0.008801
1614247937.657338 19.789893 0.008779
1614247937.723338 19.789908 0.008781
1614247937.822338 19.789876 0.008792
1614247937.921338 19.789830 0.008739
1614247938.020339 19.789304 0.008782
1614247938.119339 19.788872 0.008771
1614247938.185339 19.788675 0.008697
1614247938.251339 19.788737 0.008773
1614247938.350339 19.788645 0.008775
1614247938.449339 19.789232 0.008742
1614247938.548340 19.789004 0.008707
1614247938.647340 19.789305 0.008798
1614247938.746340 19.788982 0.008799
1614247938.812340 19.788685 0.008759
1614247938.878340 19.788748 0.008782
1614247938.944341 19.788581 0.008799
1614247939.010341 19.788537 0.008727
1614247939.109341 19.788584 0.008801
1614247939.175341 19.788954 0.008709
1614247939.241341 19.788738 0.008801
1614247939.307342 19.788911 0.008750
1614247939.373342 19.788262 0.008744
1614247939.439342 19.788928 0.008749
1614247939.505342 19.789324 0.008782
1614247939.571342 19.788789 0.008798
1614247939.637342 19.788527 0.008651
1614247939.703342 19.789259 0.008709
1614247939.769342 19.788959 0.008738
1614247939.835343 19.788711 0.008715
1614247939.901343 19.789063 0.008762
1614247939.967343 19.789892 0.008748
1614247940.033343 19.789990 0.008775
1614247940.099343 19.789852 0.008790
1614247940.165344 19.789488 0.008657
1614247940.231344 19.789524 0.008802
1614247940.297344 19.789544 0.008665
1614247940.363344 19.789857 0.008782
1614247940.462344 19.789609 0.008667
1614247940.561345 19.790040 0.008792
1614247940.660345 19.790114 0.008748
1614247940.759345 19.791136 0.008767
1614247940.825345 19.791342 0.008772
1614247940.924345 19.791998 0.008752
1614247940.990345 19.792019 0.008674
1614247941.089345 19.792487 0.008715
1614247941.188346 19.792169 0.008788
1614247941.320346 19.793142 0.008780
1614247941.419346 19.792659 0.008741
1614247941.485347 19.792618 0.008762
1614247941.551347 19.792622 0.008757
1614247941.617347 19.792414 0.008783
1614247941.683347 19.791917 0.008736
1614247941.749347 19.791803 0.008727
1614247941.848347 19.792697 0.008791
1614247941.947348 19.792954 0.008796
1614247942.013348 19.792933 0.008768
1614247942.079348 19.792101 0.008744
1614247942.178348 19.792578 0.008785
1614247942.277349 19.793468 0.008724
1614247942.376349 19.793757 0.008763
1614247942.475349 19.794739 0.008758
1614247942.574349 19.794771 0.008768
1614247942.673349 19.795789 0.008786
1614247942.772350 19.795407 0.008801
1614247942.871350 19.795230 0.008734
1614247942.970350 19.796018 0.008794
1614247943.069350 19.796087 0.008787
1614247943.168351 19.795936 0.008772
1614247943.267351 19.795322 0.008643
1614247943.366351 19.795899 0.008793
1614247943.465351 19.796101 0.008678
1614247943.564352 19.796486 0.008670
1614247943.663352 19.796273 0.008695
1614247943.762352 19.796027 0.008725
1614247943.861352 19.796474 0.008796
1614247943.960352 19.796300 0.008791
1614247944.059353 19.796874 0.008747
1614247944.158353 19.797491 0.008787
1614247944.257353 19.798350 0.008794
1614247944.356353 19.799692 0.008792
1614247944.455353 19.799066 0.008796
1614247944.554354 19.799136 0.008780
1614247944.653354 19.800246 0.008759
1614247944.752354 19.800239 0.008713
1614247944.851355 19.801033 0.008652
1614247944.950355 19.801557 0.008785
1614247945.049355 19.802596 0.008711
1614247945.148355 19.802876 0.008756
1614247945.214355 19.803631 0.008727
1614247945.280356 19.803132 0.008793
1614247945.346356 19.802844 0.008779
1614247945.445356 19.804039 0.008767
1614247945.544356 19.804553 0.008786
1614247945.643356 19.805316 0.008797
1614247945.742357 19.807673 0.008702
1614247945.841357 19.807732 0.008751
1614247945.940357 19.806647 0.008646
1614247946.039357 19.806548 0.008756
1614247946.138357 19.808558 0.008795
1614247946.237358 19.808821 0.008781
1614247946.336358 19.809509 0.008658
1614247946.435358 19.810015 0.008798
1614247946.534359 19.808222 0.008762
1614247946.633359 19.808111 0.008793
1614247946.732359 19.807178 0.008795
1614247946.831359 19.808176 0.008784
1614247946.930359 19.809071 0.008783
1614247947.029360 19.808201 0.008791
1614247947.128360 19.806476 0.008783
1614247947.227360 19.807273 0.008756
1614247947.326360 19.807891 0.008796
1614247947.425361 19.806355 0.008778
1614247947.524361 19.807198 0.008730
1614247947.623361 19.808787 0.008786
1614247947.722361 19.809447 0.008775
1614247947.821361 19.804704 0.008764
1614247947.920362 19.804426 0.008788
1614247948.019362 19.807189 0.008767
1614247948.118362 19.808284 0.008780
1614247948.250363 19.807866 0.008777
1614247948.382363 19.807834 0.008735
1614247948.514363 19.806268 0.008789
1614247948.646363 19.808013 0.008766
1614247948.745364 19.810828 0.008753
1614247948.844364 19.811601 0.008796
1614247948.943364 19.813762 0.008776
1614247949.042364 19.815068 0.008754
1614247949.141365 19.817118 0.008724
1614247949.240365 19.817163 0.008701
1614247949.339365 19.814632 0.008790
1614247949.438365 19.814282 0.008735
1614247949.570366 19.814783 0.008746
1614247949.702366 19.816689 0.008785
1614247949.834366 19.810566 0.008775
1614247949.966367 19.814312 0.008725
1614247950.098367 19.817430 0.008706
1614247950.230367 19.815225 0.008774
1614247950.362367 19.813696 0.008771
1614247950.461368 19.812721 0.008765
1614247950.593368 19.812426 0.008791
1614247950.725368 19.811299 0.008766
1614247950.857368 19.812295 0.008798
1614247950.989369 19.812052 0.008757
1614247951.121369 19.811751 0.008779
1614247951.220370 19.810649 0.008766
1614247951.352370 19.812813 0.008770
1614247951.484370 19.809742 0.008777
1614247951.616370 19.811006 0.008779
1614247951.748371 19.810245 0.008779
1614247951.880371 19.814138 0.008744
1614247951.979371 19.813905 0.008692
1614247952.078372 19.815378 0.008633
1614247952.177372 19.813097 0.008706
1614247952.309372 19.811927 0.008724
1614247952.441372 19.811195 0.008662
1614247952.606373 19.814518 0.008725
1614247952.738373 19.815495 0.008771
1614247952.870373 19.815614 0.008737
1614247953.035374 19.815929 0.008765
1614247953.200374 19.817995 0.008710
1614247953.365375 19.819769 0.008698
1614247953.497375 19.820550 0.008700
1614247953.629375 19.819655 0.008788
1614247953.794376 19.815933 0.008732
1614247953.959376 19.816078 0.008755
1614247954.124376 19.818247 0.008794
1614247954.289377 19.817777 0.008797
1614247954.421377 19.816393 0.008751
1614247954.553377 19.815202 0.008793
1614247954.685378 19.814595 0.008761
1614247954.817378 19.817079 0.008783
1614247954.949378 19.816655 0.008797
1614247955.081378 19.817014 0.008756
1614247955.246379 19.817494 0.008778
1614247955.378379 19.818928 0.008770
1614247955.543380 19.820018 0.008785
1614247955.708380 19.823673 0.008788
1614247955.873380 19.823738 0.008754
1614247956.038381 19.825894 0.008771
1614247956.236381 19.825758 0.008789
1614247956.434382 19.824727 0.008741
1614247956.599382 19.825696 0.008729
1614247956.797383 19.826962 0.008792
1614247956.962383 19.825269 0.008786
1614247957.160383 19.825874 0.008781
1614247957.358384 19.827835 0.008782
1614247957.556385 19.828256 0.008792
1614247957.754385 19.826790 0.008789
1614247957.952385 19.826912 0.008778
1614247958.183386 19.824926 0.008790
1614247958.381386 19.822972 0.008764
1614247958.612387 19.823608 0.008779
1614247958.810387 19.823720 0.008780
1614247959.008388 19.826547 0.008764
1614247959.206388 19.830324 0.008790
1614247959.371389 19.831607 0.008746
1614247959.503389 19.833177 0.008755
1614247959.668389 19.837191 0.008724
1614247959.833390 19.840861 0.008787
1614247960.031390 19.843324 0.008763
1614247960.196391 19.842572 0.008759
1614247960.328391 19.840790 0.008773
1614247960.493391 19.841244 0.008744
1614247960.658391 19.840898 0.008745
1614247960.790392 19.837563 0.008640
1614247960.889392 19.835388 0.008735
1614247961.153393 19.826359 0.008537
1614247961.384393 19.819852 0.008380
1614247961.615394 19.821915 0.008409
1614247961.813395 19.828508 0.008438
1614247962.011395 19.830070 0.008308
1614247962.209395 19.832816 0.008581
1614247962.506396 19.838548 0.008727
1614247962.737397 19.844806 0.008674
1614247962.935397 19.842867 0.008509
1614247963.133398 19.846382 0.008689
1614247963.331398 19.847242 0.008675
1614247963.595399 19.848477 0.008567
1614247963.826399 19.850061 0.008730
1614247964.090400 19.849652 0.008762
1614247964.420401 19.841462 0.008756
1614247964.684401 19.839587 0.008767
1614247965.113402 19.840717 0.008789
1614247965.575403 19.842304 0.008789
1614247966.235405 19.862713 0.008784
1614247967.225407 19.884351 0.008790
1614248009.267506 19.880169 0.008785
1614248009.663507 19.880153 0.008777
1614248009.861508 19.881048 0.008781
1614248010.653510 19.881363 0.008772
1614248011.346511 19.885498 0.008787
1614248011.907513 19.892873 0.008765
1614248012.270513 19.901761 0.008780
1614248012.633514 19.909590 0.008788
1614248012.930515 19.916871 0.008784
1614248013.161515 19.923141 0.008785
1614248013.392516 19.927383 0.008788
1614248013.557517 19.928922 0.008740
1614248013.722517 19.931749 0.008735
1614248013.821517 19.935332 0.008785
1614248013.920517 19.938507 0.008708
1614248014.019518 19.938327 0.008759
1614248014.316518 19.942813 0.008742
1614248014.613519 19.947778 0.008640
1614248014.877520 19.950577 0.008732
1614248015.108520 19.950494 0.008666
1614248015.372521 19.952902 0.008603
1614248015.603521 19.957087 0.008705
1614248015.834522 19.964925 0.008742
1614248016.098522 19.969684 0.008781
1614248016.329523 19.969308 0.008678
1614248016.560524 19.970429 0.008759
1614248016.725524 19.970510 0.008653
1614248016.890524 19.966540 0.008766
1614248017.055525 19.963608 0.008629
1614248017.253525 19.963720 0.008780
1614248017.451526 19.964423 0.008739
1614248017.682526 19.965309 0.008765
1614248017.880527 19.965061 0.008751
1614248018.078527 19.964840 0.008658
1614248018.276528 19.966566 0.008561
1614248018.408528 19.966469 0.008621
1614248018.540528 19.967074 0.008715
1614248018.672529 19.967722 0.008597
1614248018.837529 19.967629 0.008719
1614248018.969529 19.968889 0.008555
1614248019.101530 19.970952 0.008658
1614248019.233530 19.970726 0.008391
1614248019.365530 19.973711 0.008208
1614248019.497531 19.972079 0.008369
1614248019.629531 19.969574 0.008559
1614248019.728531 19.971277 0.008564
1614248019.827531 19.971055 0.008270
1614248019.926532 19.971207 0.008483
1614248020.025532 19.972150 0.006910
1614248020.124532 19.972800 0.008271
1614248020.223532 19.975049 0.008597
1614248020.322532 19.975111 0.008643
1614248020.454533 19.972518 0.008602
1614248020.586533 19.971245 0.008713
1614248020.685533 19.973472 0.008610
1614248020.784534 19.972659 0.008302
1614248020.883534 19.974614 0.007689
1614248020.982534 19.975115 0.008106
1614248021.081534 19.974410 0.008604
1614248021.180535 19.973747 0.008126
1614248021.279535 19.974290 0.008136
1614248021.378535 19.974870 0.008275
1614248021.477535 19.974447 0.008423
1614248021.609535 19.976826 0.008610
1614248021.741536 19.976710 0.008576
1614248021.873536 19.974952 0.008450
1614248022.005537 19.975151 0.008626
1614248022.170537 19.975457 0.008563
1614248022.335537 19.974835 0.008653
1614248022.500538 19.974398 0.008442
1614248022.632538 19.975013 0.008550
1614248022.764538 19.974726 0.008630
1614248022.929538 19.974932 0.008656
1614248023.061539 19.974800 0.008583
1614248023.193539 19.974822 0.008608
1614248023.292539 19.974788 0.008658
1614248023.424540 19.975369 0.008629
1614248023.523540 19.975800 0.008654
1614248023.655540 19.976345 0.008646
1614248023.787540 19.975744 0.008595
1614248023.952541 19.975928 0.008650
1614248024.117541 19.976387 0.008599
1614248024.249542 19.976363 0.008582
1614248024.381542 19.977333 0.008597
1614248024.513542 19.977484 0.008379
1614248024.645543 19.975330 0.008524
1614248024.744543 19.976172 0.008620
1614248024.843543 19.976000 0.008629
1614248024.975543 19.975918 0.008614
1614248025.074544 19.976530 0.008641
1614248025.239544 19.976449 0.008636
1614248025.404545 19.976826 0.008641
1614248025.503545 19.977152 0.008635
1614248025.602545 19.977474 0.008559
1614248025.734545 19.977723 0.008619
1614248025.800545 19.978214 0.008562
1614248025.899546 19.978401 0.008594
1614248025.998546 19.978253 0.008632
1614248026.097546 19.977942 0.008600
1614248026.229546 19.978433 0.008543
1614248026.328547 19.978268 0.008557
1614248026.427547 19.978132 0.008606
1614248026.493547 19.978264 0.008588
1614248026.625547 19.978273 0.008634
1614248026.757548 19.977818 0.008631
1614248026.856548 19.977354 0.008608
1614248026.922548 19.977263 0.008595
1614248027.021548 19.977454 0.008576
1614248027.120548 19.977736 0.008593
1614248027.219549 19.977516 0.008573
1614248027.318549 19.977565 0.008563
1614248027.417549 19.977290 0.008597
1614248027.516549 19.977167 0.008607
1614248027.582550 19.977240 0.008534
1614248027.681550 19.976945 0.008540
1614248027.780550 19.976772 0.008575
1614248027.879550 19.976618 0.008616
1614248027.978550 19.975884 0.008240
1614248028.077551 19.976349 0.008593
1614248028.209551 19.976013 0.008619
1614248028.308551 19.975763 0.008585
1614248028.407552 19.975943 0.008535
1614248028.506552 19.976070 0.008442
1614248028.605552 19.976117 0.008588
1614248028.704552 19.975513 0.008606
1614248028.803553 19.975279 0.008182
1614248028.902553 19.974666 0.008612
1614248029.001553 19.973928 0.008468
1614248029.133553 19.973248 0.008388
1614248029.265553 19.973038 0.008563
1614248029.397554 19.972672 0.008428
1614248029.496554 19.972374 0.008529
1614248029.628555 19.972051 0.008605
1614248029.727555 19.971460 0.008537
1614248029.826555 19.970879 0.008487
1614248029.925555 19.970947 0.008539
1614248030.024555 19.971023 0.008575
1614248030.123556 19.970894 0.008596
1614248030.222556 19.970520 0.008580
1614248030.321556 19.970767 0.008516
1614248030.420556 19.970480 0.008596
1614248030.519556 19.970578 0.008533
1614248030.585557 19.970687 0.008455
1614248030.717557 19.970948 0.008542
1614248030.816557 19.970200 0.008608
1614248030.915557 19.969793 0.008603
1614248031.014558 19.969601 0.008565
1614248031.113558 19.969559 0.008609
1614248031.212558 19.969532 0.008489
1614248031.311558 19.968842 0.008580
1614248031.410558 19.968447 0.008567
1614248031.476559 19.968623 0.008543
1614248031.575559 19.968669 0.008604
1614248031.674559 19.967902 0.008585
1614248031.740559 19.967731 0.008601
1614248031.839560 19.967512 0.008564
1614248031.938560 19.966924 0.008533
1614248032.037560 19.967188 0.008546
1614248032.136560 19.966831 0.008591
1614248032.235560 19.966505 0.008577
1614248032.367561 19.966137 0.008598
1614248032.466561 19.967469 0.008234
1614248032.598561 19.966745 0.008411
1614248032.664562 19.967444 0.008419
1614248032.763562 19.967062 0.008531
1614248032.862562 19.966835 0.008480
1614248032.961562 19.966572 0.008543
1614248033.093563 19.967358 0.008330
1614248033.192563 19.967702 0.008127
1614248033.291563 19.967806 0.008596
1614248033.390563 19.966190 0.008452
1614248033.489563 19.965871 0.008588
1614248033.588564 19.965266 0.008538
1614248033.687564 19.964944 0.008528
1614248033.786564 19.963978 0.008321
1614248033.852564 19.963275 0.008502
1614248033.951565 19.963624 0.008590
1614248034.050565 19.962174 0.008547
1614248034.149565 19.962035 0.008598
1614248034.248565 19.962405 0.008515
1614248034.347566 19.961070 0.008564
1614248034.413566 19.960684 0.008540
1614248034.512566 19.960097 0.008594
1614248034.611566 19.960464 0.008500
1614248034.710566 19.960108 0.008531
1614248034.809566 19.960517 0.008574
1614248034.875567 19.960148 0.008478
1614248034.974567 19.959409 0.008590
1614248035.073567 19.958880 0.008586
1614248035.172568 19.959191 0.008466
1614248035.271568 19.959395 0.008593
1614248035.370568 19.959780 0.008414
1614248035.469568 19.959881 0.008544
1614248035.568568 19.960025 0.008590
1614248035.634568 19.959268 0.008445
1614248035.733569 19.957922 0.008588
1614248035.832569 19.956404 0.008532
1614248035.931569 19.954966 0.008558
1614248035.997569 19.954885 0.008555
1614248036.096570 19.955334 0.008561
1614248036.195570 19.954275 0.008461
1614248036.294570 19.953170 0.008479
1614248036.393570 19.952977 0.008280
1614248036.525571 19.954086 0.008524
1614248036.657571 19.953798 0.008595
1614248036.855572 19.952317 0.008534
1614248036.954571 19.952178 0.008438
1614248037.053572 19.951974 0.008519
1614248037.152572 19.951547 0.008278
1614248037.251572 19.951679 0.008557
1614248037.350573 19.951399 0.008562
1614248037.449573 19.949640 0.008573
1614248037.548573 19.949073 0.008568
1614248037.647573 19.949773 0.008316
1614248037.746574 19.950457 0.008593
1614248037.845574 19.949944 0.008499
1614248037.944574 19.948289 0.008500
1614248038.043574 19.948010 0.008535
1614248038.142574 19.946811 0.008549
1614248038.241575 19.946667 0.008588
1614248038.340575 19.946559 0.008511
1614248038.439575 19.946258 0.008541
1614248038.538575 19.947045 0.008430
1614248038.637576 19.946826 0.008522
1614248038.736576 19.946527 0.008344
1614248038.835576 19.947543 0.008561
1614248038.934576 19.947006 0.008345
1614248039.033576 19.945822 0.008502
1614248039.132577 19.945237 0.008535
1614248039.231577 19.946219 0.008549
1614248039.330577 19.946640 0.008306
1614248039.429578 19.945192 0.008451
1614248039.561578 19.944411 0.008429
1614248039.660578 19.944892 0.007958
1614248039.726578 19.943527 0.008247
1614248039.825578 19.942768 0.008216
1614248039.924579 19.940939 0.008386
1614248039.990579 19.942050 0.008328
1614248040.089579 19.940919 0.008163
1614248040.155579 19.940380 0.008155
1614248040.221579 19.941533 0.008404
1614248040.287579 19.942208 0.008205
1614248040.386580 19.940897 0.008440
1614248040.452580 19.941220 0.008035
1614248040.551580 19.940981 0.008512
1614248040.650580 19.941093 0.008098
1614248040.749581 19.940850 0.008252
1614248040.848581 19.940163 0.008552
1614248040.947581 19.939877 0.008320
1614248041.013581 19.940498 0.008257
1614248041.079581 19.941628 0.008542
1614248041.145581 19.941826 0.008318
1614248041.211582 19.941470 0.008367
1614248041.277582 19.941628 0.008135
1614248041.343582 19.941367 0.008573
1614248041.409582 19.942085 0.008390
1614248041.475582 19.942357 0.008336
1614248041.541582 19.942402 0.008309
1614248041.607583 19.943254 0.008560
1614248041.673583 19.943951 0.008585
1614248041.739583 19.944141 0.008492
1614248041.805583 19.944822 0.008371
1614248041.871583 19.944653 0.008543
1614248041.937583 19.944448 0.008437
1614248042.003583 19.944626 0.008324
1614248042.069584 19.944784 0.008555
1614248042.135584 19.945294 0.008249
1614248042.201584 19.945298 0.008583
1614248042.300584 19.946337 0.008264
1614248042.366584 19.946038 0.008308
1614248042.432585 19.946382 0.008284
1614248042.498585 19.945767 0.008362
1614248042.564585 19.946468 0.008410
1614248042.630585 19.946647 0.008144
1614248042.696585 19.946646 0.008374
1614248042.762585 19.946947 0.008478
1614248042.828585 19.946844 0.008257
1614248042.894586 19.946656 0.008568
1614248042.960586 19.947203 0.008535
1614248043.026586 19.947267 0.008536
1614248043.092586 19.946930 0.008468
1614248043.158586 19.948027 0.008528
1614248043.224586 19.947875 0.008428
1614248043.290587 19.948504 0.008451
1614248043.356587 19.949011 0.008185
1614248043.422587 19.948587 0.008490
1614248043.488587 19.949233 0.008533
1614248043.554587 19.949064 0.008535
1614248043.620587 19.949118 0.008314
1614248043.686587 19.949246 0.007961
1614248043.752588 19.949577 0.008518
1614248043.818588 19.949174 0.008461
1614248043.884588 19.949635 0.008372
1614248043.950588 19.949652 0.008246
1614248044.016588 19.950006 0.008414
1614248044.082588 19.949827 0.008469
1614248044.148589 19.949862 0.008543
1614248044.214589 19.950011 0.008553
1614248044.280589 19.950015 0.008314
1614248044.346589 19.950731 0.008456
1614248044.412589 19.951263 0.008288
1614248044.478590 19.951222 0.008518
1614248044.544590 19.951870 0.008555
1614248044.610590 19.952415 0.008555
1614248044.676590 19.952308 0.008575
1614248044.742590 19.952098 0.008419
1614248044.808590 19.952056 0.008388
1614248044.874590 19.953038 0.008549
1614248044.940590 19.952963 0.008524
1614248045.006591 19.952943 0.008575
1614248045.072591 19.953258 0.008496
1614248045.138591 19.953905 0.008498
1614248045.204591 19.954016 0.008518
1614248045.270591 19.954905 0.008537
1614248045.336591 19.954992 0.008349
1614248045.402591 19.954818 0.008588
1614248045.468592 19.955435 0.008537
