DelayedMarginalization 0.00150231 1.15062e-06 0.0105077 1599
DelayedMarginalizationOnly 0.00071737 5.93237e-07 0.0066971 1599
EF-marginalizeFrame 0.00187143 1.17491e-06 0.0109948 1599
FullSystem::trackNewCoarse 0.00564282 1.6712e-05 0.0428695 6977
FullSystem::trackNewCoarseNoIMU 0.00158365 4.58808e-07 0.00458155 143
FullSystemOptimize 0.139644 0.000601503 0.222085 1605
GraphUnrolling 0.0169067 0.000322944 0.0296139 2
IMUInitAddPose 3.40877e-05 1.90681e-09 0.00100877 1605
IMUInitOptimize 0.0374673 0.000293027 0.0653272 16
IMUIntegration::finishKeyframeOperations 4.86767e-05 6.27728e-10 0.000476098 1584
InitializerFirstFrame 0.0279321 -nan 0.0279321 1
InitializerOtherFrames 0.0564814 0.000308079 0.133025 581
MainMarginalization 0.00169718 1.15772e-06 0.010824 1599
MarginalizationReplacementBuildGraph 0.00160367 -nan 0.00160367 1
MarginalizationReplacementReplaceGraph 0.0304848 -nan 0.0304848 1
MarginalizeMainGraph 0.000783473 3.71009e-07 0.00644061 1599
PGBA 0.0405116 -nan 0.0405116 1
PGBAFull 0.0222355 0.000923306 0.0437216 2
PrepareGraphForMainOptimization 0.0169827 0.000324068 0.0297119 2
VisualMarginalization 2.7439e-05 1.49073e-09 0.00100078 1599
activatePointsMT 0.00445359 4.23977e-06 0.0147775 1605
addActiveFrame 0.0480414 0.00439452 0.304833 7702
addIMUData 0.00102097 1.17216e-06 0.0150808 6977
addIMUDataToBA 0.000107732 8.81211e-09 0.0023027 7701
addKeyframeToBA 5.27996e-05 5.82658e-10 0.000739322 1605
afterCoarseTracking 2.84887e-07 1.76889e-12 0.000111238 7120
baIteration 0.0242547 3.41029e-05 0.0601187 8616
baMatrixInversion 0.000172427 1.00574e-08 0.00260502 8616
baUpdateBuildHessians 0.000609465 3.40616e-07 0.0103775 8616
coarseTrackingIteration 0.000605395 9.14142e-07 0.010044 51608
computeBAUpdate 0.00088605 3.69638e-07 0.0107601 8616
computeCoarseUpdate 0.000334588 5.63904e-07 0.00775594 50792
computeFactorForCoarseGraphAndMarginalCovariances 0.00232427 6.27584e-07 0.0101902 1584
convertHAndBFromDSO 0.000103872 3.35526e-09 0.00163978 15003
debugPlot 9.06604e-08 5.05478e-15 8.32e-07 1605
debugPlotIDepthMap 3.95822e-07 3.00308e-14 2.996e-06 1605
debugPlotIDepthMapFloat 3.63807e-08 7.4801e-16 3.71e-07 1605
deliverTrackedFrame 0.0392463 0.00465297 0.246845 7121
flagFramesForMarginalization 2.1143e-06 6.75184e-12 9.4036e-05 1605
fullCoarseTracking 0.00693114 2.21265e-05 0.0675422 7120
initObjectsAndMakeImage 0.00107737 4.85188e-08 0.00336857 7702
makeKeyframe 0.163673 0.000613332 0.246784 1605
makeKeyframeChangeTrackingRef 0.00188578 7.48689e-08 0.00366528 1605
makeNewTraces 0.00355244 1.63525e-07 0.00642884 1605
makeNonKeyframe 0.00294885 3.49458e-06 0.00812068 5516
marginalizeAndRemovePoints 0.00355253 8.00719e-07 0.0080937 1605
marginalizeFrame 0.00367239 1.46279e-06 0.0133721 1599
marginalizeFrameOverhead 0.00179709 1.54743e-07 0.00372714 1599
marginalizeFrames 0.00367552 1.51637e-06 0.0133951 1605
newFrameAndNewResidualsForOldPoints 0.000981203 4.90916e-08 0.0028379 1605
printBiases 1.01842e-05 2.59222e-10 0.000342357 1605
printEigenValLine 1.8124e-07 1.77646e-15 6.71e-07 1605
printLogLine 0.000147836 7.91908e-08 0.00278324 1605
publishInMakeKeyframe 1.76857e-07 7.49957e-15 9.22e-07 1605
removeOutliers 0.000157444 3.05015e-09 0.0012122 1605
swapTrackingRef 0.000166377 9.05329e-08 0.00268642 1605
timeMeasurement 1.76319e-06 7.35453e-11 0.000696884 7702
traceNewCoarse 0.00291861 2.79085e-06 0.00810126 7121
updateBAValues 1.13394e-05 7.15751e-11 0.000551871 15765
zero 1.34793e-07 5.53679e-14 1.9055e-05 7702
