1614247813.280044 15.787804 0.301490
1614247813.412044 15.816132 0.280797
1614247813.577045 15.834034 0.250816
1614247813.742045 15.882325 0.216416
1614247813.907046 15.957975 0.190733
1614247814.039046 15.972772 0.174623
1614247814.204046 15.976459 0.158462
1614247814.402047 15.996989 0.140752
1614247814.567047 16.032336 0.126590
1614247814.732047 16.018223 0.114289
1614247814.897048 16.027200 0.103618
1614247815.062048 16.034928 0.094536
1614247815.227049 16.062403 0.088310
1614247815.392049 16.087412 0.082635
1614247815.557049 16.117884 0.077816
1614247815.722050 16.123303 0.071531
1614247815.920050 16.148562 0.068381
1614247816.118051 16.151722 0.066232
1614247816.316051 16.191929 0.065137
1614247816.481052 16.204345 0.064813
1614247816.646052 16.207747 0.064704
1614247816.811052 16.225296 0.064679
1614247816.976053 16.244149 0.064563
1614247817.141053 16.215808 0.064275
1614247817.306054 16.202163 0.063832
1614247817.537054 16.180257 0.063322
1614247817.735054 16.174065 0.062341
1614247817.933055 16.146277 0.060818
1614247818.098055 16.140597 0.058990
1614247818.230056 16.145506 0.056846
1614247818.395056 16.143573 0.054393
1614247818.527056 16.136779 0.052124
1614247818.659057 16.132369 0.048958
1614247818.791057 16.136858 0.045404
1614247818.923057 16.131021 0.042085
1614247819.055058 16.138618 0.039229
1614247819.187058 16.134696 0.036581
1614247819.319058 16.150580 0.033887
1614247819.451059 16.161758 0.031274
1614247819.583059 16.164873 0.029120
1614247819.715059 16.176132 0.026966
1614247819.880060 16.196589 0.025165
1614247820.045060 16.214354 0.023844
1614247820.210060 16.219880 0.022950
1614247820.375061 16.239620 0.022411
1614247820.540061 16.235455 0.022132
1614247820.705062 16.241203 0.021970
1614247820.870062 16.250866 0.021898
1614247821.035062 16.259014 0.021866
1614247821.233063 16.280307 0.021822
1614247821.431063 16.281173 0.021937
1614247821.596064 16.284760 0.021862
1614247821.761064 16.294346 0.021692
1614247821.926064 16.301480 0.021466
1614247822.058065 16.309525 0.021213
1614247822.190065 16.287869 0.020900
1614247822.322065 16.271663 0.020538
1614247822.454066 16.258125 0.020177
1614247822.586066 16.249060 0.019789
1614247822.718066 16.240877 0.019460
1614247822.850067 16.232586 0.019010
1614247822.982067 16.230857 0.018583
1614247823.114067 16.217070 0.018070
1614247823.246068 16.205620 0.017682
1614247823.378068 16.197879 0.017377
1614247823.510068 16.192600 0.016981
1614247823.675068 16.183395 0.016523
1614247823.840069 16.176190 0.016084
1614247824.005069 16.171950 0.015724
1614247824.170070 16.180455 0.015583
1614247824.335070 16.179167 0.015363
1614247824.467071 16.198153 0.015295
1614247824.599071 16.200926 0.015193
1614247824.731071 16.204085 0.015098
1614247824.863071 16.198662 0.015010
1614247824.995072 16.203796 0.014960
1614247825.127072 16.201473 0.014892
1614247825.226072 16.206974 0.014869
1614247825.325072 16.209757 0.014843
1614247825.424073 16.209719 0.014813
1614247825.523073 16.208828 0.014780
1614247825.655073 16.207773 0.014754
1614247825.787074 16.211582 0.014741
1614247825.919074 16.212821 0.014730
1614247826.018074 16.216663 0.014721
1614247826.117074 16.212847 0.014700
1614247826.249075 16.215428 0.014698
1614247826.381075 16.215628 0.014685
1614247826.480075 16.214695 0.014678
1614247826.579075 16.215359 0.014672
1614247826.678076 16.214240 0.014665
1614247826.777076 16.211125 0.014658
1614247826.876076 16.210582 0.014653
1614247826.975076 16.209044 0.014642
1614247827.074077 16.210179 0.014641
1614247827.173077 16.208735 0.014640
1614247827.305077 16.208226 0.014636
1614247827.404077 16.209357 0.014635
1614247827.503078 16.208965 0.014631
1614247827.635078 16.209169 0.014625
1614247827.734078 16.208565 0.014621
1614247827.833078 16.207403 0.014616
1614247827.932079 16.214204 0.014622
1614247828.031079 16.215272 0.014620
1614247828.130079 16.217223 0.014620
1614247828.229079 16.215131 0.014615
1614247828.328080 16.217733 0.014616
1614247828.427080 16.218068 0.014615
1614247828.526080 16.219481 0.014613
1614247828.625080 16.217184 0.014607
1614247828.724080 16.217807 0.014609
1614247828.823081 16.216158 0.014605
1614247828.922081 16.217854 0.014602
1614247828.988081 16.219998 0.014599
1614247829.087081 16.221052 0.014599
1614247829.186082 16.221791 0.014596
1614247829.285082 16.221228 0.014598
1614247829.384082 16.223250 0.014599
1614247829.483082 16.224110 0.014596
1614247829.582082 16.221410 0.014596
1614247829.681083 16.219520 0.014592
1614247829.780083 16.217778 0.014588
1614247829.879083 16.219861 0.014589
1614247829.978083 16.220272 0.014587
1614247830.077084 16.221320 0.014589
1614247830.176084 16.222628 0.014597
1614247830.275084 16.223421 0.014598
1614247830.374084 16.222583 0.014597
1614247830.440084 16.222121 0.014595
1614247830.539085 16.222922 0.014592
1614247830.605085 16.223150 0.014593
1614247830.671085 16.222953 0.014589
1614247830.737085 16.223239 0.014587
1614247830.803085 16.222875 0.014584
1614247830.869086 16.222583 0.014585
1614247830.935086 16.222737 0.014579
1614247831.001086 16.222281 0.014581
1614247831.067086 16.222585 0.014582
1614247831.133086 16.222322 0.014581
1614247831.199086 16.222501 0.014581
1614247831.298086 16.222504 0.014579
1614247831.397087 16.221568 0.014579
1614247831.496087 16.221125 0.014576
1614247831.595087 16.221174 0.014575
1614247831.694088 16.219740 0.014568
1614247831.793088 16.219918 0.014567
1614247831.892088 16.220101 0.014565
1614247831.958088 16.221152 0.014568
1614247832.024088 16.221203 0.014567
1614247832.123088 16.219903 0.014562
1614247832.189089 16.219983 0.014559
1614247832.255089 16.219535 0.014557
1614247832.321089 16.220628 0.014559
1614247832.387089 16.220715 0.014557
1614247832.453089 16.220533 0.014553
1614247832.519089 16.221667 0.014551
1614247832.618090 16.223200 0.014552
1614247832.684090 16.222328 0.014545
1614247832.750090 16.220193 0.014545
1614247832.849090 16.219321 0.014539
1614247832.948090 16.218585 0.014536
1614247833.047091 16.219020 0.014532
1614247833.146091 16.215383 0.014524
1614247833.245091 16.213501 0.014518
1614247833.311091 16.211795 0.014513
1614247833.377091 16.209912 0.014509
1614247833.443091 16.212770 0.014510
1614247833.509092 16.211440 0.014505
1614247833.575092 16.214130 0.014503
1614247833.641092 16.215031 0.014498
1614247833.707092 16.214806 0.014494
1614247833.806092 16.214333 0.014482
1614247833.905093 16.209949 0.014481
1614247833.971093 16.211663 0.014481
1614247834.070093 16.209901 0.014473
1614247834.169093 16.210950 0.014470
1614247834.268093 16.212493 0.014459
1614247834.367094 16.209738 0.014458
1614247834.466094 16.206845 0.014448
1614247834.565094 16.207697 0.014444
1614247834.664094 16.205106 0.014436
1614247834.763095 16.207919 0.014435
1614247834.829095 16.207567 0.014431
1614247834.928095 16.210945 0.014430
1614247835.027095 16.208193 0.014424
1614247835.126096 16.205198 0.014414
1614247835.225096 16.202994 0.014407
1614247835.324096 16.200168 0.014400
1614247835.423096 16.196287 0.014402
1614247835.489096 16.199086 0.014398
1614247835.588097 16.197084 0.014393
1614247835.687097 16.196574 0.014384
1614247835.786097 16.197004 0.014384
1614247835.885097 16.199380 0.014378
1614247835.984097 16.201143 0.014374
1614247836.083098 16.201274 0.014368
1614247836.182098 16.201955 0.014365
1614247836.281098 16.199905 0.014361
1614247836.380099 16.199672 0.014358
1614247836.479099 16.198821 0.014365
1614247836.578099 16.197769 0.014364
1614247836.677099 16.199404 0.014362
1614247836.776099 16.199098 0.014358
1614247836.875100 16.199305 0.014354
1614247836.974100 16.198393 0.014350
1614247837.073100 16.198919 0.014346
1614247837.172100 16.199093 0.014344
1614247837.271101 16.197458 0.014333
1614247837.370101 16.196170 0.014335
1614247837.469101 16.199839 0.014327
1614247837.568101 16.202646 0.014325
1614247837.667101 16.205043 0.014315
1614247837.766102 16.206958 0.014307
1614247837.865102 16.208634 0.014317
1614247837.964102 16.206287 0.014303
1614247838.063102 16.205866 0.014289
1614247838.162103 16.207976 0.014300
1614247838.228103 16.210075 0.014300
1614247838.327103 16.206584 0.014297
1614247838.393103 16.204830 0.014291
1614247838.492103 16.201677 0.014289
1614247838.591104 16.201468 0.014289
1614247838.690104 16.204521 0.014282
1614247838.789104 16.202507 0.014282
1614247838.855104 16.206381 0.014282
1614247838.954105 16.207249 0.014277
1614247839.053105 16.208703 0.014274
1614247839.152105 16.205207 0.014275
1614247839.251105 16.208004 0.014263
1614247839.350106 16.208544 0.014267
1614247839.449106 16.210692 0.014267
1614247839.548106 16.214319 0.014251
1614247839.647106 16.215076 0.014256
1614247839.746106 16.215472 0.014254
1614247839.812107 16.216227 0.014254
1614247839.911107 16.218445 0.014249
1614247839.977107 16.217786 0.014245
1614247840.043107 16.220358 0.014247
1614247840.109107 16.223134 0.014247
1614247840.175107 16.222176 0.014239
1614247840.274108 16.221926 0.014244
1614247840.373108 16.223234 0.014237
1614247840.472108 16.224566 0.014228
1614247840.571108 16.229440 0.014236
1614247840.670109 16.230889 0.014229
1614247840.769109 16.227792 0.014228
1614247840.868109 16.226828 0.014214
1614247840.967109 16.230134 0.014209
1614247841.066109 16.224613 0.014217
1614247841.165110 16.229234 0.014219
1614247841.264110 16.230866 0.014212
1614247841.363110 16.235875 0.014211
1614247841.462111 16.238123 0.014200
1614247841.528111 16.235569 0.014198
1614247841.594111 16.235804 0.014195
1614247841.660111 16.238385 0.014184
1614247841.726111 16.239328 0.014193
1614247841.792111 16.242722 0.014179
1614247841.858111 16.243239 0.014191
1614247841.924112 16.244177 0.014174
1614247841.990112 16.245387 0.014179
1614247842.056112 16.248477 0.014181
1614247842.122112 16.248646 0.014169
1614247842.188112 16.250164 0.014172
1614247842.254112 16.251148 0.014168
1614247842.353112 16.250310 0.014150
1614247842.452113 16.255091 0.014144
1614247842.551113 16.256839 0.014150
1614247842.617113 16.256240 0.014154
1614247842.716113 16.255012 0.014147
1614247842.815114 16.258322 0.014152
1614247842.914114 16.255592 0.014149
1614247843.013114 16.255939 0.014153
1614247843.079114 16.253322 0.014123
1614247843.178115 16.253211 0.014147
1614247843.244115 16.252406 0.014112
1614247843.343115 16.253892 0.014142
1614247843.442115 16.252308 0.014139
1614247843.541115 16.252533 0.014141
1614247843.640116 16.253458 0.014138
1614247843.706116 16.252831 0.014135
1614247843.772116 16.250593 0.014136
1614247843.838116 16.251338 0.014126
1614247843.904116 16.249544 0.014129
1614247843.970116 16.248411 0.014126
1614247844.036116 16.248745 0.014132
1614247844.102117 16.245779 0.014111
1614247844.201117 16.242889 0.014131
1614247844.300117 16.241648 0.014123
1614247844.399117 16.240519 0.014128
1614247844.465117 16.240562 0.014115
1614247844.531118 16.238810 0.014126
1614247844.597118 16.236818 0.014115
1614247844.663118 16.237389 0.014123
1614247844.729118 16.237263 0.014119
1614247844.795119 16.238116 0.014119
1614247844.894119 16.238173 0.014124
1614247844.993119 16.236956 0.014107
1614247845.092119 16.234651 0.014120
1614247845.158119 16.233443 0.014119
1614247845.224120 16.233452 0.014079
1614247845.290120 16.231336 0.014114
1614247845.356120 16.230915 0.014118
1614247845.422120 16.230610 0.014106
1614247845.488120 16.231414 0.014118
1614247845.554121 16.232535 0.014115
1614247845.620121 16.232928 0.014120
1614247845.686121 16.233945 0.014120
1614247845.752121 16.233967 0.014115
1614247845.818121 16.232820 0.014118
1614247845.884121 16.234588 0.014120
1614247845.950121 16.234429 0.014122
1614247846.016121 16.233887 0.014120
1614247846.115122 16.230757 0.014120
1614247846.181122 16.233040 0.014119
1614247846.247122 16.232629 0.014117
1614247846.313122 16.232242 0.014113
1614247846.412122 16.230937 0.014119
1614247846.478122 16.230308 0.014108
1614247846.544123 16.229470 0.014114
1614247846.610123 16.227874 0.014110
1614247846.676123 16.225667 0.014112
1614247846.742123 16.223463 0.014119
1614247846.841123 16.225001 0.014087
1614247846.940124 16.222995 0.014113
1614247847.072124 16.221861 0.014114
1614247847.171124 16.218591 0.014116
1614247847.270124 16.220013 0.014112
1614247847.369125 16.221870 0.014115
1614247847.435125 16.223204 0.014117
1614247847.501125 16.221573 0.014111
1614247847.600125 16.221248 0.014111
1614247847.699126 16.224545 0.014093
1614247847.798126 16.225076 0.014101
1614247847.897126 16.227937 0.014114
1614247847.996126 16.226280 0.014114
1614247848.095126 16.223292 0.014105
1614247848.161126 16.218144 0.014103
1614247848.227127 16.217927 0.014114
1614247848.293127 16.218768 0.014078
1614247848.359127 16.216643 0.014114
1614247848.458127 16.218562 0.014113
1614247848.524127 16.219075 0.014114
1614247848.590128 16.221114 0.014114
1614247848.656128 16.220514 0.014102
1614247848.722128 16.219729 0.014110
1614247848.788128 16.221184 0.014111
1614247848.854128 16.221344 0.014109
1614247848.920128 16.220952 0.014112
1614247848.986128 16.220546 0.014110
1614247849.052129 16.221959 0.014109
1614247849.118129 16.222392 0.014108
1614247849.184129 16.222456 0.014112
1614247849.250129 16.223499 0.014111
1614247849.316129 16.223728 0.014110
1614247849.382129 16.224851 0.014111
1614247849.448130 16.223750 0.014102
1614247849.514130 16.224966 0.014107
1614247849.613130 16.224225 0.014101
1614247849.712130 16.224778 0.014106
1614247849.811130 16.224860 0.014092
1614247849.910131 16.227676 0.014109
1614247849.976131 16.227471 0.014097
1614247850.075131 16.226700 0.014103
1614247850.174131 16.224626 0.014102
1614247850.273132 16.225097 0.014096
1614247850.372132 16.228024 0.014093
1614247850.471132 16.228471 0.014109
1614247850.570132 16.231317 0.014106
1614247850.669132 16.231016 0.014088
1614247850.768133 16.230383 0.014061
1614247850.867133 16.231806 0.014079
1614247850.966133 16.234298 0.014097
1614247851.065133 16.234329 0.014101
1614247851.131134 16.238054 0.014105
1614247851.197134 16.238924 0.014100
1614247851.263134 16.239785 0.014102
1614247851.362134 16.240549 0.014097
1614247851.428134 16.241990 0.014094
1614247851.527134 16.241718 0.014100
1614247851.593135 16.241665 0.014107
1614247851.659135 16.242808 0.014066
1614247851.725135 16.242733 0.014101
1614247851.791135 16.243049 0.014108
1614247851.890135 16.243534 0.014104
1614247851.956136 16.244933 0.014104
1614247852.022135 16.249067 0.014077
1614247852.088136 16.250811 0.014093
1614247852.154136 16.252139 0.014107
1614247852.220136 16.248910 0.014105
1614247852.319136 16.245664 0.014107
1614247852.418137 16.244126 0.014102
1614247852.550137 16.242500 0.014098
1614247852.682137 16.249406 0.014102
1614247852.814137 16.250170 0.014104
1614247852.946138 16.251824 0.014098
1614247853.078138 16.251461 0.014090
1614247853.210138 16.251389 0.014090
1614247853.309139 16.251533 0.014091
1614247853.408139 16.250863 0.014086
1614247853.507139 16.253753 0.014087
1614247853.606139 16.254410 0.014066
1614247853.738140 16.254429 0.014097
1614247853.837140 16.259113 0.014096
1614247853.936140 16.257517 0.014087
1614247854.035140 16.254916 0.014090
1614247854.134141 16.254435 0.014089
1614247854.233141 16.255844 0.014080
1614247854.332141 16.255928 0.014095
1614247854.431141 16.256079 0.014082
1614247854.530141 16.253529 0.014089
1614247854.596142 16.253571 0.014085
1614247854.695142 16.256277 0.014096
1614247854.761142 16.259139 0.014070
1614247854.827142 16.259311 0.014068
1614247854.893142 16.257987 0.014090
1614247854.959142 16.258995 0.014100
1614247855.058143 16.256735 0.014100
1614247855.157143 16.254428 0.014079
1614247855.256143 16.250516 0.014094
1614247855.355143 16.250410 0.014092
1614247855.454144 16.246276 0.014069
1614247855.553144 16.240456 0.014046
1614247855.652144 16.236219 0.014078
1614247855.751144 16.236785 0.014092
1614247855.883145 16.241663 0.014019
1614247855.982145 16.240312 0.014079
1614247856.081145 16.239533 0.014087
1614247856.180146 16.240426 0.014093
1614247856.279146 16.240331 0.014093
1614247856.378146 16.242448 0.014094
1614247856.477146 16.242245 0.014094
1614247856.576146 16.240358 0.014087
1614247856.675147 16.239675 0.014090
1614247856.774147 16.237929 0.014083
1614247856.873147 16.237674 0.014089
1614247856.972147 16.237872 0.014091
1614247857.071147 16.235883 0.014065
1614247857.170148 16.237327 0.014084
1614247857.269148 16.237621 0.014067
1614247857.368148 16.239319 0.014075
1614247857.467149 16.238387 0.014085
1614247857.566149 16.236452 0.014080
1614247857.665149 16.235728 0.014077
1614247857.764149 16.237226 0.014071
1614247857.863149 16.238525 0.014072
1614247857.962150 16.244077 0.014066
1614247858.061150 16.244759 0.014064
1614247858.160150 16.249691 0.014061
1614247858.259150 16.252854 0.014038
1614247858.358151 16.245887 0.014068
1614247858.457151 16.247934 0.014074
1614247858.556151 16.247909 0.014063
1614247858.655151 16.246425 0.014058
1614247858.754151 16.243773 0.014064
1614247858.853152 16.245306 0.014060
1614247858.952152 16.246362 0.014059
1614247859.051152 16.245528 0.014025
1614247859.150152 16.250619 0.014026
1614247859.249153 16.251474 0.014040
1614247859.348153 16.255641 0.014055
1614247859.447153 16.252448 0.014048
1614247859.546154 16.255922 0.014050
1614247859.678154 16.254426 0.014035
1614247859.777154 16.259944 0.014037
1614247859.876154 16.263554 0.014048
1614247859.975154 16.263734 0.014040
1614247860.074154 16.262886 0.014039
1614247860.206155 16.272208 0.014025
1614247860.338155 16.278547 0.014026
1614247860.437155 16.277017 0.014034
1614247860.536156 16.286175 0.014001
1614247860.635156 16.286344 0.014019
1614247860.734156 16.285410 0.014006
1614247860.833156 16.290138 0.014021
1614247860.932157 16.296196 0.014015
1614247861.031157 16.304193 0.013956
1614247861.130157 16.309507 0.013956
1614247861.229157 16.310468 0.013993
1614247861.361158 16.315757 0.013974
1614247861.493158 16.324178 0.013985
1614247861.625158 16.328495 0.013990
1614247861.757159 16.336337 0.014003
1614247861.889159 16.344754 0.013988
1614247862.021159 16.351791 0.013973
1614247862.153159 16.356509 0.013966
1614247862.285160 16.358767 0.013978
1614247862.384160 16.362643 0.013981
1614247862.483160 16.366610 0.013982
1614247862.615160 16.378380 0.013897
1614247862.780161 16.400789 0.013942
1614247862.945162 16.411075 0.013961
1614247863.110162 16.417800 0.013935
1614247863.275162 16.425194 0.013938
1614247863.473162 16.435631 0.013936
1614247863.671163 16.450051 0.013938
1614247863.836163 16.464782 0.013843
1614247864.001164 16.475488 0.013923
1614247864.166164 16.487928 0.013868
1614247864.331164 16.488928 0.013905
1614247864.529165 16.501407 0.013923
1614247864.694165 16.508604 0.013887
1614247864.892166 16.519136 0.013879
1614247865.090166 16.530006 0.013878
1614247865.321167 16.545397 0.013890
1614247865.552167 16.549349 0.013882
1614247865.816168 16.561019 0.013889
1614247866.113169 16.570980 0.013886
1614247866.443170 16.583562 0.013882
1614247866.806170 16.593627 0.013880
1614247867.169171 16.602244 0.013878
1614247867.532172 16.609915 0.013870
1614247867.928173 16.617330 0.013870
1614247868.423174 16.629031 0.013865
1614247868.984176 16.636246 0.013864
1614247869.380176 16.640620 0.013853
1614247869.545177 16.640738 0.013852
1614247869.743177 16.642553 0.013847
1614247870.040178 16.643391 0.013846
1614247870.205178 16.644927 0.013853
1614247889.477224 16.643902 0.013855
1614247889.840225 16.643345 0.013854
1614247890.302226 16.640504 0.013833
1614247890.731227 16.636800 0.013798
1614247891.061228 16.634936 0.013785
1614247891.358228 16.633738 0.013818
1614247891.589229 16.633159 0.013825
1614247891.820229 16.631736 0.013815
1614247892.084230 16.630779 0.013814
1614247892.315230 16.630737 0.013759
1614247892.546231 16.627353 0.013707
1614247892.810232 16.626857 0.013691
1614247893.041232 16.625271 0.013763
1614247893.239233 16.623892 0.013764
1614247893.437233 16.621925 0.013726
1614247893.635234 16.620461 0.013717
1614247893.833234 16.616385 0.013744
1614247893.998234 16.614884 0.013745
1614247894.163235 16.612977 0.013761
1614247894.295235 16.613806 0.013739
1614247894.427236 16.613265 0.013769
1614247894.559236 16.611953 0.013692
1614247894.691236 16.608540 0.013776
1614247894.823236 16.607383 0.013749
1614247894.922237 16.605057 0.013744
1614247895.021237 16.608011 0.013746
1614247895.120237 16.607797 0.013717
1614247895.219237 16.605305 0.013725
1614247895.318238 16.603865 0.013738
1614247895.417238 16.604473 0.013727
1614247895.516238 16.603938 0.013742
1614247895.615238 16.603059 0.013728
1614247895.714238 16.601860 0.013771
1614247895.846239 16.602951 0.013762
1614247895.945239 16.603156 0.013597
1614247896.044239 16.602611 0.013778
1614247896.143239 16.602608 0.013759
1614247896.242240 16.602275 0.013783
1614247896.341240 16.602536 0.013748
1614247896.473240 16.602822 0.013751
1614247896.572241 16.602366 0.013735
1614247896.671241 16.602698 0.013734
1614247896.803241 16.600809 0.013792
1614247896.968241 16.599966 0.013767
1614247897.067242 16.598307 0.013752
1614247897.166242 16.600664 0.013666
1614247897.265242 16.599492 0.013762
1614247897.364242 16.599305 0.013620
1614247897.463243 16.597026 0.013723
1614247897.562243 16.596642 0.013751
1614247897.661243 16.595692 0.013751
1614247897.760243 16.595087 0.013668
1614247897.859244 16.592011 0.013682
1614247897.958244 16.591163 0.013748
1614247898.057244 16.590752 0.013606
1614247898.156244 16.589893 0.013638
1614247898.255244 16.590397 0.013686
1614247898.321245 16.589901 0.013714
1614247898.420245 16.588490 0.013765
1614247898.519245 16.588824 0.013727
1614247898.618245 16.587509 0.013711
1614247898.717246 16.586686 0.013675
1614247898.816246 16.586814 0.013720
1614247898.915246 16.586357 0.013715
1614247899.014246 16.585580 0.013446
1614247899.113246 16.583294 0.013674
1614247899.212247 16.580814 0.013656
1614247899.344247 16.580161 0.013733
1614247899.443247 16.580007 0.013697
1614247899.542248 16.578951 0.013756
1614247899.641248 16.578814 0.013734
1614247899.740248 16.579040 0.013755
1614247899.839248 16.579306 0.013656
1614247899.905248 16.578233 0.013772
1614247899.971249 16.578015 0.013758
1614247900.070249 16.577998 0.013767
1614247900.169249 16.577837 0.013711
1614247900.268249 16.577120 0.013723
1614247900.334249 16.576188 0.013767
1614247900.433249 16.575249 0.013767
1614247900.499250 16.574956 0.013768
1614247900.598250 16.574700 0.013724
1614247900.697250 16.573994 0.013699
1614247900.796250 16.572352 0.013713
1614247900.895251 16.571294 0.013735
1614247900.994251 16.571524 0.013749
1614247901.093251 16.571206 0.013737
1614247901.192251 16.570209 0.013738
1614247901.291252 16.569767 0.013765
1614247901.390252 16.569010 0.013707
1614247901.489252 16.568235 0.013673
1614247901.588252 16.567990 0.013752
1614247901.687253 16.568028 0.013716
1614247901.786253 16.567146 0.013744
1614247901.885253 16.566599 0.013734
1614247901.984253 16.566559 0.013766
1614247902.050253 16.566478 0.013628
1614247902.116254 16.566245 0.013768
1614247902.182254 16.565950 0.013780
1614247902.248254 16.565855 0.013757
1614247902.347254 16.565457 0.013781
1614247902.413254 16.564811 0.013764
1614247902.479254 16.564719 0.013760
1614247902.545255 16.564439 0.013720
1614247902.644255 16.563330 0.013769
1614247902.743255 16.562833 0.013705
1614247902.842255 16.561057 0.013727
1614247902.941255 16.560598 0.013737
1614247903.040256 16.559460 0.013654
1614247903.139256 16.558455 0.013683
1614247903.238256 16.557588 0.013712
1614247903.337256 16.556771 0.013714
1614247903.436257 16.556253 0.013769
1614247903.535257 16.556108 0.013766
1614247903.634257 16.555267 0.013722
1614247903.733258 16.554250 0.013744
1614247903.832258 16.553508 0.013653
1614247903.931258 16.553175 0.013718
1614247904.030258 16.551985 0.013758
1614247904.129258 16.550966 0.013762
1614247904.228259 16.550416 0.013725
1614247904.327259 16.549075 0.013761
1614247904.426259 16.548825 0.013758
1614247904.525259 16.548150 0.013743
1614247904.624259 16.547058 0.013749
1614247904.723260 16.546569 0.013751
1614247904.855260 16.545591 0.013772
1614247904.954260 16.545242 0.013745
1614247905.053261 16.544548 0.013736
1614247905.152261 16.543463 0.013685
1614247905.251261 16.543004 0.013653
1614247905.350261 16.542852 0.013757
1614247905.416261 16.542354 0.013742
1614247905.482261 16.542146 0.013779
1614247905.548262 16.541966 0.013780
1614247905.614262 16.541956 0.013739
1614247905.680262 16.541640 0.013709
1614247905.746262 16.541386 0.013725
1614247905.812262 16.541071 0.013741
1614247905.878263 16.540845 0.013758
1614247905.944263 16.540670 0.013780
1614247906.043263 16.539999 0.013756
1614247906.142263 16.539813 0.013777
1614247906.241263 16.539186 0.013768
1614247906.340263 16.538929 0.013765
1614247906.406264 16.538885 0.013765
1614247906.472264 16.538715 0.013779
1614247906.538264 16.538655 0.013776
1614247906.604264 16.538456 0.013763
1614247906.703264 16.538063 0.013694
1614247906.802265 16.537973 0.013676
1614247906.901265 16.537748 0.013726
1614247907.000265 16.537488 0.013720
1614247907.099265 16.537446 0.013763
1614247907.165265 16.537113 0.013760
1614247907.231266 16.536847 0.013745
1614247907.330266 16.536221 0.013774
1614247907.396266 16.536087 0.013689
1614247907.495266 16.535907 0.013771
1614247907.594266 16.535952 0.013777
1614247907.693267 16.535435 0.013754
1614247907.759267 16.535371 0.013760
1614247907.825267 16.534844 0.013776
1614247907.924267 16.534711 0.013757
1614247908.023268 16.534422 0.013775
1614247908.089268 16.534158 0.013717
1614247908.155268 16.533901 0.013690
1614247908.221268 16.534078 0.013757
1614247908.287268 16.534051 0.013685
1614247908.353268 16.534038 0.013771
1614247908.419268 16.533925 0.013713
1614247908.485269 16.533972 0.013575
1614247908.551269 16.533789 0.013722
1614247908.617269 16.533574 0.013759
1614247908.716269 16.533146 0.013762
1614247908.782269 16.532690 0.013772
1614247908.881269 16.532410 0.013776
1614247908.980270 16.532408 0.013778
1614247909.079270 16.532035 0.013668
1614247909.178270 16.531873 0.013717
1614247909.277271 16.531513 0.013783
1614247909.376271 16.530999 0.013744
1614247909.475271 16.530997 0.013763
1614247909.574271 16.530590 0.013744
1614247909.673271 16.530267 0.013750
1614247909.772272 16.529845 0.013706
1614247909.871272 16.529237 0.013678
1614247909.970272 16.529294 0.013465
1614247910.036272 16.528702 0.013746
1614247910.102273 16.528489 0.013766
1614247910.201272 16.528400 0.013738
1614247910.267273 16.528393 0.013756
1614247910.366273 16.527965 0.013766
1614247910.465273 16.527552 0.013763
1614247910.531273 16.527351 0.013762
1614247910.597274 16.526978 0.013781
1614247910.696274 16.526947 0.013774
1614247910.795274 16.526739 0.013738
1614247910.894274 16.526455 0.013772
1614247910.993275 16.526166 0.013772
1614247911.092275 16.525901 0.013765
1614247911.191275 16.525509 0.013726
1614247911.290275 16.525012 0.013736
1614247911.356276 16.524671 0.013773
1614247911.455276 16.524263 0.013778
1614247911.554276 16.524553 0.013770
1614247911.653276 16.523985 0.013780
1614247911.752276 16.523802 0.013688
1614247911.851277 16.523592 0.013769
1614247911.917277 16.523725 0.013771
1614247912.016277 16.523250 0.013753
1614247912.115277 16.522869 0.013747
1614247912.214277 16.522584 0.013569
1614247912.313278 16.521925 0.013304
1614247912.412278 16.521665 0.013680
1614247912.511278 16.521434 0.013746
1614247912.610278 16.521128 0.013760
1614247912.709278 16.520905 0.013697
1614247912.775279 16.520638 0.013723
1614247912.874279 16.520648 0.013709
1614247912.973279 16.520451 0.013732
1614247913.072279 16.520338 0.013664
1614247913.171280 16.520015 0.013628
1614247913.270280 16.519418 0.013729
1614247913.369280 16.519157 0.013726
1614247913.468280 16.519175 0.013780
1614247913.534281 16.519128 0.013747
1614247913.600281 16.519052 0.013741
1614247913.666281 16.519013 0.013738
1614247913.765281 16.518998 0.013779
1614247913.864281 16.518719 0.013769
1614247913.963281 16.518279 0.013772
1614247914.062282 16.518121 0.013779
1614247914.161282 16.517867 0.013697
1614247914.260282 16.517630 0.013506
1614247914.326282 16.517593 0.013772
1614247914.392283 16.517726 0.013679
1614247914.491283 16.517555 0.013594
1614247914.590283 16.517338 0.013721
1614247914.689283 16.517425 0.013757
1614247914.788283 16.517162 0.013762
1614247914.887284 16.516890 0.013776
1614247914.986284 16.516615 0.013775
1614247915.085284 16.516393 0.013735
1614247915.151284 16.516298 0.013744
1614247915.250284 16.515818 0.013680
1614247915.349285 16.515788 0.013681
1614247915.448285 16.515586 0.013774
1614247915.547285 16.515250 0.013705
1614247915.646286 16.514894 0.013744
1614247915.745286 16.514357 0.013746
1614247915.844286 16.514018 0.013712
1614247915.943286 16.513692 0.013714
1614247916.042286 16.512970 0.013738
1614247916.141287 16.512860 0.013753
1614247916.207287 16.512674 0.013744
1614247916.306287 16.512403 0.013769
1614247916.405287 16.512084 0.013719
1614247916.471287 16.512048 0.013742
1614247916.537287 16.511950 0.013731
1614247916.603287 16.511922 0.013761
1614247916.669288 16.511714 0.013767
1614247916.735288 16.511486 0.013769
1614247916.834288 16.511276 0.013757
1614247916.933288 16.511056 0.013674
1614247917.032289 16.511152 0.013772
1614247917.098289 16.511154 0.013749
1614247917.197289 16.510784 0.013771
1614247917.296289 16.510544 0.013771
1614247917.395290 16.510172 0.013725
1614247917.527290 16.509909 0.013768
1614247917.626290 16.509997 0.013708
1614247917.725290 16.509777 0.013776
1614247917.824291 16.509536 0.013768
1614247917.923291 16.509215 0.013619
1614247918.022291 16.508683 0.013728
1614247918.154291 16.508077 0.013708
1614247918.286292 16.507783 0.013745
1614247918.418292 16.507592 0.013729
1614247918.550292 16.507358 0.013739
1614247918.682293 16.507266 0.013755
1614247918.814293 16.507010 0.013770
1614247918.913293 16.507035 0.013455
1614247919.012293 16.506896 0.013559
1614247919.111294 16.506798 0.013730
1614247919.210294 16.506522 0.013743
1614247919.309294 16.506602 0.013747
1614247919.408294 16.506553 0.013538
1614247919.507294 16.506776 0.013697
1614247919.606295 16.506589 0.013753
1614247919.672295 16.506347 0.013758
1614247919.738295 16.506625 0.013750
1614247919.804295 16.506633 0.013703
1614247919.870296 16.506886 0.013714
1614247919.936296 16.506754 0.013600
1614247920.035296 16.506822 0.013681
1614247920.134296 16.506329 0.013763
1614247920.200296 16.506120 0.013716
1614247920.299297 16.506078 0.013677
1614247920.365297 16.505648 0.013665
1614247920.431297 16.505441 0.013753
1614247920.530297 16.505531 0.013766
1614247920.629297 16.505345 0.013706
1614247920.695297 16.505320 0.013761
1614247920.794298 16.505185 0.013732
1614247920.893298 16.505012 0.013759
1614247920.992298 16.504707 0.013752
1614247921.091298 16.504686 0.013726
1614247921.190299 16.504935 0.013718
1614247921.256299 16.504955 0.013749
1614247921.322299 16.504482 0.013754
1614247921.388299 16.504279 0.013760
1614247921.454299 16.504693 0.013758
1614247921.520299 16.504465 0.013759
1614247921.586299 16.504904 0.013642
1614247921.652299 16.504643 0.013750
1614247921.718300 16.504586 0.013774
1614247921.784300 16.504448 0.013762
1614247921.850300 16.504419 0.013725
1614247921.916300 16.504317 0.013771
1614247921.982301 16.504406 0.013724
1614247922.048301 16.503990 0.013731
1614247922.147301 16.503696 0.013651
1614247922.213301 16.503592 0.013684
1614247922.279301 16.503589 0.013677
1614247922.345301 16.503845 0.013754
1614247922.411301 16.503487 0.013737
1614247922.510302 16.503343 0.013673
1614247922.609302 16.503236 0.013701
1614247922.708302 16.503190 0.013772
1614247922.774302 16.503370 0.013707
1614247922.840302 16.503479 0.013698
1614247922.906303 16.503394 0.013742
1614247922.972303 16.503184 0.013719
1614247923.038303 16.502942 0.013770
1614247923.104303 16.502642 0.013646
1614247923.170303 16.502368 0.013685
1614247923.236303 16.502247 0.013163
1614247923.302304 16.502312 0.013663
1614247923.368304 16.502177 0.013720
1614247923.434304 16.501939 0.013770
1614247923.500304 16.501884 0.013726
1614247923.566304 16.501548 0.013760
1614247923.632304 16.501838 0.013505
1614247923.731304 16.501416 0.013727
1614247923.797305 16.501964 0.013622
1614247923.863305 16.501753 0.013730
1614247923.962305 16.501395 0.013712
1614247924.028305 16.500526 0.013689
1614247924.094305 16.500275 0.013730
1614247924.160306 16.500256 0.013755
1614247924.226306 16.500149 0.013760
1614247924.292306 16.500298 0.013766
1614247924.358306 16.500393 0.013668
1614247924.424306 16.500416 0.013759
1614247924.490306 16.500222 0.013638
1614247924.556306 16.499511 0.013740
1614247924.622307 16.498920 0.013444
1614247924.688307 16.499137 0.013733
1614247924.754307 16.499047 0.013767
1614247924.820307 16.498944 0.013604
1614247924.886307 16.498443 0.013721
1614247924.952307 16.498320 0.013760
1614247925.018308 16.498291 0.013668
1614247925.084308 16.498224 0.013772
1614247925.150308 16.498227 0.013755
1614247925.216308 16.497946 0.013738
1614247925.282308 16.497667 0.013745
1614247925.348308 16.497703 0.013756
1614247925.414308 16.497436 0.013765
1614247925.480309 16.497515 0.013756
1614247925.546309 16.497765 0.013763
1614247925.612309 16.497468 0.013737
1614247925.711309 16.497142 0.013748
1614247925.777309 16.497034 0.013664
1614247925.876309 16.496723 0.013760
1614247925.942310 16.496613 0.013694
1614247926.041310 16.496104 0.013768
1614247926.107310 16.495980 0.013669
1614247926.173310 16.495923 0.013765
1614247926.239310 16.495984 0.013715
1614247926.305310 16.495733 0.013757
1614247926.371311 16.495636 0.013776
1614247926.437311 16.495428 0.013698
1614247926.503311 16.495623 0.013690
1614247926.569311 16.495603 0.013742
1614247926.635311 16.495595 0.013761
1614247926.701312 16.495701 0.013771
1614247926.767312 16.495607 0.013744
1614247926.833312 16.495289 0.013761
1614247926.899312 16.494955 0.013770
1614247926.965312 16.494694 0.013758
1614247927.031312 16.494728 0.013775
1614247927.130312 16.494836 0.013527
1614247927.229313 16.494527 0.013766
1614247927.328313 16.494355 0.013718
1614247927.427313 16.494312 0.013736
1614247927.526314 16.494029 0.013730
1614247927.625314 16.493555 0.013741
1614247927.724314 16.493659 0.013766
1614247927.823314 16.493807 0.013741
1614247927.922314 16.493521 0.013751
1614247927.988315 16.493492 0.013454
1614247928.054315 16.492994 0.013706
1614247928.153315 16.492850 0.013764
1614247928.219315 16.492320 0.013647
1614247928.285316 16.492348 0.013743
1614247928.351316 16.492342 0.013757
1614247928.417316 16.492497 0.013719
1614247928.483316 16.492307 0.013710
1614247928.549316 16.492041 0.013749
1614247928.648316 16.491766 0.013761
1614247928.714317 16.491926 0.013703
1614247928.780317 16.491681 0.013774
1614247928.846317 16.491547 0.013726
1614247928.912317 16.491333 0.013770
1614247928.978317 16.491278 0.013761
1614247929.077317 16.491089 0.013635
1614247929.176317 16.490937 0.013678
1614247929.275318 16.490836 0.013634
1614247929.374318 16.490443 0.013737
1614247929.440318 16.490591 0.013706
1614247929.506318 16.490475 0.013766
1614247929.572319 16.490429 0.013772
1614247929.638319 16.489984 0.013773
1614247929.737319 16.489473 0.013707
1614247929.836319 16.489490 0.013738
1614247929.935319 16.489005 0.013651
1614247930.034320 16.488873 0.013736
1614247930.100320 16.488655 0.013754
1614247930.166320 16.488573 0.013712
1614247930.232320 16.488288 0.013750
1614247930.298320 16.488327 0.013725
1614247930.364320 16.488382 0.013767
1614247930.430321 16.488122 0.013681
1614247930.496321 16.487756 0.013767
1614247930.562321 16.487722 0.013761
1614247930.628321 16.487305 0.013746
1614247930.694321 16.487702 0.013764
1614247930.760321 16.487387 0.013734
1614247930.826321 16.487667 0.013739
1614247930.892322 16.487495 0.013713
1614247930.958322 16.487388 0.013750
1614247931.024322 16.487759 0.013729
1614247931.090322 16.487632 0.013775
1614247931.156322 16.487841 0.013696
1614247931.222322 16.487732 0.013549
1614247931.288322 16.487832 0.013666
1614247931.354323 16.487576 0.013712
1614247931.420323 16.487345 0.013697
1614247931.486323 16.486896 0.013733
1614247931.552323 16.486629 0.013713
1614247931.651323 16.486742 0.013749
1614247931.717324 16.486554 0.013705
1614247931.783324 16.487206 0.013741
1614247931.882324 16.487314 0.013702
1614247931.981324 16.487709 0.013742
1614247932.080324 16.487141 0.013717
1614247932.179325 16.486825 0.013671
1614247932.278325 16.486474 0.013723
1614247932.377325 16.486306 0.013667
1614247932.509325 16.486343 0.013745
1614247932.641326 16.486038 0.013670
1614247932.740326 16.485981 0.013659
1614247932.839326 16.485631 0.013615
1614247932.938327 16.485612 0.013722
1614247933.037327 16.485368 0.013420
1614247933.136327 16.484794 0.013704
1614247933.202327 16.484809 0.013588
1614247933.268327 16.484722 0.013747
1614247933.367327 16.484572 0.013746
1614247933.466328 16.484890 0.013646
1614247933.565328 16.484575 0.013750
1614247933.664328 16.484325 0.013496
1614247933.763329 16.483768 0.013599
1614247933.862329 16.483516 0.013702
1614247933.961329 16.483343 0.013701
1614247934.060329 16.483335 0.013671
1614247934.159329 16.483267 0.013729
1614247934.258330 16.482937 0.013637
1614247934.357330 16.482992 0.013518
1614247934.456330 16.483271 0.013761
1614247934.555330 16.483162 0.013427
1614247934.654330 16.482963 0.013746
1614247934.753331 16.482497 0.013760
1614247934.852331 16.482380 0.013693
1614247934.951331 16.482639 0.013688
1614247935.050331 16.482476 0.013661
1614247935.149332 16.482148 0.013760
1614247935.215332 16.481976 0.013732
1614247935.314332 16.481810 0.013636
1614247935.380332 16.481437 0.013760
1614247935.446332 16.481371 0.013711
1614247935.512332 16.481591 0.013771
1614247935.578333 16.481414 0.013732
1614247935.677333 16.481223 0.013754
1614247935.776333 16.480642 0.013223
1614247935.875333 16.480755 0.013715
1614247935.941334 16.480969 0.013749
1614247936.040334 16.480643 0.013707
1614247936.106334 16.480552 0.013716
1614247936.172334 16.480580 0.013723
1614247936.238334 16.480233 0.013657
1614247936.304334 16.480200 0.013709
1614247936.370334 16.479948 0.013663
1614247936.436335 16.479934 0.013737
1614247936.502335 16.479995 0.013577
1614247936.568335 16.480042 0.013733
1614247936.667335 16.479662 0.013708
1614247936.766335 16.479778 0.013766
1614247936.865336 16.479650 0.013754
1614247936.964336 16.479568 0.013686
1614247937.063336 16.479587 0.013653
1614247937.162337 16.479332 0.013746
1614247937.228337 16.479419 0.013750
1614247937.294337 16.479387 0.013626
1614247937.393337 16.479210 0.013764
1614247937.459337 16.478942 0.013736
1614247937.525337 16.478845 0.013750
1614247937.591337 16.479001 0.013763
1614247937.657338 16.478709 0.013704
1614247937.723338 16.478846 0.013577
1614247937.822338 16.478561 0.013747
1614247937.921338 16.478299 0.013685
1614247938.020339 16.478253 0.013604
1614247938.119339 16.478252 0.013634
1614247938.218339 16.478216 0.013765
1614247938.284339 16.478368 0.013597
1614247938.383339 16.478202 0.013700
1614247938.449339 16.478003 0.013739
1614247938.515340 16.477753 0.013675
1614247938.581340 16.477811 0.013735
1614247938.647340 16.477938 0.013762
1614247938.713340 16.477629 0.013608
1614247938.779340 16.477557 0.013699
1614247938.845340 16.477774 0.013652
1614247938.911340 16.477731 0.013747
1614247938.977341 16.477737 0.013686
1614247939.043341 16.477512 0.013548
1614247939.142341 16.477782 0.013425
1614247939.241341 16.477673 0.013688
1614247939.307342 16.477857 0.013763
1614247939.373342 16.477768 0.013626
1614247939.439342 16.477958 0.013727
1614247939.505342 16.477570 0.013629
1614247939.604342 16.477244 0.013755
1614247939.670342 16.477414 0.013471
1614247939.736342 16.477590 0.013697
1614247939.802343 16.477332 0.013732
1614247939.868343 16.476929 0.013543
1614247939.934343 16.477347 0.013683
1614247940.000343 16.477161 0.013765
1614247940.066343 16.477172 0.013674
1614247940.132343 16.477103 0.013625
1614247940.198344 16.477532 0.013620
1614247940.264344 16.477352 0.013574
1614247940.330344 16.477163 0.013682
1614247940.396344 16.477509 0.013681
1614247940.495344 16.477477 0.013720
1614247940.594344 16.477467 0.013755
1614247940.693345 16.477843 0.013664
1614247940.792345 16.477942 0.013611
1614247940.891345 16.478110 0.013736
1614247940.957345 16.478236 0.013752
1614247941.023345 16.478434 0.013645
1614247941.122346 16.478293 0.013570
1614247941.221346 16.478357 0.013739
1614247941.320346 16.478684 0.013680
1614247941.419346 16.479124 0.013651
1614247941.485347 16.479473 0.013700
1614247941.551347 16.479357 0.013636
1614247941.617347 16.479189 0.013703
1614247941.683347 16.479033 0.013715
1614247941.782347 16.479393 0.013735
1614247941.881348 16.479709 0.013711
1614247941.980348 16.479681 0.013748
1614247942.079348 16.479356 0.013545
1614247942.178348 16.479161 0.013520
1614247942.277349 16.479474 0.013746
1614247942.376349 16.479004 0.013753
1614247942.475349 16.479039 0.013689
1614247942.574349 16.478633 0.013615
1614247942.673349 16.478426 0.013713
1614247942.772350 16.478420 0.013768
1614247942.871350 16.480081 0.013645
1614247942.970350 16.480533 0.013751
1614247943.069350 16.480256 0.013747
1614247943.168351 16.479698 0.013676
1614247943.267351 16.480183 0.013386
1614247943.366351 16.479549 0.013571
1614247943.465351 16.479457 0.013620
1614247943.564352 16.480528 0.013646
1614247943.663352 16.481125 0.013665
1614247943.762352 16.480780 0.013763
1614247943.861352 16.480865 0.013707
1614247943.960352 16.481364 0.013759
1614247944.059353 16.481763 0.013489
1614247944.158353 16.481859 0.013760
1614247944.257353 16.482195 0.013764
1614247944.323353 16.482397 0.013642
1614247944.422354 16.482808 0.013748
1614247944.521354 16.483207 0.013724
1614247944.620354 16.482800 0.013546
1614247944.719354 16.483168 0.013469
1614247944.818354 16.483534 0.013721
1614247944.917355 16.484113 0.013677
1614247945.016355 16.484017 0.013592
1614247945.148355 16.485202 0.013619
1614247945.214355 16.485006 0.013645
1614247945.280356 16.484715 0.013729
1614247945.346356 16.484562 0.013713
1614247945.445356 16.484443 0.013594
1614247945.544356 16.485321 0.013735
1614247945.643356 16.485226 0.013697
1614247945.742357 16.484860 0.013352
1614247945.841357 16.485826 0.013745
1614247945.940357 16.485905 0.013624
1614247946.039357 16.486091 0.013715
1614247946.138357 16.487610 0.013664
1614247946.237358 16.489477 0.013706
1614247946.336358 16.489933 0.013732
1614247946.435358 16.490536 0.013704
1614247946.534359 16.489235 0.013675
1614247946.633359 16.488163 0.013661
1614247946.732359 16.487289 0.013731
1614247946.831359 16.488566 0.013740
1614247946.930359 16.489313 0.013704
1614247947.029360 16.489320 0.013669
1614247947.128360 16.489841 0.013707
1614247947.227360 16.490903 0.013595
1614247947.326360 16.489456 0.013734
1614247947.425361 16.489285 0.013704
1614247947.524361 16.485873 0.013554
1614247947.623361 16.486673 0.013716
1614247947.722361 16.488993 0.013462
1614247947.821361 16.489280 0.013738
1614247947.920362 16.489377 0.013662
1614247948.019362 16.487504 0.013761
1614247948.118362 16.488120 0.013544
1614247948.250363 16.490216 0.013710
1614247948.382363 16.492055 0.013613
1614247948.514363 16.493773 0.013762
1614247948.646363 16.494207 0.013714
1614247948.745364 16.496759 0.013526
1614247948.844364 16.498842 0.013733
1614247948.943364 16.497907 0.013399
1614247949.042364 16.496902 0.013639
1614247949.141365 16.496706 0.013643
1614247949.240365 16.495225 0.013665
1614247949.339365 16.491989 0.013744
1614247949.438365 16.494355 0.013739
1614247949.570366 16.500186 0.013548
1614247949.702366 16.500685 0.013706
1614247949.801366 16.493888 0.013747
1614247949.900366 16.493173 0.013653
1614247949.999367 16.494901 0.013736
1614247950.131367 16.494583 0.013726
1614247950.263367 16.492761 0.013635
1614247950.395368 16.492159 0.013580
1614247950.527368 16.491223 0.013728
1614247950.659368 16.493082 0.013716
1614247950.791368 16.493131 0.013743
1614247950.923369 16.493899 0.013686
1614247951.055369 16.493077 0.013726
1614247951.187370 16.495610 0.013552
1614247951.286370 16.494171 0.013727
1614247951.418370 16.493618 0.013748
1614247951.550370 16.494228 0.013757
1614247951.649371 16.493432 0.013726
1614247951.748371 16.494384 0.013753
1614247951.880371 16.494013 0.013596
1614247952.012372 16.494252 0.013631
1614247952.144372 16.494779 0.013703
1614247952.276372 16.495072 0.013712
1614247952.408372 16.496905 0.013212
1614247952.573373 16.497055 0.013492
1614247952.738373 16.495538 0.013498
1614247952.870373 16.496724 0.013663
1614247953.002374 16.494902 0.013663
1614247953.167374 16.493886 0.013714
1614247953.299374 16.496068 0.013749
1614247953.431375 16.496927 0.013569
1614247953.563375 16.496408 0.013372
1614247953.728375 16.493525 0.013763
1614247953.893376 16.494241 0.013657
1614247954.058376 16.494075 0.013757
1614247954.223377 16.494173 0.013588
1614247954.388377 16.490856 0.013679
1614247954.553377 16.492159 0.013674
1614247954.718378 16.492995 0.013596
1614247954.883378 16.493422 0.013699
1614247955.048379 16.493937 0.013652
1614247955.213379 16.492992 0.013666
1614247955.345379 16.493907 0.013643
1614247955.510380 16.493635 0.013676
1614247955.642380 16.492142 0.013658
1614247955.774380 16.493416 0.013655
1614247955.972381 16.491458 0.013748
1614247956.170381 16.492025 0.013716
1614247956.335382 16.490321 0.013726
1614247956.533382 16.488451 0.013725
1614247956.731383 16.490421 0.013695
1614247956.929383 16.491389 0.013238
1614247957.127383 16.493394 0.013668
1614247957.325384 16.492915 0.013754
1614247957.523384 16.493050 0.013741
1614247957.721385 16.492648 0.013756
1614247957.919385 16.492690 0.013752
1614247958.117386 16.494925 0.013591
1614247958.315386 16.492903 0.013755
1614247958.513387 16.494547 0.013657
1614247958.744387 16.494989 0.013735
1614247958.942388 16.494951 0.013752
1614247959.140388 16.494816 0.013748
1614247959.305388 16.499247 0.013744
1614247959.437389 16.500244 0.013600
1614247959.569389 16.499416 0.013558
1614247959.734390 16.501435 0.013671
1614247959.932390 16.501133 0.013729
1614247960.064390 16.503611 0.013564
1614247960.196391 16.501816 0.013734
1614247960.328391 16.502471 0.013695
1614247960.493391 16.500300 0.013760
1614247960.658391 16.499667 0.013704
1614247960.790392 16.501644 0.013578
1614247960.889392 16.498896 0.013581
1614247961.153393 16.489336 0.012944
1614247961.384393 16.491816 0.012669
1614247961.582394 16.491735 0.012692
1614247961.780395 16.502771 0.013332
1614247961.978395 16.501813 0.013106
1614247962.176395 16.505257 0.013127
1614247962.440396 16.510783 0.013738
1614247962.704396 16.517166 0.013721
1614247962.935397 16.520538 0.012998
1614247963.133398 16.517898 0.012600
1614247963.298398 16.518421 0.013348
1614247963.496398 16.518588 0.013353
1614247963.727399 16.517245 0.013651
1614247964.024400 16.507589 0.013732
1614247964.321400 16.505086 0.013695
1614247964.585401 16.504513 0.013478
1614247964.981402 16.507187 0.013716
1614247965.476403 16.509305 0.013742
1614247966.004404 16.520536 0.013639
1614247967.324408 16.543136 0.013756
1614248009.300507 16.541467 0.013756
1614248009.993508 16.540011 0.013754
1614248010.290509 16.541601 0.013659
1614248011.181511 16.542695 0.013754
1614248011.709512 16.546352 0.013727
1614248012.171513 16.552126 0.013741
1614248012.534514 16.558287 0.013745
1614248012.831515 16.564070 0.013748
1614248013.095515 16.568697 0.013753
1614248013.326516 16.571475 0.013730
1614248013.524516 16.572491 0.013665
1614248013.689517 16.575047 0.013581
1614248013.821517 16.576369 0.013721
1614248013.920517 16.579379 0.013669
1614248014.019518 16.581077 0.013663
1614248014.316518 16.586250 0.013679
1614248014.580519 16.588924 0.013607
1614248014.811519 16.590187 0.013653
1614248015.075520 16.589107 0.013646
1614248015.306520 16.591658 0.012917
1614248015.504521 16.596577 0.013305
1614248015.735522 16.601275 0.013292
1614248015.966522 16.604120 0.013694
1614248016.230523 16.603036 0.013727
1614248016.461524 16.602216 0.013624
1614248016.692524 16.600255 0.013692
1614248016.890524 16.601545 0.013644
1614248017.088525 16.600366 0.013523
1614248017.319525 16.600452 0.013652
1614248017.484526 16.600598 0.013687
1614248017.682526 16.603056 0.013748
1614248017.880527 16.603428 0.013466
1614248018.078527 16.604575 0.013722
1614248018.276528 16.603855 0.013144
1614248018.441528 16.603162 0.013558
1614248018.573528 16.603915 0.013114
1614248018.705528 16.603224 0.013697
1614248018.837529 16.602298 0.013579
1614248019.002529 16.604073 0.013492
1614248019.134530 16.607216 0.012813
1614248019.266530 16.608603 0.013071
1614248019.398530 16.608707 0.013394
1614248019.497531 16.607217 0.011176
1614248019.629531 16.602568 0.013290
1614248019.761531 16.602469 0.013089
1614248019.860532 16.603321 0.011215
1614248019.959532 16.604369 0.009730
1614248020.058532 16.604346 0.012247
1614248020.157532 16.603737 0.010616
1614248020.256532 16.603551 0.013592
1614248020.388532 16.603629 0.013307
1614248020.520533 16.602559 0.013449
1614248020.652533 16.603823 0.012226
1614248020.751534 16.604471 0.012548
1614248020.850534 16.605287 0.013232
1614248020.949534 16.605231 0.011786
1614248021.048534 16.605292 0.010630
1614248021.147534 16.607119 0.012330
1614248021.246535 16.608005 0.012717
1614248021.345535 16.608181 0.013428
1614248021.444535 16.605652 0.013495
1614248021.543535 16.603407 0.013442
1614248021.675536 16.603221 0.013441
1614248021.807536 16.602730 0.013523
1614248021.939536 16.603121 0.013252
1614248022.104537 16.605792 0.013570
1614248022.269537 16.605339 0.013324
1614248022.368537 16.606433 0.013462
1614248022.533538 16.605297 0.013478
1614248022.698538 16.605323 0.012946
1614248022.830538 16.605524 0.013594
1614248022.962539 16.606677 0.013602
1614248023.127539 16.606046 0.013653
1614248023.259539 16.604213 0.013337
1614248023.424540 16.604787 0.013653
1614248023.622540 16.605355 0.013534
1614248023.787540 16.606122 0.013523
1614248023.952541 16.606228 0.013616
1614248024.117541 16.606445 0.013505
1614248024.282542 16.606535 0.013640
1614248024.381542 16.606957 0.013662
1614248024.513542 16.607113 0.013629
1614248024.645543 16.607432 0.013568
1614248024.744543 16.607130 0.013632
1614248024.876543 16.607221 0.013642
1614248025.008543 16.607454 0.013654
1614248025.107544 16.607741 0.013657
1614248025.206544 16.608247 0.013332
1614248025.305544 16.609784 0.013620
1614248025.404545 16.609337 0.013642
1614248025.503545 16.608982 0.013559
1614248025.635545 16.608741 0.013525
1614248025.767545 16.608903 0.013184
1614248025.866545 16.609915 0.013130
1614248025.965546 16.610326 0.013559
1614248026.097546 16.609859 0.013611
1614248026.163546 16.609596 0.013639
1614248026.262547 16.609724 0.013642
1614248026.328547 16.609923 0.013349
1614248026.460547 16.610025 0.013115
1614248026.526547 16.610189 0.013414
1614248026.625547 16.609804 0.013515
1614248026.724548 16.609340 0.013398
1614248026.823548 16.609218 0.013637
1614248026.922548 16.608760 0.013640
1614248027.021548 16.609008 0.013508
1614248027.120548 16.609062 0.013630
1614248027.219549 16.609272 0.013637
1614248027.318549 16.609370 0.013480
1614248027.384549 16.608971 0.013554
1614248027.483549 16.608729 0.013452
1614248027.615550 16.608599 0.013638
1614248027.780550 16.608437 0.013630
1614248027.912550 16.608064 0.013534
1614248028.044551 16.607841 0.013640
1614248028.176551 16.607878 0.013503
1614248028.275551 16.608016 0.013300
1614248028.374551 16.608238 0.013630
1614248028.473552 16.607939 0.013618
1614248028.572552 16.607665 0.013612
1614248028.671552 16.607149 0.013533
1614248028.770552 16.608176 0.013625
1614248028.869553 16.608386 0.013326
1614248028.968553 16.607893 0.013420
1614248029.100553 16.607237 0.013430
1614248029.199553 16.606356 0.013364
1614248029.331554 16.606129 0.013567
1614248029.430554 16.606059 0.013625
1614248029.529554 16.605921 0.013494
1614248029.661554 16.605902 0.013478
1614248029.760555 16.605556 0.013500
1614248029.892555 16.605019 0.013610
1614248029.991555 16.605438 0.013476
1614248030.123556 16.605915 0.013627
1614248030.222556 16.605389 0.013594
1614248030.288556 16.605790 0.010488
1614248030.387556 16.605584 0.013628
1614248030.519556 16.605692 0.013597
1614248030.585557 16.605392 0.013583
1614248030.684557 16.605036 0.013630
1614248030.783557 16.604907 0.013593
1614248030.882557 16.604847 0.013622
1614248030.948558 16.604418 0.013629
1614248031.014558 16.603944 0.013615
1614248031.113558 16.603580 0.013614
1614248031.245558 16.603440 0.013615
1614248031.344558 16.603159 0.013523
1614248031.443559 16.602833 0.013531
1614248031.575559 16.602460 0.013622
1614248031.674559 16.602540 0.013408
1614248031.773560 16.602490 0.013536
1614248031.872560 16.602722 0.013568
1614248032.004560 16.601614 0.013627
1614248032.103560 16.602204 0.013570
1614248032.202560 16.601944 0.013614
1614248032.301561 16.601922 0.013586
1614248032.433561 16.602025 0.013626
1614248032.532561 16.602657 0.013395
1614248032.631562 16.602414 0.013603
1614248032.730562 16.602104 0.013536
1614248032.796562 16.602097 0.013545
1614248032.895562 16.602154 0.013600
1614248032.994562 16.602375 0.013370
1614248033.126563 16.601935 0.013579
1614248033.225563 16.600939 0.013487
1614248033.324563 16.600688 0.013553
1614248033.423563 16.600945 0.013371
1614248033.522564 16.601596 0.013496
1614248033.621564 16.600552 0.013506
1614248033.687564 16.599897 0.013615
1614248033.786564 16.599350 0.013598
1614248033.852564 16.599469 0.013576
1614248033.951565 16.599476 0.013558
1614248034.050565 16.599139 0.013453
1614248034.182565 16.598360 0.013503
1614248034.281565 16.598456 0.013614
1614248034.380565 16.598250 0.013579
1614248034.479566 16.598402 0.013045
1614248034.578566 16.597640 0.013424
1614248034.677566 16.596696 0.013598
1614248034.743566 16.597182 0.013623
1614248034.842567 16.596340 0.013508
1614248034.941567 16.596334 0.013490
1614248035.040567 16.597170 0.013608
1614248035.139567 16.597374 0.013366
1614248035.238568 16.597464 0.013492
1614248035.337568 16.597583 0.012859
1614248035.436568 16.597343 0.013566
1614248035.502568 16.596594 0.013560
1614248035.601568 16.596197 0.013616
1614248035.700569 16.595263 0.013471
1614248035.799569 16.595514 0.013145
1614248035.898569 16.593489 0.013510
1614248035.997569 16.591744 0.012683
1614248036.096570 16.591340 0.013562
1614248036.195570 16.590069 0.012982
1614248036.294570 16.589004 0.013500
1614248036.426570 16.587691 0.013572
1614248036.525571 16.588881 0.013614
1614248036.657571 16.588214 0.013535
1614248036.855572 16.586383 0.013568
1614248036.954571 16.587540 0.013340
1614248037.053572 16.587823 0.012648
1614248037.119572 16.587840 0.013409
1614248037.218572 16.587886 0.013490
1614248037.317573 16.587861 0.013081
1614248037.383573 16.588694 0.013508
1614248037.482573 16.588266 0.013599
1614248037.548573 16.587898 0.013470
1614248037.647573 16.587497 0.013308
1614248037.746574 16.585297 0.013298
1614248037.812574 16.585498 0.013439
1614248037.911574 16.585570 0.013490
1614248037.977574 16.585409 0.013295
1614248038.076574 16.585379 0.013335
1614248038.175575 16.585542 0.013490
1614248038.274575 16.585932 0.013350
1614248038.373575 16.585632 0.012489
1614248038.439575 16.586478 0.013533
1614248038.538575 16.586440 0.013526
1614248038.637576 16.586898 0.013499
1614248038.769576 16.586564 0.013437
1614248038.868576 16.586581 0.012623
1614248038.967576 16.587004 0.011879
1614248039.066577 16.586328 0.013249
1614248039.165577 16.585168 0.013575
1614248039.264577 16.586122 0.011711
1614248039.363577 16.585723 0.013579
1614248039.462578 16.585632 0.012849
1614248039.561578 16.584260 0.013392
1614248039.660578 16.584812 0.013394
1614248039.726578 16.585452 0.013511
1614248039.792578 16.584965 0.013026
1614248039.891579 16.584896 0.013437
1614248039.990579 16.585792 0.012604
1614248040.089579 16.583819 0.013091
1614248040.188579 16.584257 0.012996
1614248040.254580 16.584278 0.012771
1614248040.320580 16.584846 0.012747
1614248040.386580 16.583575 0.012971
1614248040.452580 16.585014 0.012816
1614248040.551580 16.584991 0.013251
1614248040.650580 16.584154 0.013568
1614248040.716580 16.584497 0.012896
1614248040.782581 16.584102 0.013248
1614248040.848581 16.583974 0.013326
1614248040.914581 16.584116 0.013554
1614248040.980581 16.584952 0.012555
1614248041.046581 16.585033 0.013188
1614248041.112581 16.585014 0.013557
1614248041.178581 16.584968 0.012132
1614248041.244582 16.584897 0.012548
1614248041.310582 16.584617 0.013566
1614248041.376582 16.585229 0.013539
1614248041.442582 16.585438 0.013611
1614248041.508582 16.585412 0.013365
1614248041.574583 16.586798 0.013531
1614248041.640583 16.586365 0.013536
1614248041.706583 16.586868 0.013504
1614248041.772583 16.587054 0.013605
1614248041.838583 16.586316 0.013408
1614248041.904583 16.587018 0.013018
1614248041.970583 16.586361 0.012353
1614248042.036584 16.587067 0.013192
1614248042.102584 16.587538 0.012993
1614248042.168584 16.587365 0.012664
1614248042.267584 16.588210 0.013010
1614248042.333584 16.587735 0.012335
1614248042.399585 16.587934 0.012790
1614248042.465585 16.588029 0.012766
1614248042.531585 16.587466 0.013321
1614248042.597585 16.587537 0.013108
1614248042.663585 16.588207 0.013554
1614248042.729585 16.588471 0.012975
1614248042.795585 16.588132 0.012534
1614248042.861586 16.588403 0.013076
1614248042.927586 16.588728 0.013203
1614248042.993586 16.588930 0.013564
1614248043.059586 16.589220 0.013420
1614248043.125586 16.589942 0.013162
1614248043.191586 16.590458 0.013479
1614248043.257586 16.590907 0.013072
1614248043.323586 16.591072 0.013471
1614248043.389587 16.591162 0.012859
1614248043.455587 16.591272 0.013023
1614248043.521587 16.591748 0.013230
1614248043.587587 16.591870 0.012755
1614248043.653587 16.591943 0.013446
1614248043.719588 16.592109 0.013020
1614248043.785588 16.591969 0.013491
1614248043.851588 16.592125 0.012260
1614248043.917588 16.591980 0.013357
1614248043.983588 16.593288 0.013452
1614248044.049588 16.593392 0.013411
1614248044.115589 16.592988 0.012650
1614248044.181589 16.593422 0.013356
1614248044.247589 16.593854 0.013410
1614248044.313589 16.593924 0.013235
1614248044.379589 16.594255 0.013265
1614248044.445589 16.594455 0.013614
1614248044.511589 16.595165 0.013098
1614248044.577590 16.595327 0.013044
1614248044.643590 16.595130 0.013610
1614248044.709590 16.595123 0.013362
1614248044.775590 16.595398 0.013620
1614248044.841590 16.596148 0.013316
1614248044.907590 16.596601 0.013470
1614248044.973591 16.596655 0.013159
1614248045.039591 16.597358 0.013536
1614248045.105591 16.597157 0.013040
1614248045.171591 16.597250 0.013420
1614248045.237591 16.598254 0.013476
1614248045.303591 16.598619 0.013440
1614248045.369591 16.598803 0.013525
1614248045.435592 16.599544 0.013344
1614248045.501592 16.599582 0.013545
