DelayedMarginalization 0.00147151 9.27285e-07 0.00809776 1597
DelayedMarginalizationOnly 0.000696547 4.87515e-07 0.00635768 1597
EF-marginalizeFrame 0.00184457 9.65457e-07 0.00848084 1597
FullSystem::trackNewCoarse 0.00592394 1.67726e-05 0.0420527 6977
FullSystem::trackNewCoarseNoIMU 0.00166198 5.38108e-07 0.00501821 143
FullSystemOptimize 0.139231 0.000680525 0.308718 1603
GraphUnrolling 0.0109089 1.85975e-10 0.0109185 2
IMUInitAddPose 3.35696e-05 1.54335e-09 0.00102781 1603
IMUInitOptimize 0.0324805 0.000270722 0.0617345 16
IMUIntegration::finishKeyframeOperations 5.2118e-05 4.03439e-09 0.00177281 1582
InitializerFirstFrame 0.0295325 -nan 0.0295325 1
InitializerOtherFrames 0.0567405 0.00029296 0.126555 581
MainMarginalization 0.00167001 9.40862e-07 0.00829918 1597
MarginalizationReplacementBuildGraph 0.00148809 7.88209e-07 0.00211587 2
MarginalizationReplacementReplaceGraph 0.0110233 -nan 0.0110233 1
MarginalizeMainGraph 0.000773682 3.60206e-07 0.00638662 1597
PGBA 0.127554 -nan 0.127554 1
PGBAFull 0.0432401 0.00542362 0.128278 3
PrepareGraphForMainOptimization 0.0109764 1.91023e-10 0.0109862 2
VisualMarginalization 2.93626e-05 2.76283e-09 0.00103645 1597
activatePointsMT 0.00455276 4.5111e-06 0.0159249 1603
addActiveFrame 0.048238 0.00435319 0.434604 7702
addIMUData 0.00105039 1.34634e-06 0.0158512 6977
addIMUDataToBA 0.000107522 7.78778e-09 0.00189803 7701
addKeyframeToBA 5.33705e-05 1.71644e-09 0.00146419 1603
afterCoarseTracking 2.93176e-07 2.60652e-12 0.000115607 7120
baIteration 0.0243483 3.49487e-05 0.0589749 8534
baMatrixInversion 0.000170517 9.65719e-09 0.00269658 8534
baUpdateBuildHessians 0.000596676 3.11674e-07 0.0113803 8534
coarseTrackingIteration 0.000608401 9.22077e-07 0.0105071 54287
computeBAUpdate 0.00087108 3.37279e-07 0.0116848 8534
computeCoarseUpdate 0.000336842 5.81607e-07 0.00849102 53452
computeFactorForCoarseGraphAndMarginalCovariances 0.00235685 7.85992e-07 0.0111 1582
convertHAndBFromDSO 0.000103881 4.28656e-09 0.00345562 14913
debugPlot 9.0121e-08 4.58053e-15 7.31e-07 1603
debugPlotIDepthMap 4.12208e-07 2.52603e-14 1.963e-06 1603
debugPlotIDepthMapFloat 3.16781e-08 1.78594e-16 3.11e-07 1603
deliverTrackedFrame 0.0391392 0.00464783 0.320937 7121
flagFramesForMarginalization 2.15847e-06 2.4206e-11 0.00014925 1603
fullCoarseTracking 0.00722535 2.16771e-05 0.0638646 7120
initObjectsAndMakeImage 0.00108086 5.20545e-08 0.00323901 7702
makeKeyframe 0.163396 0.000679007 0.320926 1603
makeKeyframeChangeTrackingRef 0.00188419 7.71073e-08 0.004054 1603
makeNewTraces 0.00357132 2.10269e-07 0.00678847 1603
makeNonKeyframe 0.00294503 3.53743e-06 0.00809922 5518
marginalizeAndRemovePoints 0.00352734 7.91807e-07 0.00738354 1603
marginalizeFrame 0.00364199 1.25698e-06 0.010393 1597
marginalizeFrameOverhead 0.00179294 1.90613e-07 0.00454388 1597
marginalizeFrames 0.00364292 1.30604e-06 0.0104084 1603
newFrameAndNewResidualsForOldPoints 0.000987137 6.09868e-08 0.00298732 1603
printBiases 1.08243e-05 1.12009e-09 0.000959947 1603
printEigenValLine 1.56378e-07 1.84138e-15 9.02e-07 1603
printLogLine 0.000149162 8.4959e-08 0.00299264 1603
publishInMakeKeyframe 2.49042e-07 7.16226e-12 0.000107272 1603
removeOutliers 0.000155996 2.17059e-09 0.000637318 1603
swapTrackingRef 0.000180148 1.15662e-07 0.00310297 1602
timeMeasurement 1.74028e-06 8.72054e-11 0.000771712 7702
traceNewCoarse 0.0029146 2.82801e-06 0.00808536 7121
updateBAValues 1.12199e-05 4.3356e-11 0.000218571 15769
zero 1.11021e-07 6.69031e-15 1.573e-06 7702
