1610017453.532379 14.365099 0.462895
1610017453.697380 14.307566 0.396060
1610017453.895380 14.328019 0.327087
1610017454.126380 14.344222 0.257420
1610017454.324381 14.351754 0.210930
1610017454.522382 14.357536 0.179201
1610017454.753382 14.352940 0.144782
1610017454.984383 14.351220 0.117810
1610017455.182383 14.334916 0.100494
1610017455.413384 14.311675 0.085125
1610017455.611384 14.285585 0.075552
1610017455.776385 14.237443 0.068965
1610017455.974385 14.192519 0.062177
1610017456.172385 14.160111 0.056746
1610017456.337386 14.141886 0.052885
1610017456.535386 14.087560 0.048821
1610017456.700387 14.054531 0.045880
1610017456.865387 14.023041 0.043331
1610017456.997387 14.005305 0.041417
1610017457.129388 13.995378 0.041133
1610017457.294388 13.982493 0.039289
1610017457.459389 13.969862 0.037545
1610017457.591389 13.966767 0.036198
1610017457.690389 13.962580 0.035211
1610017457.789390 13.957440 0.034500
1610017457.888390 13.956152 0.033797
1610017457.987390 13.953261 0.033096
1610017458.086390 13.952688 0.032368
1610017458.185391 13.950668 0.031748
1610017458.284391 13.951825 0.031194
1610017458.383391 13.951291 0.030561
1610017458.515391 13.949906 0.029760
1610017458.647392 13.955862 0.028981
1610017458.779392 13.962504 0.028215
1610017458.911392 13.967082 0.027408
1610017459.043392 13.967545 0.026552
1610017459.175393 13.966768 0.025684
1610017459.307393 13.972058 0.024897
1610017459.439394 13.973737 0.024120
1610017459.571394 13.976397 0.023426
1610017459.703394 13.975802 0.022702
1610017459.835395 13.972149 0.022032
1610017459.967395 13.973359 0.021381
1610017460.099395 13.974075 0.020828
1610017460.231395 13.971049 0.020341
1610017460.363396 13.975211 0.019902
1610017460.495396 13.986927 0.019549
1610017460.660397 13.996274 0.019088
1610017460.792397 14.001575 0.018732
1610017460.924397 14.007591 0.018406
1610017461.056397 14.011664 0.018154
1610017461.155398 14.016469 0.017982
1610017461.254398 14.020280 0.017801
1610017461.353398 14.014764 0.017659
1610017461.452398 14.020500 0.017497
1610017461.551399 14.024767 0.017358
1610017461.650399 14.027055 0.017246
1610017461.749399 14.029039 0.017148
1610017461.848399 14.027472 0.017080
1610017461.947399 14.032844 0.016999
1610017462.046400 14.035018 0.016893
1610017462.145400 14.036036 0.016800
1610017462.244401 14.037475 0.016724
1610017462.343400 14.040766 0.016673
1610017462.442401 14.037832 0.016587
1610017462.541401 14.040903 0.016513
1610017462.640401 14.043928 0.016432
1610017462.772402 14.051446 0.016333
1610017462.904402 14.053986 0.016217
1610017463.003402 14.045609 0.016113
1610017463.102402 14.042470 0.016037
1610017463.234403 14.047590 0.015983
1610017463.366403 14.050790 0.015920
1610017463.531404 14.051667 0.015845
1610017463.663404 14.052738 0.015802
1610017463.795404 14.054563 0.015761
1610017463.927405 14.050964 0.015728
1610017464.059405 14.049900 0.015696
1610017464.191405 14.049501 0.015677
1610017464.356405 14.051340 0.015633
1610017464.521406 14.054660 0.015596
1610017464.653406 14.051176 0.015542
1610017464.785406 14.053341 0.015507
1610017464.917407 14.053634 0.015450
1610017465.049407 14.057213 0.015389
1610017465.181407 14.059813 0.015316
1610017465.313408 14.055458 0.015227
1610017465.445408 14.055988 0.015153
1610017465.577409 14.055142 0.015066
1610017465.676409 14.058977 0.014997
1610017465.808409 14.062420 0.014910
1610017465.940409 14.063760 0.014802
1610017466.072410 14.061358 0.014684
1610017466.204410 14.062608 0.014569
1610017466.369410 14.059288 0.014415
1610017466.534411 14.061963 0.014266
1610017466.666411 14.055396 0.014128
1610017466.831411 14.052797 0.014009
1610017466.996412 14.058162 0.013911
1610017467.161412 14.064716 0.013833
1610017467.326413 14.072076 0.013774
1610017467.458413 14.077356 0.013753
1610017467.590413 14.078410 0.013748
1610017467.722414 14.075560 0.013740
1610017467.854414 14.071720 0.013740
1610017468.019414 14.068757 0.013736
1610017468.184415 14.066328 0.013719
1610017468.316415 14.063243 0.013712
1610017468.448416 14.063031 0.013699
1610017468.580416 14.063807 0.013674
1610017468.712416 14.066549 0.013659
1610017468.811416 14.066116 0.013641
1610017468.943417 14.064969 0.013628
1610017469.075417 14.065707 0.013604
1610017469.207417 14.067177 0.013582
1610017469.339418 14.064370 0.013560
1610017469.471418 14.065776 0.013543
1610017469.603418 14.065190 0.013528
1610017469.702418 14.060751 0.013516
1610017469.801419 14.062076 0.013506
1610017469.933419 14.063047 0.013496
1610017470.065419 14.065666 0.013492
1610017470.164420 14.066737 0.013485
1610017470.329420 14.069139 0.013470
1610017470.494421 14.070931 0.013465
1610017470.626421 14.069896 0.013451
1610017470.791421 14.071751 0.013431
1610017470.923421 14.072939 0.013416
1610017471.088422 14.071850 0.013381
1610017471.220422 14.074992 0.013345
1610017471.352423 14.078897 0.013317
1610017471.517423 14.077191 0.013280
1610017471.682423 14.076004 0.013262
1610017471.814424 14.074388 0.013219
1610017471.913424 14.080624 0.013202
1610017472.012424 14.080101 0.013179
1610017472.111424 14.075851 0.013156
1610017472.243425 14.076603 0.013129
1610017472.342425 14.079058 0.013102
1610017472.441425 14.080636 0.013078
1610017472.540426 14.084313 0.013048
1610017472.639426 14.076938 0.013003
1610017472.738426 14.079715 0.012994
1610017472.837426 14.080956 0.012968
1610017472.936426 14.082375 0.012937
1610017473.035427 14.085758 0.012905
1610017473.167427 14.089309 0.012857
1610017473.266427 14.092599 0.012821
1610017473.398428 14.093718 0.012774
1610017473.497428 14.098436 0.012731
1610017473.596428 14.097234 0.012692
1610017473.728428 14.096579 0.012639
1610017473.893429 14.096902 0.012580
1610017474.058429 14.098841 0.012515
1610017474.256430 14.102439 0.012455
1610017474.454430 14.109139 0.012393
1610017474.652431 14.111120 0.012355
1610017474.850431 14.114428 0.012338
1610017475.048432 14.118671 0.012321
1610017475.213432 14.120394 0.012306
1610017475.378433 14.115639 0.012320
1610017475.510433 14.117550 0.012317
1610017475.675433 14.115935 0.012310
1610017475.807433 14.118035 0.012305
1610017475.939434 14.119316 0.012309
1610017476.071434 14.121170 0.012304
1610017476.203434 14.119542 0.012305
1610017476.335435 14.118529 0.012305
1610017476.467435 14.118774 0.012306
1610017476.566435 14.120677 0.012290
1610017476.665436 14.118892 0.012296
1610017476.731436 14.117513 0.012298
1610017476.830436 14.118219 0.012298
1610017476.929436 14.119039 0.012288
1610017477.061437 14.120838 0.012293
1610017477.160437 14.115755 0.012298
1610017477.259437 14.117576 0.012304
1610017477.358437 14.117760 0.012299
1610017477.457438 14.118620 0.012298
1610017477.589438 14.118741 0.012287
1610017477.688438 14.118497 0.012293
1610017477.787438 14.118651 0.012291
1610017477.886438 14.118318 0.012274
1610017477.985439 14.118676 0.012284
1610017478.084439 14.119374 0.012270
1610017478.150439 14.118453 0.012269
1610017478.249439 14.117597 0.012275
1610017478.348440 14.117337 0.012276
1610017478.447440 14.117076 0.012278
1610017478.546440 14.116913 0.012277
1610017478.645441 14.115916 0.012273
1610017478.744441 14.115091 0.012275
1610017478.843441 14.114555 0.012265
1610017478.942441 14.114425 0.012266
1610017479.041441 14.114389 0.012263
1610017479.107442 14.114200 0.012268
1610017479.173442 14.114472 0.012265
1610017479.239442 14.114456 0.012263
1610017479.305442 14.114829 0.012263
1610017479.371442 14.114926 0.012264
1610017479.437443 14.115211 0.012261
1610017479.503443 14.115193 0.012263
1610017479.569443 14.114487 0.012262
1610017479.635443 14.114821 0.012262
1610017479.701443 14.114727 0.012258
1610017479.767443 14.114876 0.012261
1610017479.866444 14.115095 0.012262
1610017479.965444 14.115825 0.012262
1610017480.064444 14.115111 0.012261
1610017480.163444 14.115424 0.012260
1610017480.262444 14.115248 0.012259
1610017480.361445 14.115142 0.012260
1610017480.460445 14.115642 0.012261
1610017480.592445 14.116837 0.012260
1610017480.724446 14.116771 0.012261
1610017480.823446 14.116506 0.012258
1610017480.955446 14.117123 0.012254
1610017481.054446 14.117029 0.012253
1610017481.153447 14.116461 0.012257
1610017481.219447 14.116274 0.012257
1610017481.285447 14.115865 0.012259
1610017481.384447 14.116371 0.012257
1610017481.450447 14.116549 0.012246
1610017481.549448 14.115708 0.012250
1610017481.648448 14.114144 0.012236
1610017481.747448 14.113493 0.012243
1610017481.846448 14.112663 0.012238
1610017481.945449 14.111318 0.012230
1610017482.011449 14.110216 0.012221
1610017482.110449 14.108926 0.012199
1610017482.176449 14.108490 0.012184
1610017482.275449 14.109297 0.012164
1610017482.374450 14.108609 0.012138
1610017482.440450 14.107283 0.012120
1610017482.539450 14.105051 0.012092
1610017482.605450 14.103408 0.012070
1610017482.704450 14.101018 0.012037
1610017482.803451 14.097947 0.012004
1610017482.869451 14.097975 0.011986
1610017482.935451 14.094367 0.011965
1610017483.001451 14.092200 0.011950
1610017483.067451 14.094801 0.011950
1610017483.133451 14.096723 0.011948
1610017483.199452 14.098069 0.011937
1610017483.298452 14.097170 0.011922
1610017483.364452 14.096194 0.011918
1610017483.463452 14.094057 0.011909
1610017483.562453 14.091393 0.011904
1610017483.661453 14.093743 0.011893
1610017483.760453 14.094422 0.011890
1610017483.859453 14.095207 0.011881
1610017483.925453 14.096253 0.011880
1610017484.024454 14.096041 0.011874
1610017484.123454 14.094616 0.011873
1610017484.222454 14.098004 0.011864
1610017484.321454 14.099047 0.011865
1610017484.420455 14.097058 0.011859
1610017484.519455 14.097518 0.011852
1610017484.618455 14.098453 0.011846
1610017484.717455 14.097965 0.011836
1610017484.816456 14.099743 0.011832
1610017484.915456 14.100266 0.011820
1610017485.014456 14.100702 0.011813
1610017485.113456 14.098811 0.011795
1610017485.212456 14.100002 0.011798
1610017485.311457 14.099275 0.011799
1610017485.410457 14.099417 0.011804
1610017485.509457 14.098903 0.011803
1610017485.608458 14.098899 0.011806
1610017485.707458 14.098850 0.011807
1610017485.806458 14.097683 0.011802
1610017485.905458 14.098214 0.011804
1610017486.004458 14.098879 0.011796
1610017486.103459 14.097574 0.011799
1610017486.202459 14.097260 0.011792
1610017486.301459 14.095444 0.011792
1610017486.400460 14.094946 0.011787
1610017486.499460 14.094826 0.011781
1610017486.598460 14.096374 0.011780
1610017486.697460 14.095428 0.011776
1610017486.796461 14.096365 0.011765
1610017486.928461 14.098757 0.011757
1610017487.060461 14.097108 0.011742
1610017487.192461 14.100359 0.011730
1610017487.291462 14.101191 0.011717
1610017487.390462 14.100805 0.011701
1610017487.489462 14.101370 0.011689
1610017487.588462 14.099644 0.011668
1610017487.687463 14.097002 0.011655
1610017487.786463 14.096465 0.011637
1610017487.885463 14.098363 0.011620
1610017487.984463 14.101032 0.011605
1610017488.083463 14.097497 0.011573
1610017488.182464 14.093148 0.011545
1610017488.281464 14.095991 0.011516
1610017488.380464 14.095709 0.011498
1610017488.479465 14.095585 0.011481
1610017488.578465 14.097937 0.011446
1610017488.677465 14.097592 0.011403
1610017488.776465 14.097988 0.011355
1610017488.875465 14.098758 0.011290
1610017488.974466 14.102639 0.011225
1610017489.073466 14.104149 0.011151
1610017489.205466 14.105386 0.011057
1610017489.304466 14.107429 0.010979
1610017489.403466 14.108763 0.010903
1610017489.502467 14.116491 0.010820
1610017489.634467 14.128196 0.010714
1610017489.766467 14.140429 0.010620
1610017489.898468 14.149733 0.010525
1610017490.030468 14.159514 0.010434
1610017490.195468 14.159711 0.010342
1610017490.360469 14.164396 0.010264
1610017490.558469 14.166609 0.010187
1610017490.756470 14.166294 0.010103
1610017490.954470 14.172576 0.010031
1610017491.152471 14.178440 0.009954
1610017491.317471 14.182908 0.009881
1610017491.482472 14.182610 0.009799
1610017491.647472 14.185203 0.009719
1610017491.812473 14.187642 0.009635
1610017491.977473 14.191216 0.009588
1610017492.142473 14.191379 0.009501
1610017492.307474 14.194314 0.009418
1610017492.472474 14.196525 0.009354
1610017492.604474 14.197190 0.009290
1610017492.736475 14.198312 0.009210
1610017492.868475 14.202274 0.009159
1610017493.000475 14.204533 0.009092
1610017493.132476 14.206865 0.009038
1610017493.264476 14.207331 0.008997
1610017493.396477 14.208532 0.008937
1610017493.528477 14.210206 0.008882
1610017493.660477 14.210396 0.008807
1610017493.759477 14.208574 0.008742
1610017493.858478 14.208418 0.008709
1610017493.990478 14.208541 0.008677
1610017494.122478 14.207820 0.008640
1610017494.254478 14.205493 0.008589
1610017494.386479 14.205891 0.008550
1610017494.518479 14.205578 0.008505
1610017494.650479 14.204204 0.008465
1610017494.782480 14.202890 0.008420
1610017494.914480 14.201857 0.008389
1610017495.046480 14.199404 0.008351
1610017495.178481 14.197613 0.008318
1610017495.310481 14.194634 0.008281
1610017495.475481 14.191141 0.008246
1610017495.640482 14.192995 0.008151
1610017495.805482 14.193302 0.008185
1610017495.838482 14.194042 0.008162
1610017496.003483 14.194115 0.008152
1610017496.069483 14.193382 0.008134
1610017496.201483 14.193574 0.008119
1610017496.333483 14.192662 0.008099
1610017496.465484 14.192425 0.008079
1610017496.597484 14.191179 0.008060
1610017496.729485 14.190605 0.008044
1610017496.861485 14.190441 0.008027
1610017496.993485 14.190663 0.008010
1610017497.125486 14.191838 0.007994
1610017497.257486 14.189804 0.007980
1610017497.389486 14.188841 0.007969
1610017497.521486 14.188036 0.007955
1610017497.653487 14.187934 0.007942
1610017497.785487 14.187527 0.007930
1610017497.884487 14.187016 0.007927
1610017497.983488 14.186366 0.007909
1610017498.082488 14.186224 0.007916
1610017498.181488 14.185996 0.007910
1610017498.280488 14.185754 0.007906
1610017498.379488 14.185625 0.007899
1610017498.511489 14.185391 0.007893
1610017498.610489 14.184947 0.007870
1610017498.709489 14.184715 0.007874
1610017498.808490 14.183821 0.007875
1610017498.940490 14.184113 0.007869
1610017499.039490 14.184278 0.007862
1610017499.138490 14.183510 0.007859
1610017499.237491 14.183718 0.007856
1610017499.336491 14.184954 0.007845
1610017499.435491 14.184716 0.007846
1610017499.534491 14.184440 0.007841
1610017499.633492 14.184888 0.007840
1610017499.732492 14.183637 0.007839
1610017499.831492 14.183530 0.007833
1610017499.930492 14.183911 0.007833
1610017500.029492 14.183073 0.007831
1610017500.128493 14.181696 0.007814
1610017500.227493 14.181908 0.007825
1610017500.326493 14.181678 0.007818
1610017500.392493 14.181666 0.007820
1610017500.458494 14.181655 0.007813
1610017500.524494 14.182066 0.007819
1610017500.590494 14.182059 0.007813
1610017500.656494 14.182262 0.007801
1610017500.755494 14.181531 0.007815
1610017500.854495 14.180364 0.007812
1610017500.920495 14.180326 0.007808
1610017500.986495 14.180350 0.007804
1610017501.085495 14.180355 0.007801
1610017501.151495 14.180588 0.007809
1610017501.217495 14.180058 0.007806
1610017501.283496 14.180308 0.007794
1610017501.349496 14.180334 0.007794
1610017501.415496 14.180104 0.007789
1610017501.481496 14.179786 0.007794
1610017501.547496 14.179112 0.007797
1610017501.613496 14.179200 0.007802
1610017501.712497 14.179328 0.007798
1610017501.778497 14.179195 0.007800
1610017501.877497 14.179639 0.007798
1610017501.976497 14.179390 0.007788
1610017502.075497 14.178573 0.007792
1610017502.174498 14.178262 0.007782
1610017502.240498 14.177717 0.007777
1610017502.306498 14.176765 0.007789
1610017502.405498 14.177800 0.007789
1610017502.504499 14.178240 0.007791
1610017502.603499 14.177354 0.007791
1610017502.702499 14.177295 0.007791
1610017502.801499 14.177148 0.007782
1610017502.900499 14.176907 0.007786
1610017502.966500 14.176924 0.007763
1610017503.032500 14.176555 0.007784
1610017503.098500 14.176480 0.007777
1610017503.164500 14.175677 0.007781
1610017503.230500 14.176400 0.007783
1610017503.296500 14.175580 0.007784
1610017503.362501 14.175442 0.007782
1610017503.428501 14.175675 0.007784
1610017503.494501 14.175456 0.007784
1610017503.560501 14.175141 0.007779
1610017503.626501 14.174733 0.007781
1610017503.725502 14.174629 0.007782
1610017503.824502 14.173579 0.007779
1610017503.923502 14.172727 0.007777
1610017503.989502 14.172487 0.007774
1610017504.055502 14.172197 0.007777
1610017504.154503 14.172068 0.007776
1610017504.253503 14.171513 0.007768
1610017504.352503 14.170678 0.007773
1610017504.451503 14.170824 0.007775
1610017504.550504 14.169486 0.007767
1610017504.616504 14.169169 0.007770
1610017504.682504 14.169188 0.007768
1610017504.748504 14.169081 0.007771
1610017504.847504 14.168110 0.007768
1610017504.913505 14.167493 0.007767
1610017505.012505 14.166088 0.007765
1610017505.111505 14.166130 0.007768
1610017505.210505 14.165436 0.007771
1610017505.309505 14.165330 0.007753
1610017505.408506 14.163984 0.007763
1610017505.507506 14.163251 0.007759
1610017505.606506 14.163283 0.007760
1610017505.705506 14.162568 0.007763
1610017505.804507 14.162485 0.007760
1610017505.903507 14.160718 0.007763
1610017506.002507 14.160232 0.007759
1610017506.101507 14.159223 0.007758
1610017506.200508 14.158514 0.007746
1610017506.299508 14.157856 0.007745
1610017506.398508 14.158846 0.007755
1610017506.497508 14.160894 0.007759
1610017506.596509 14.159858 0.007760
1610017506.728509 14.159906 0.007757
1610017506.827509 14.156023 0.007744
1610017506.926509 14.156713 0.007755
1610017507.025510 14.155950 0.007756
1610017507.124510 14.155190 0.007756
1610017507.223510 14.155257 0.007754
1610017507.322510 14.154780 0.007755
1610017507.421511 14.154104 0.007749
1610017507.520511 14.153655 0.007755
1610017507.619511 14.154338 0.007749
1610017507.718511 14.154022 0.007749
1610017507.817512 14.154499 0.007737
1610017507.916512 14.154162 0.007750
1610017508.015512 14.153447 0.007749
1610017508.114512 14.153233 0.007749
1610017508.213513 14.152713 0.007749
1610017508.312513 14.152928 0.007749
1610017508.444513 14.154111 0.007750
1610017508.543514 14.155227 0.007745
1610017508.675514 14.156550 0.007725
1610017508.774514 14.156690 0.007732
1610017508.873514 14.156415 0.007745
1610017508.972515 14.156126 0.007745
1610017509.071515 14.155040 0.007742
1610017509.203515 14.156079 0.007744
1610017509.335515 14.156766 0.007737
1610017509.467516 14.157038 0.007740
1610017509.599516 14.157058 0.007743
1610017509.698516 14.158683 0.007743
1610017509.764516 14.157654 0.007735
1610017509.830517 14.158665 0.007736
1610017509.896517 14.158173 0.007741
1610017510.028517 14.158130 0.007737
1610017510.160517 14.159091 0.007735
1610017510.292518 14.159947 0.007732
1610017510.424518 14.162543 0.007717
1610017510.556518 14.163820 0.007735
1610017510.688519 14.164957 0.007730
1610017510.820519 14.164743 0.007733
1610017510.952519 14.165524 0.007733
1610017511.084520 14.166580 0.007732
1610017511.183520 14.167641 0.007729
1610017511.282520 14.168786 0.007730
1610017511.381520 14.168767 0.007727
1610017511.480521 14.169496 0.007729
1610017511.579521 14.171182 0.007727
1610017511.678521 14.171802 0.007725
1610017511.810522 14.172150 0.007721
1610017511.942522 14.171350 0.007725
1610017512.074522 14.171394 0.007730
1610017512.206522 14.173496 0.007729
1610017512.338523 14.173943 0.007722
1610017512.470523 14.173777 0.007728
1610017512.602523 14.174138 0.007725
1610017512.734524 14.175155 0.007727
1610017512.833524 14.174476 0.007720
1610017512.932524 14.174966 0.007725
1610017513.031524 14.175496 0.007723
1610017513.097524 14.176427 0.007701
1610017513.196525 14.177060 0.007723
1610017513.295525 14.178114 0.007717
1610017513.394526 14.176483 0.007724
1610017513.493526 14.176295 0.007723
1610017513.592526 14.176422 0.007719
1610017513.691526 14.176643 0.007724
1610017513.790526 14.176399 0.007721
1610017513.889527 14.176596 0.007716
1610017513.988527 14.178178 0.007706
1610017514.087527 14.178792 0.007712
1610017514.186527 14.178414 0.007716
1610017514.285527 14.179408 0.007717
1610017514.384528 14.178498 0.007717
1610017514.483528 14.178687 0.007718
1610017514.582528 14.179907 0.007711
1610017514.681529 14.179867 0.007715
1610017514.780529 14.180620 0.007712
1610017514.879529 14.180776 0.007717
1610017514.978529 14.181154 0.007718
1610017515.077529 14.181366 0.007706
1610017515.176530 14.180923 0.007716
1610017515.275530 14.181104 0.007718
1610017515.374530 14.181755 0.007718
1610017515.473530 14.182390 0.007707
1610017515.572531 14.182822 0.007713
1610017515.671531 14.183457 0.007702
1610017515.770531 14.184481 0.007684
1610017515.869531 14.183713 0.007714
1610017515.968532 14.183151 0.007713
1610017516.034532 14.182886 0.007701
1610017516.133532 14.184397 0.007710
1610017516.232532 14.184140 0.007714
1610017516.331532 14.185189 0.007711
1610017516.430533 14.185181 0.007713
1610017516.529533 14.185696 0.007714
1610017516.628533 14.184868 0.007715
1610017516.727533 14.185395 0.007711
1610017516.826534 14.185864 0.007712
1610017516.925534 14.185857 0.007703
1610017517.024534 14.186244 0.007710
1610017517.123534 14.186344 0.007710
1610017517.222535 14.186526 0.007710
1610017517.321535 14.187166 0.007708
1610017517.420535 14.188042 0.007699
1610017517.519535 14.188412 0.007707
1610017517.585536 14.187377 0.007702
1610017517.651536 14.186633 0.007692
1610017517.750536 14.186946 0.007709
1610017517.849536 14.187237 0.007709
1610017517.948536 14.187609 0.007702
1610017518.047537 14.188010 0.007711
1610017518.146537 14.188597 0.007711
1610017518.245537 14.189735 0.007707
1610017518.344537 14.190496 0.007710
1610017518.443538 14.190485 0.007709
1610017518.542538 14.191507 0.007708
1610017518.641538 14.192763 0.007702
1610017518.740538 14.190091 0.007698
1610017518.839538 14.190138 0.007703
1610017518.938539 14.191329 0.007707
1610017519.037539 14.191931 0.007701
1610017519.136539 14.192433 0.007702
1610017519.235539 14.193237 0.007703
1610017519.334540 14.192566 0.007705
1610017519.433540 14.193439 0.007707
1610017519.532540 14.194467 0.007702
1610017519.631541 14.195768 0.007704
1610017519.730541 14.196685 0.007705
1610017519.829541 14.198392 0.007699
1610017519.928541 14.199555 0.007695
1610017520.027541 14.200962 0.007695
1610017520.126542 14.201167 0.007690
1610017520.225542 14.202195 0.007698
1610017520.324542 14.203966 0.007698
1610017520.423542 14.206371 0.007689
1610017520.522542 14.208817 0.007695
1610017520.621543 14.212415 0.007696
1610017520.720543 14.213805 0.007673
1610017520.819543 14.216758 0.007684
1610017520.918544 14.218896 0.007691
1610017521.017544 14.221119 0.007680
1610017521.116544 14.222548 0.007684
1610017521.215544 14.225920 0.007681
1610017521.314545 14.228329 0.007688
1610017521.413545 14.230872 0.007683
1610017521.512545 14.235098 0.007682
1610017521.611545 14.240223 0.007654
1610017521.710546 14.244131 0.007666
1610017521.809546 14.248110 0.007645
1610017521.908546 14.251862 0.007662
1610017522.007546 14.254083 0.007681
1610017522.106546 14.257395 0.007672
1610017522.205547 14.261066 0.007681
1610017522.304547 14.265485 0.007667
1610017522.403547 14.268241 0.007677
1610017522.502548 14.270802 0.007681
1610017522.601548 14.274137 0.007669
1610017522.700548 14.277665 0.007645
1610017522.799548 14.279866 0.007663
1610017522.898548 14.282226 0.007677
1610017522.997549 14.284803 0.007661
1610017523.096549 14.287292 0.007672
1610017523.195549 14.287993 0.007671
1610017523.327549 14.289632 0.007653
1610017523.459550 14.292523 0.007618
1610017523.624550 14.293955 0.007657
1610017523.756551 14.293405 0.007664
1610017523.888551 14.293544 0.007654
1610017524.020551 14.294244 0.007631
1610017524.152552 14.293245 0.007648
1610017524.317552 14.293606 0.007628
1610017524.482552 14.293828 0.007640
1610017524.647553 14.293437 0.007650
1610017524.845553 14.294896 0.007645
1610017524.977554 14.294725 0.007647
1610017525.109554 14.294611 0.007645
1610017525.208554 14.294433 0.007636
1610017525.307554 14.294394 0.007644
1610017525.406555 14.294326 0.007650
1610017525.505555 14.294084 0.007630
1610017525.604555 14.293832 0.007636
1610017525.736556 14.292713 0.007650
1610017525.868556 14.291145 0.007647
1610017526.000556 14.291353 0.007639
1610017526.132556 14.290173 0.007636
1610017526.264557 14.289024 0.007633
1610017526.396557 14.288439 0.007612
1610017526.528557 14.287816 0.007637
1610017526.627558 14.287328 0.007639
1610017526.726558 14.286823 0.007635
1610017526.792558 14.286409 0.007634
1610017526.858558 14.285904 0.007631
1610017526.924558 14.285316 0.007641
1610017526.990558 14.284918 0.007635
1610017527.056559 14.284168 0.007638
1610017527.155559 14.283589 0.007636
1610017527.254559 14.283739 0.007614
1610017527.320559 14.283132 0.007638
1610017527.419559 14.282977 0.007637
1610017527.518560 14.282598 0.007637
1610017527.617560 14.281866 0.007630
1610017527.716560 14.281358 0.007628
1610017527.815560 14.280324 0.007606
1610017527.914561 14.279584 0.007630
1610017528.013561 14.279765 0.007620
1610017528.112561 14.279514 0.007622
1610017528.211561 14.279330 0.007631
1610017528.310562 14.278639 0.007625
1610017528.409562 14.278429 0.007618
1610017528.508562 14.277533 0.007628
1610017528.640563 14.277128 0.007627
1610017528.772563 14.276522 0.007614
1610017528.871563 14.276114 0.007623
1610017529.003563 14.276196 0.007598
1610017529.102564 14.275443 0.007618
1610017529.201564 14.275059 0.007620
1610017529.300564 14.274810 0.007615
1610017529.399565 14.274692 0.007621
1610017529.498565 14.274532 0.007617
1610017529.597565 14.274372 0.007619
1610017529.696565 14.273763 0.007616
1610017529.828566 14.273680 0.007610
1610017529.960566 14.273309 0.007618
1610017530.092566 14.272644 0.007617
1610017530.224566 14.273159 0.007609
1610017530.356567 14.274191 0.007602
1610017530.488567 14.274806 0.007590
1610017530.620568 14.274803 0.007602
1610017530.752568 14.274958 0.007602
1610017530.884568 14.274164 0.007614
1610017531.016569 14.274239 0.007618
1610017531.115569 14.273904 0.007617
1610017531.247569 14.272755 0.007602
1610017531.346569 14.271864 0.007611
1610017531.445570 14.271069 0.007585
1610017531.577570 14.269556 0.007603
1610017531.676570 14.267864 0.007607
1610017531.775570 14.267667 0.007614
1610017531.907571 14.267120 0.007602
1610017532.039571 14.268800 0.007586
1610017532.171571 14.269915 0.007606
1610017532.303571 14.269360 0.007604
1610017532.435572 14.268648 0.007577
1610017532.567572 14.268317 0.007554
1610017532.699573 14.267877 0.007582
1610017532.831573 14.268347 0.007590
1610017532.963573 14.268167 0.007572
1610017533.095573 14.266289 0.007532
1610017533.227574 14.266001 0.007597
1610017533.359574 14.264258 0.007569
1610017533.491575 14.265183 0.007597
1610017533.623575 14.264197 0.007604
1610017533.755575 14.264819 0.007595
1610017533.887576 14.265399 0.007590
1610017534.019576 14.267482 0.007587
1610017534.151576 14.266946 0.007601
1610017534.283576 14.264021 0.007603
1610017534.382577 14.264023 0.007590
1610017534.481577 14.263591 0.007582
1610017534.580577 14.264097 0.007605
1610017534.646577 14.264644 0.007604
1610017534.745578 14.265403 0.007604
1610017534.844578 14.265517 0.007599
1610017534.943578 14.265531 0.007570
1610017535.042578 14.265918 0.007602
1610017535.141578 14.265714 0.007595
1610017535.240579 14.265564 0.007597
1610017535.339579 14.266894 0.007606
1610017535.438579 14.267166 0.007582
1610017535.537580 14.268225 0.007596
1610017535.636580 14.268686 0.007597
1610017535.735580 14.269780 0.007583
1610017535.834580 14.271169 0.007576
1610017535.933581 14.272220 0.007604
1610017536.032581 14.273492 0.007599
1610017536.131581 14.274649 0.007601
1610017536.230581 14.275306 0.007598
1610017536.329581 14.275329 0.007593
1610017536.428582 14.276092 0.007593
1610017536.527582 14.276974 0.007599
1610017536.626582 14.278726 0.007598
1610017536.725582 14.279617 0.007599
1610017536.824583 14.280020 0.007595
1610017536.923583 14.281195 0.007595
1610017537.022583 14.283150 0.007590
1610017537.121583 14.285138 0.007592
1610017537.220584 14.286485 0.007571
1610017537.319584 14.287597 0.007564
1610017537.418584 14.289385 0.007554
1610017537.517584 14.290297 0.007593
1610017537.649585 14.291595 0.007588
1610017537.748585 14.294242 0.007542
1610017537.814585 14.295486 0.007557
1610017537.913585 14.296316 0.007560
1610017538.012585 14.296927 0.007582
1610017538.111586 14.297783 0.007592
1610017538.210586 14.298461 0.007591
1610017538.309586 14.298402 0.007589
1610017538.408587 14.299347 0.007565
1610017538.507587 14.300215 0.007548
1610017538.606587 14.300488 0.007579
1610017538.705587 14.300328 0.007585
1610017538.804588 14.300637 0.007584
1610017538.903588 14.300708 0.007582
1610017539.002588 14.301414 0.007564
1610017539.134588 14.301507 0.007575
1610017539.233588 14.300560 0.007577
1610017539.332589 14.301063 0.007553
1610017539.431589 14.301151 0.007574
1610017539.530589 14.301504 0.007580
1610017539.629590 14.300725 0.007573
1610017539.728590 14.300477 0.007576
1610017539.827590 14.300508 0.007568
1610017539.959590 14.299924 0.007569
1610017540.091591 14.299910 0.007556
1610017540.190591 14.299984 0.007566
1610017540.289591 14.299551 0.007572
1610017540.388591 14.299069 0.007568
1610017540.487592 14.298872 0.007574
1610017540.586592 14.299104 0.007562
1610017540.685592 14.298980 0.007563
1610017540.784592 14.298704 0.007558
1610017540.883592 14.298120 0.007563
1610017540.982593 14.297833 0.007569
1610017541.114593 14.297541 0.007568
1610017541.213593 14.297343 0.007563
1610017541.312594 14.297288 0.007550
1610017541.411594 14.296603 0.007556
1610017541.510594 14.295903 0.007555
1610017541.609594 14.295873 0.007543
1610017541.741595 14.295472 0.007558
1610017541.840595 14.294847 0.007550
1610017541.939595 14.294418 0.007562
1610017542.038595 14.294459 0.007559
1610017542.137596 14.294126 0.007552
1610017542.236596 14.294041 0.007562
1610017542.335596 14.293919 0.007550
1610017542.434596 14.293648 0.007558
1610017542.533597 14.292839 0.007536
1610017542.665597 14.292408 0.007557
1610017542.764597 14.291772 0.007553
1610017542.863597 14.291591 0.007553
1610017542.962598 14.291164 0.007536
1610017543.061598 14.290801 0.007550
1610017543.160598 14.290442 0.007553
1610017543.259598 14.290411 0.007551
1610017543.358599 14.290300 0.007556
1610017543.457599 14.290559 0.007555
1610017543.556599 14.290672 0.007552
1610017543.655599 14.290522 0.007552
1610017543.754600 14.289743 0.007533
1610017543.853600 14.289066 0.007550
1610017543.952600 14.287990 0.007527
1610017544.051600 14.286953 0.007542
1610017544.150601 14.286152 0.007550
1610017544.249601 14.285480 0.007547
1610017544.348601 14.285395 0.007545
1610017544.447601 14.285360 0.007540
1610017544.546602 14.284602 0.007530
1610017544.645602 14.283365 0.007549
1610017544.777602 14.283011 0.007543
1610017544.909603 14.282573 0.007540
1610017545.041603 14.282984 0.007522
1610017545.173603 14.283271 0.007551
1610017545.305603 14.282861 0.007542
1610017545.437603 14.282713 0.007530
1610017545.569604 14.282790 0.007531
1610017545.701604 14.282690 0.007532
1610017545.833605 14.282908 0.007543
1610017545.932605 14.282943 0.007514
1610017546.064605 14.282291 0.007518
1610017546.163605 14.281993 0.007542
1610017546.262606 14.281844 0.007544
1610017546.361606 14.282160 0.007544
1610017546.460606 14.282312 0.007535
1610017546.559607 14.282684 0.007534
1610017546.658607 14.282514 0.007545
1610017546.757607 14.282650 0.007542
1610017546.856607 14.283036 0.007434
1610017546.955607 14.283231 0.007537
1610017547.054608 14.283395 0.007540
1610017547.153608 14.282921 0.007543
1610017547.252608 14.282638 0.007540
1610017547.351608 14.282781 0.007533
1610017547.450609 14.282573 0.007488
1610017547.549609 14.282807 0.007530
1610017547.648609 14.283602 0.007520
1610017547.747609 14.284079 0.007527
1610017547.846610 14.284395 0.007525
1610017547.945610 14.285077 0.007538
1610017548.044610 14.285246 0.007536
1610017548.143610 14.285612 0.007538
1610017548.275611 14.286369 0.007539
1610017548.407611 14.287050 0.007531
1610017548.539611 14.287657 0.007532
1610017548.671612 14.288414 0.007490
1610017548.770612 14.288634 0.007527
1610017548.869612 14.288606 0.007528
1610017548.968612 14.288076 0.007530
1610017549.067613 14.287845 0.007492
1610017549.199613 14.287742 0.007528
1610017549.331613 14.287267 0.007537
1610017549.463614 14.287600 0.007538
1610017549.562614 14.288260 0.007527
1610017549.694614 14.288609 0.007533
1610017549.793614 14.289052 0.007537
1610017549.892615 14.289686 0.007530
1610017549.991615 14.290983 0.007534
1610017550.090615 14.292216 0.007522
1610017550.189615 14.292918 0.007535
1610017550.288616 14.293824 0.007526
1610017550.387616 14.294808 0.007534
1610017550.486616 14.296329 0.007526
1610017550.585616 14.298729 0.007532
1610017550.684617 14.300374 0.007500
1610017550.783617 14.302183 0.007529
1610017550.882617 14.303882 0.007530
1610017550.981617 14.305251 0.007523
1610017551.080617 14.306215 0.007519
1610017551.179618 14.306516 0.007536
1610017551.278618 14.307907 0.007526
1610017551.377618 14.308147 0.007533
1610017551.476619 14.309554 0.007520
1610017551.575619 14.311584 0.007514
1610017551.674619 14.312728 0.007529
1610017551.773619 14.314328 0.007534
1610017551.839619 14.315274 0.007534
1610017551.938620 14.314430 0.007465
1610017552.037620 14.314492 0.007516
1610017552.136620 14.315255 0.007491
1610017552.202620 14.314341 0.007527
1610017552.301620 14.314549 0.007479
1610017552.400621 14.315925 0.007522
1610017552.499621 14.314617 0.007528
1610017552.598621 14.315549 0.007515
1610017552.697622 14.316222 0.007535
1610017552.763622 14.316301 0.007535
1610017552.829622 14.316152 0.007523
1610017552.895622 14.315746 0.007519
1610017552.961622 14.315760 0.007534
1610017553.027622 14.316513 0.007534
1610017553.093622 14.316631 0.007528
1610017553.159623 14.316949 0.007501
1610017553.225623 14.317182 0.007532
1610017553.324623 14.318042 0.007504
1610017553.423623 14.318517 0.007531
1610017553.522624 14.319690 0.007530
1610017553.621624 14.320198 0.007513
1610017553.720624 14.320594 0.007528
1610017553.819624 14.320756 0.007531
1610017553.918624 14.321378 0.007505
1610017554.017625 14.321953 0.007535
1610017554.116625 14.322457 0.007524
1610017554.215625 14.323450 0.007524
1610017554.314625 14.324512 0.007496
1610017554.413626 14.325032 0.007520
1610017554.512626 14.325948 0.007500
1610017554.578626 14.326094 0.007529
1610017554.644626 14.326539 0.007464
1610017554.743627 14.326872 0.007508
1610017554.842627 14.327498 0.007535
1610017554.941627 14.329197 0.007494
1610017555.040627 14.330635 0.007526
1610017555.106627 14.330899 0.007530
1610017555.172627 14.331792 0.007533
1610017555.271628 14.332548 0.007526
1610017555.337628 14.333393 0.007535
1610017555.436628 14.334273 0.007525
1610017555.535628 14.335026 0.007534
1610017555.634629 14.336712 0.007535
1610017555.700629 14.336998 0.007526
1610017555.799629 14.338915 0.007533
1610017555.865629 14.339130 0.007516
1610017555.931629 14.339589 0.007529
1610017555.997629 14.339880 0.007517
1610017556.096630 14.341850 0.007532
1610017556.162630 14.342053 0.007536
1610017556.261630 14.342490 0.007522
1610017556.360631 14.343266 0.007531
1610017556.459630 14.344293 0.007507
1610017556.558631 14.345820 0.007512
1610017556.624631 14.341151 0.007445
1610017556.690631 14.341389 0.007498
1610017556.789632 14.343222 0.007533
1610017556.888632 14.343934 0.007531
1610017556.987632 14.343851 0.007518
1610017557.086632 14.344505 0.007532
1610017557.185632 14.345102 0.007529
1610017557.251633 14.340588 0.007514
1610017557.317633 14.341001 0.007520
1610017557.383633 14.340696 0.007530
1610017557.482633 14.341069 0.007501
1610017557.581633 14.341441 0.007524
1610017557.680634 14.342281 0.007518
1610017557.779634 14.338851 0.007476
1610017557.878634 14.338554 0.007472
1610017557.977634 14.339336 0.007516
1610017558.076635 14.339814 0.007531
1610017558.175635 14.340172 0.007509
1610017558.274635 14.338312 0.007480
1610017558.373636 14.337808 0.007503
1610017558.472636 14.338315 0.007491
1610017558.571636 14.338967 0.007526
1610017558.670636 14.339460 0.007532
1610017558.769636 14.337846 0.007529
1610017558.868637 14.337807 0.007513
1610017558.967637 14.338602 0.007525
1610017559.066637 14.339135 0.007520
1610017559.165637 14.340137 0.007530
1610017559.264638 14.340317 0.007526
1610017559.396638 14.340200 0.007471
1610017559.495638 14.340205 0.007502
1610017559.594639 14.339436 0.007517
1610017559.693639 14.340257 0.007521
1610017559.792639 14.340836 0.007528
1610017559.924639 14.342143 0.007517
1610017560.023639 14.343304 0.007528
1610017560.155640 14.343904 0.007528
1610017560.287640 14.342599 0.007479
1610017560.419641 14.346195 0.007471
1610017560.518641 14.347093 0.007508
1610017560.650641 14.346718 0.007512
1610017560.749641 14.346798 0.007519
1610017560.848642 14.347490 0.007523
1610017560.980642 14.348912 0.007491
1610017561.112642 14.351507 0.007521
1610017561.244642 14.350546 0.007512
1610017561.409643 14.353263 0.007517
1610017561.574643 14.354175 0.007512
1610017561.706644 14.354985 0.007472
1610017561.871644 14.358857 0.007517
1610017562.003644 14.359814 0.007520
1610017562.168645 14.360635 0.007521
1610017562.366645 14.363614 0.007520
1610017562.597646 14.366530 0.007471
1610017562.762646 14.368188 0.007466
1610017562.960647 14.370097 0.007464
1610017563.191647 14.371457 0.007438
1610017563.422648 14.373576 0.007441
1610017563.620648 14.372977 0.007513
1610017563.818649 14.374419 0.007415
1610017563.983649 14.374827 0.007487
1610017564.148650 14.376357 0.007476
1610017564.280650 14.377398 0.007321
1610017564.412650 14.378850 0.007356
1610017564.544651 14.380375 0.007397
1610017564.676651 14.378049 0.007420
1610017564.808651 14.379014 0.007466
1610017564.940651 14.378057 0.007470
1610017565.072652 14.377039 0.007518
1610017565.204652 14.376172 0.007518
1610017565.336653 14.376418 0.007468
1610017565.468653 14.375103 0.007465
1610017565.600653 14.375163 0.007517
1610017565.732654 14.375111 0.007513
1610017565.864654 14.374819 0.007475
1610017565.996654 14.375991 0.007514
1610017566.128654 14.377119 0.007516
1610017566.260655 14.377628 0.007513
1610017566.425655 14.377861 0.007517
1610017566.590656 14.379129 0.007506
1610017566.755656 14.380382 0.007499
1610017566.920656 14.381683 0.007498
1610017567.085657 14.382170 0.007514
1610017567.250657 14.383181 0.007515
1610017567.415658 14.383831 0.007513
1610017567.580658 14.384686 0.007511
1610017567.712658 14.385012 0.007515
1610017567.844659 14.385799 0.007507
1610017568.009659 14.386373 0.007515
1610017568.141659 14.386228 0.007486
1610017568.273660 14.386919 0.007510
1610017568.405660 14.387664 0.007441
1610017568.537660 14.388237 0.007484
1610017568.669660 14.388682 0.007509
1610017568.801661 14.389035 0.007486
1610017568.933661 14.389479 0.007493
1610017569.065661 14.387338 0.007011
1610017569.197662 14.386898 0.007427
1610017569.329662 14.386877 0.007429
1610017569.428662 14.385279 0.007369
1610017569.560663 14.385748 0.007297
1610017569.692663 14.385363 0.007476
1610017569.824663 14.385087 0.007476
1610017569.923664 14.384877 0.007494
1610017570.055664 14.384784 0.007425
1610017570.187664 14.384403 0.007458
1610017570.319665 14.383946 0.007460
1610017570.451665 14.383329 0.007483
1610017570.583665 14.382355 0.007192
1610017570.682666 14.382225 0.007471
1610017570.781666 14.381648 0.007316
1610017570.880666 14.380847 0.007452
1610017570.979666 14.380446 0.007453
1610017571.078666 14.380607 0.007487
1610017571.177667 14.380844 0.007416
1610017571.276667 14.381223 0.007490
1610017571.375667 14.381354 0.007498
1610017571.474668 14.381064 0.007502
1610017571.573668 14.380848 0.007484
1610017571.672668 14.380333 0.007495
1610017571.771668 14.379613 0.007405
1610017571.870669 14.380071 0.007494
1610017571.969669 14.380117 0.007494
1610017572.068669 14.380041 0.007497
1610017572.167669 14.379965 0.007483
1610017572.266669 14.379791 0.007446
1610017572.365670 14.379418 0.007488
1610017572.464670 14.379483 0.007462
1610017572.563670 14.379677 0.007398
1610017572.662670 14.379637 0.007506
1610017572.761671 14.379342 0.007502
1610017572.860671 14.379886 0.007501
1610017572.959671 14.379862 0.007507
1610017573.058671 14.379831 0.007466
1610017573.157672 14.379718 0.007494
1610017573.256672 14.379743 0.007482
1610017573.355672 14.379672 0.007445
1610017573.454672 14.379725 0.007455
1610017573.520673 14.379782 0.007483
1610017573.619673 14.379454 0.007480
1610017573.718673 14.379415 0.007507
1610017573.817673 14.379432 0.007495
1610017573.916673 14.379632 0.007502
1610017574.015674 14.379654 0.007507
1610017574.114674 14.379604 0.007506
1610017574.180674 14.379697 0.007495
1610017574.246674 14.379649 0.007493
1610017574.312674 14.379233 0.007454
1610017574.378675 14.378908 0.007505
1610017574.444675 14.378929 0.007497
1610017574.543675 14.378736 0.007478
1610017574.642675 14.378772 0.007505
1610017574.741676 14.378705 0.007505
1610017574.840676 14.378510 0.007500
1610017574.906676 14.378462 0.007504
1610017574.972676 14.378262 0.007500
1610017575.071676 14.378272 0.007479
1610017575.137676 14.378179 0.007493
1610017575.236677 14.378233 0.007491
1610017575.335677 14.378287 0.007485
1610017575.434677 14.378310 0.007491
1610017575.500677 14.378370 0.007451
1610017575.599678 14.378538 0.007503
1610017575.698678 14.378421 0.007506
1610017575.797678 14.378528 0.007495
1610017575.896678 14.378252 0.007490
1610017575.962678 14.378086 0.007500
1610017576.028679 14.378151 0.007492
1610017576.127679 14.378715 0.007475
1610017576.226679 14.378701 0.007482
1610017576.292679 14.378540 0.007489
1610017576.391680 14.378193 0.007505
1610017576.490680 14.378271 0.007504
1610017576.589680 14.378293 0.007501
1610017576.688680 14.378071 0.007504
1610017576.820680 14.378029 0.007503
1610017576.919681 14.378255 0.007503
1610017577.018681 14.377699 0.007478
1610017577.117682 14.377322 0.007492
1610017577.216681 14.377820 0.007492
1610017577.282682 14.378269 0.007499
1610017577.381682 14.377944 0.007492
1610017577.480682 14.377898 0.007499
1610017577.579683 14.378052 0.007499
1610017577.645683 14.377997 0.007503
1610017577.711683 14.378097 0.007493
1610017577.777683 14.378580 0.007473
1610017577.843683 14.378818 0.007501
1610017577.909683 14.378953 0.007498
1610017577.975683 14.379053 0.007506
1610017578.041683 14.378907 0.007498
1610017578.107684 14.378522 0.007466
1610017578.173684 14.378282 0.007478
1610017578.239684 14.378076 0.007481
1610017578.305684 14.378021 0.007496
1610017578.371684 14.378049 0.007481
1610017578.437685 14.377208 0.007476
1610017578.536685 14.377264 0.007504
1610017578.635685 14.377588 0.007489
1610017578.734685 14.377772 0.007477
1610017578.833685 14.377495 0.007491
1610017578.932686 14.377254 0.007480
1610017579.031686 14.377674 0.007473
1610017579.130686 14.377663 0.007490
1610017579.229686 14.377378 0.007458
1610017579.328686 14.377664 0.007496
1610017579.427687 14.377697 0.007503
1610017579.526687 14.378099 0.007490
1610017579.625688 14.378221 0.007497
1610017579.724688 14.378419 0.007492
1610017579.823688 14.378401 0.007495
1610017579.922688 14.378460 0.007386
1610017580.021688 14.378294 0.007500
1610017580.120689 14.378322 0.007484
1610017580.219689 14.378696 0.007473
1610017580.318689 14.378745 0.007498
1610017580.417689 14.378588 0.007503
1610017580.516690 14.378668 0.007497
1610017580.615690 14.378765 0.007499
1610017580.714690 14.378826 0.007503
1610017580.813690 14.378816 0.007497
1610017580.912691 14.378977 0.007468
1610017581.011691 14.379049 0.007497
1610017581.077691 14.379132 0.007502
1610017581.143691 14.379414 0.007489
1610017581.209691 14.378804 0.007495
1610017581.275692 14.379348 0.007478
1610017581.341692 14.379426 0.007490
1610017581.407692 14.379326 0.007483
1610017581.473692 14.379370 0.007499
1610017581.539692 14.379138 0.007492
1610017581.638692 14.378901 0.007500
1610017581.737693 14.378708 0.007484
1610017581.803693 14.378917 0.007491
1610017581.902693 14.378700 0.007486
1610017582.001693 14.379169 0.007504
1610017582.100693 14.379539 0.007499
1610017582.232694 14.379719 0.007492
1610017582.364694 14.379863 0.007499
1610017582.496695 14.380361 0.007496
1610017582.628695 14.380709 0.007503
1610017582.727695 14.381190 0.007501
1610017582.859695 14.381709 0.007471
1610017582.958696 14.383045 0.007438
1610017583.090696 14.384027 0.007427
1610017583.222696 14.386121 0.007310
1610017583.354697 14.385816 0.007490
1610017583.486697 14.386450 0.007427
1610017583.618697 14.387578 0.007330
1610017583.750697 14.388571 0.007423
1610017583.882698 14.389070 0.007445
1610017584.014698 14.389212 0.007422
1610017584.113698 14.391067 0.007287
1610017584.245699 14.392484 0.007448
1610017584.344699 14.394375 0.007394
1610017584.443699 14.394289 0.007286
1610017584.542700 14.394871 0.007500
1610017584.641700 14.395837 0.007485
1610017584.740700 14.395773 0.007316
1610017584.839700 14.396842 0.007437
1610017584.938700 14.397095 0.007443
1610017585.037701 14.398393 0.007496
1610017585.136701 14.398895 0.007478
1610017585.268701 14.399690 0.007435
1610017585.367702 14.399937 0.007480
1610017585.466702 14.400436 0.007469
1610017585.565702 14.401726 0.007476
1610017585.664702 14.401826 0.007500
1610017585.763703 14.400954 0.007477
1610017585.862703 14.402325 0.007493
1610017585.961703 14.402314 0.007479
1610017586.060703 14.401604 0.007459
1610017586.192703 14.402442 0.007496
1610017586.291704 14.402803 0.007487
1610017586.390704 14.403041 0.007469
1610017586.522704 14.401820 0.007421
1610017586.654705 14.401867 0.007494
1610017586.786705 14.402194 0.007499
1610017586.918705 14.402350 0.007487
1610017587.050706 14.402504 0.007494
1610017587.182706 14.402416 0.007468
1610017587.281706 14.401900 0.007477
1610017587.380706 14.401316 0.007494
1610017587.479707 14.401407 0.007479
1610017587.578707 14.400437 0.007433
1610017587.677707 14.400403 0.007487
1610017587.776707 14.399723 0.007472
1610017587.875708 14.399625 0.007433
1610017587.974708 14.399682 0.007484
1610017588.073708 14.399352 0.007470
1610017588.172708 14.399261 0.007491
1610017588.271709 14.399144 0.007481
1610017588.370709 14.399050 0.007481
1610017588.469709 14.398897 0.007403
1610017588.568709 14.398684 0.007470
1610017588.667710 14.398233 0.007480
1610017588.766710 14.398271 0.007491
1610017588.865710 14.398391 0.007481
1610017588.964710 14.398792 0.007417
1610017589.063711 14.398908 0.007487
1610017589.162711 14.398479 0.007468
1610017589.261711 14.398435 0.007486
1610017589.360711 14.398286 0.007488
1610017589.459712 14.397783 0.007464
1610017589.558712 14.397623 0.007391
1610017589.657712 14.397272 0.007483
1610017589.756712 14.397317 0.007486
1610017589.855712 14.397086 0.007460
1610017589.954713 14.396824 0.007454
1610017590.053713 14.396437 0.007481
1610017590.152713 14.396374 0.007473
1610017590.251714 14.396519 0.007469
1610017590.350714 14.396119 0.007485
1610017590.449714 14.395732 0.007482
1610017590.548714 14.396023 0.007483
1610017590.647715 14.396076 0.007422
1610017590.746715 14.396209 0.007467
1610017590.845715 14.396077 0.007483
1610017590.944715 14.395884 0.007412
1610017591.043715 14.396013 0.007476
1610017591.109716 14.396001 0.007423
1610017591.208716 14.395952 0.007397
1610017591.340716 14.395882 0.007463
1610017591.439716 14.395757 0.007388
1610017591.538717 14.396134 0.007470
1610017591.604717 14.396061 0.007452
1610017591.703717 14.395888 0.007455
1610017591.802717 14.395274 0.007475
1610017591.901717 14.394874 0.007445
1610017592.000718 14.394767 0.007472
1610017592.066718 14.394792 0.007478
1610017592.132718 14.394786 0.007475
1610017592.198718 14.394979 0.007442
1610017592.264719 14.394970 0.007463
1610017592.330719 14.394654 0.007451
1610017592.396719 14.394528 0.007422
1610017592.462719 14.394609 0.007438
1610017592.528719 14.394832 0.007474
1610017592.594719 14.394910 0.007474
1610017592.660719 14.394879 0.007446
1610017592.726719 14.394839 0.007468
1610017592.792720 14.395136 0.007477
1610017592.858720 14.395500 0.007437
1610017592.924720 14.395578 0.007376
1610017592.990720 14.395683 0.007449
1610017593.056720 14.395671 0.007331
1610017593.122720 14.395686 0.007468
1610017593.188721 14.395530 0.007344
1610017593.254721 14.395696 0.007453
1610017593.320721 14.395453 0.007427
1610017593.386721 14.395451 0.007443
1610017593.485722 14.395707 0.007474
1610017593.551722 14.395837 0.007435
1610017593.650722 14.395837 0.007456
1610017593.749722 14.395961 0.007470
1610017593.848722 14.396238 0.007466
1610017593.980723 14.396424 0.007428
1610017594.112723 14.396693 0.007263
1610017594.244723 14.396807 0.007433
1610017594.376724 14.397026 0.007402
1610017594.508724 14.396632 0.007388
1610017594.640724 14.396964 0.007357
1610017594.772725 14.397386 0.007463
1610017594.904725 14.398077 0.007462
1610017595.036725 14.399488 0.007410
1610017595.168725 14.399822 0.007466
1610017595.300726 14.400556 0.007471
1610017595.432726 14.401563 0.007375
1610017595.564727 14.401842 0.007440
1610017595.696727 14.401663 0.007398
1610017595.828727 14.402566 0.007256
1610017595.960727 14.403693 0.007385
1610017596.092728 14.404434 0.007398
1610017596.224728 14.405248 0.007305
1610017596.356729 14.405607 0.007462
1610017596.488729 14.406752 0.007460
1610017596.587729 14.406748 0.007288
1610017596.686729 14.407694 0.007470
1610017596.785730 14.408605 0.007466
1610017596.884730 14.409157 0.007454
1610017596.983730 14.410209 0.007438
1610017597.082730 14.410174 0.007471
1610017597.181731 14.411009 0.007333
1610017597.280731 14.411349 0.007469
1610017597.379731 14.411939 0.007449
1610017597.478731 14.412241 0.007347
1610017597.577732 14.412606 0.007465
1610017597.676732 14.413694 0.007422
1610017597.775732 14.412937 0.007451
1610017597.874732 14.411194 0.007365
1610017597.973733 14.412028 0.007461
1610017598.072733 14.412369 0.007468
1610017598.171733 14.412121 0.007466
1610017598.270733 14.412885 0.007425
1610017598.369733 14.412834 0.007470
1610017598.501734 14.412876 0.007426
1610017598.600734 14.412075 0.007458
1610017598.699734 14.412125 0.007468
1610017598.831734 14.412229 0.007438
1610017598.930735 14.411436 0.007461
1610017599.029735 14.411184 0.007471
1610017599.161735 14.410921 0.007438
1610017599.260736 14.410118 0.007413
1610017599.359735 14.409874 0.007469
1610017599.458736 14.408336 0.007456
1610017599.557736 14.408880 0.007461
1610017599.623736 14.408297 0.007462
1610017599.689736 14.408151 0.007452
1610017599.755737 14.408219 0.007449
1610017599.821737 14.407955 0.007454
1610017599.887737 14.407734 0.007462
1610017599.953737 14.407722 0.007469
1610017600.019737 14.407549 0.007444
1610017600.085737 14.407717 0.007463
1610017600.151738 14.407466 0.007463
1610017600.217738 14.407231 0.007457
1610017600.283738 14.407674 0.007463
1610017600.349738 14.407238 0.007459
1610017600.415738 14.407105 0.007413
1610017600.514738 14.406788 0.007414
1610017600.613739 14.406923 0.007427
1610017600.712739 14.406843 0.007440
1610017600.811739 14.406678 0.007454
1610017600.910739 14.406677 0.007399
1610017601.009740 14.406081 0.007385
1610017601.108740 14.406248 0.007459
1610017601.174740 14.406337 0.007452
1610017601.240740 14.406162 0.007432
1610017601.306741 14.405692 0.007322
1610017601.405741 14.405763 0.007457
1610017601.504741 14.405573 0.007327
1610017601.603741 14.405496 0.007453
1610017601.669741 14.405536 0.007442
1610017601.735741 14.404851 0.007452
1610017601.801742 14.404751 0.007454
1610017601.900742 14.404757 0.007437
1610017601.966742 14.404349 0.007445
1610017602.065742 14.404666 0.007426
1610017602.164743 14.404964 0.007454
1610017602.263743 14.404259 0.007408
1610017602.329743 14.404534 0.007391
1610017602.395743 14.403947 0.007450
1610017602.461743 14.403569 0.007408
1610017602.527744 14.403726 0.007448
1610017602.626744 14.403686 0.007423
1610017602.725744 14.403152 0.007434
1610017602.824744 14.403260 0.007416
1610017602.923744 14.403221 0.007420
1610017603.022745 14.403508 0.007443
1610017603.121745 14.403442 0.007439
1610017603.187745 14.402521 0.007403
1610017603.253745 14.401744 0.007432
1610017603.319745 14.402378 0.007433
1610017603.385746 14.402251 0.007416
1610017603.451746 14.401757 0.007424
1610017603.517746 14.401984 0.007436
1610017603.583746 14.401480 0.007392
1610017603.649746 14.401067 0.007427
1610017603.715746 14.400967 0.007427
1610017603.781746 14.401018 0.007437
1610017603.847747 14.401061 0.007436
1610017603.913747 14.401319 0.007422
1610017603.979747 14.401655 0.007427
1610017604.045747 14.401718 0.007404
1610017604.111747 14.401859 0.007434
1610017604.177747 14.401864 0.007413
1610017604.276748 14.401838 0.007403
1610017604.375748 14.401833 0.007429
1610017604.474748 14.401844 0.007431
1610017604.573749 14.401708 0.007415
1610017604.672749 14.401717 0.007429
1610017604.771749 14.401644 0.007353
1610017604.870749 14.401723 0.007406
1610017604.969749 14.401274 0.007412
1610017605.068750 14.401139 0.007423
1610017605.134750 14.401239 0.007424
1610017605.200750 14.401067 0.007287
1610017605.266750 14.401115 0.007398
1610017605.332750 14.400117 0.007403
1610017605.398751 14.400429 0.007411
1610017605.464751 14.400428 0.007418
1610017605.530751 14.399178 0.007366
1610017605.596751 14.400008 0.007416
1610017605.662751 14.400088 0.007398
1610017605.761751 14.399926 0.007368
1610017605.860752 14.399252 0.007388
1610017605.959752 14.399355 0.007426
1610017606.058752 14.398974 0.007409
1610017606.124752 14.398487 0.007313
1610017606.190753 14.398960 0.007400
1610017606.256753 14.399167 0.007417
1610017606.322753 14.398493 0.007419
1610017606.421753 14.398329 0.007406
1610017606.520753 14.398187 0.007410
1610017606.586753 14.397873 0.007391
1610017606.652754 14.398029 0.007408
1610017606.718754 14.397889 0.007420
1610017606.784754 14.398205 0.007413
1610017606.850754 14.397454 0.007404
1610017606.916754 14.397636 0.007418
1610017606.982754 14.397391 0.007421
1610017607.048754 14.397347 0.007405
1610017607.114755 14.397367 0.007372
1610017607.180755 14.397047 0.007273
1610017607.246755 14.397267 0.007416
1610017607.312755 14.396853 0.007376
1610017607.378755 14.398106 0.007406
1610017607.444756 14.397997 0.007402
1610017607.510756 14.397858 0.007391
1610017607.576756 14.397572 0.007400
1610017607.642756 14.397529 0.007411
1610017607.708756 14.397424 0.007385
1610017607.774756 14.397367 0.007413
1610017607.840756 14.397239 0.007400
1610017607.906757 14.397478 0.007413
1610017607.972757 14.397316 0.007383
1610017608.038757 14.397260 0.007400
1610017608.104757 14.396905 0.007398
1610017608.170757 14.396516 0.007413
1610017608.236758 14.396531 0.007413
1610017608.302758 14.396590 0.007405
1610017608.368758 14.396351 0.007401
1610017608.434758 14.396320 0.007406
1610017608.500758 14.396362 0.007399
1610017608.566758 14.396614 0.007416
1610017608.632758 14.396480 0.007415
1610017608.731759 14.396320 0.007400
1610017608.830759 14.396228 0.007391
1610017608.929759 14.396282 0.007361
1610017609.028759 14.396557 0.007409
1610017609.127760 14.396269 0.007357
1610017609.226760 14.396313 0.007397
1610017609.325760 14.396729 0.007377
1610017609.424760 14.396044 0.007410
1610017609.490761 14.395931 0.007405
1610017609.556761 14.396006 0.007406
1610017609.655761 14.396184 0.007407
1610017609.754761 14.396139 0.007400
1610017609.820761 14.395729 0.007405
1610017609.886761 14.395218 0.007403
1610017609.985762 14.395604 0.007407
1610017610.051762 14.396235 0.007391
1610017610.117762 14.395862 0.007413
1610017610.183762 14.395438 0.007330
1610017610.249762 14.395766 0.007377
1610017610.315763 14.395116 0.007371
1610017610.381763 14.395531 0.007387
1610017610.447763 14.395420 0.007369
1610017610.513763 14.395230 0.007413
1610017610.579763 14.395359 0.007403
1610017610.645763 14.395153 0.007381
1610017610.711763 14.395088 0.007407
1610017610.810764 14.395091 0.007405
1610017610.876764 14.395232 0.007399
1610017610.942764 14.395189 0.007387
1610017611.008764 14.395099 0.007405
1610017611.074764 14.394969 0.007407
1610017611.140764 14.394404 0.007408
1610017611.239765 14.394565 0.007404
1610017611.371765 14.394574 0.007411
1610017611.470765 14.394643 0.007393
1610017611.569766 14.394751 0.007395
1610017611.668766 14.394570 0.007411
1610017611.767766 14.394560 0.007407
1610017611.866766 14.394334 0.007409
1610017611.965767 14.394204 0.007403
1610017612.064767 14.394160 0.007397
1610017612.163767 14.393806 0.007279
1610017612.262767 14.394044 0.007378
1610017612.361768 14.394180 0.007354
1610017612.427768 14.394461 0.007364
1610017612.493768 14.393469 0.007411
1610017612.559768 14.393133 0.007389
1610017612.625768 14.393456 0.007411
1610017612.691768 14.393223 0.007409
1610017612.757768 14.393698 0.007401
1610017612.823769 14.393680 0.007404
1610017612.889769 14.393348 0.007412
1610017612.955769 14.393073 0.007407
1610017613.021769 14.392841 0.007376
1610017613.087769 14.392967 0.007405
1610017613.153769 14.392729 0.007371
1610017613.219770 14.392706 0.007384
1610017613.285770 14.392825 0.007404
1610017613.351770 14.392899 0.007392
1610017613.417770 14.392700 0.007409
1610017613.483770 14.392550 0.007408
1610017613.549771 14.392593 0.007382
1610017613.615771 14.392296 0.007400
1610017613.681771 14.392195 0.007389
1610017613.747771 14.392295 0.007393
1610017613.813771 14.391942 0.007402
1610017613.879771 14.391903 0.007406
1610017613.945771 14.391984 0.007406
1610017614.011772 14.391905 0.007398
1610017614.077772 14.391722 0.007370
1610017614.143772 14.391843 0.007384
1610017614.209772 14.391739 0.007404
1610017614.275772 14.391761 0.007398
1610017614.341772 14.391578 0.007366
1610017614.407773 14.391415 0.007391
1610017614.473773 14.391337 0.007404
1610017614.539773 14.391348 0.007394
1610017614.605773 14.391442 0.007398
1610017614.671773 14.391194 0.007402
1610017614.737773 14.391241 0.007408
1610017614.803773 14.391305 0.007404
1610017614.869774 14.391080 0.007394
1610017614.935774 14.391177 0.007398
1610017615.001774 14.391191 0.007394
1610017615.067774 14.390961 0.007406
1610017615.133774 14.391039 0.007401
1610017615.199775 14.391090 0.007389
1610017615.265774 14.391358 0.007394
1610017615.331775 14.391316 0.007406
1610017615.397775 14.391454 0.007404
1610017615.463775 14.390703 0.007401
1610017615.529775 14.390165 0.007378
1610017615.595776 14.390193 0.007385
1610017615.694776 14.390542 0.007398
1610017615.760776 14.390230 0.007357
1610017615.826776 14.390324 0.007393
1610017615.925776 14.390104 0.007385
1610017616.024776 14.390339 0.007404
1610017616.123777 14.390215 0.007407
1610017616.222777 14.390107 0.007394
1610017616.321777 14.389711 0.007371
1610017616.420778 14.389612 0.007407
1610017616.519778 14.389526 0.007405
1610017616.618778 14.389308 0.007402
1610017616.717778 14.389228 0.007396
1610017616.816778 14.389042 0.007375
1610017616.882779 14.389163 0.007378
1610017616.948779 14.388931 0.007405
1610017617.014779 14.389356 0.007403
1610017617.080779 14.389610 0.007405
1610017617.146779 14.389455 0.007402
1610017617.212780 14.389531 0.007407
1610017617.278780 14.390013 0.007392
1610017617.344780 14.389576 0.007406
1610017617.410780 14.389407 0.007391
1610017617.509780 14.389316 0.007402
1610017617.608780 14.389463 0.007384
1610017617.674781 14.389415 0.007366
1610017617.740781 14.389783 0.007402
1610017617.806781 14.389389 0.007344
1610017617.872781 14.389246 0.007406
1610017617.938781 14.389172 0.007375
1610017618.004781 14.389135 0.007369
1610017618.103782 14.389203 0.007406
1610017618.202782 14.389043 0.007354
1610017618.268782 14.389037 0.007401
1610017618.334782 14.389026 0.007396
1610017618.433783 14.388844 0.007402
1610017618.499783 14.388851 0.007403
1610017618.565783 14.388869 0.007401
1610017618.631783 14.388842 0.007405
1610017618.697783 14.388907 0.007403
1610017618.763783 14.388904 0.007385
1610017618.829783 14.388939 0.007402
1610017618.895784 14.388905 0.007396
1610017618.961784 14.388696 0.007403
1610017619.027784 14.388762 0.007405
1610017619.093784 14.388717 0.007405
1610017619.159784 14.388757 0.007401
1610017619.225784 14.388201 0.007334
1610017619.291785 14.388484 0.007403
1610017619.357785 14.388805 0.007406
1610017619.423785 14.388412 0.007403
1610017619.489785 14.388587 0.007403
1610017619.555785 14.387859 0.007386
1610017619.621785 14.388435 0.007406
1610017619.687785 14.388440 0.007400
1610017619.786786 14.388314 0.007396
1610017619.885786 14.388303 0.007395
1610017619.984786 14.388366 0.007397
1610017620.050786 14.388129 0.007406
1610017620.116787 14.388223 0.007402
1610017620.182787 14.387953 0.007386
1610017620.248787 14.388216 0.007402
1610017620.314787 14.388197 0.007404
1610017620.380787 14.388292 0.007405
1610017620.446787 14.388099 0.007406
1610017620.512788 14.388076 0.007405
1610017620.578788 14.387691 0.007378
1610017620.644788 14.388064 0.007380
1610017620.743788 14.388019 0.007396
1610017620.809788 14.387911 0.007403
1610017620.875788 14.387713 0.007399
1610017620.941789 14.387925 0.007354
1610017621.007789 14.387897 0.007393
1610017621.073789 14.387916 0.007335
1610017621.139789 14.387761 0.007369
1610017621.205789 14.387842 0.007381
1610017621.271790 14.388041 0.007356
1610017621.370790 14.387891 0.007402
1610017621.436790 14.387700 0.007360
1610017621.502790 14.387871 0.007388
1610017621.568790 14.388025 0.007392
1610017621.634790 14.388054 0.007364
1610017621.700791 14.387754 0.007396
1610017621.766791 14.387787 0.007402
1610017621.832791 14.387779 0.007405
1610017621.898791 14.387663 0.007387
1610017621.964791 14.387498 0.007384
1610017622.030792 14.387487 0.007404
1610017622.096792 14.387448 0.007405
1610017622.162792 14.387329 0.007386
1610017622.228792 14.387099 0.007399
1610017622.294792 14.387365 0.007409
1610017622.393792 14.387178 0.007402
1610017622.492793 14.387573 0.007387
1610017622.591793 14.387458 0.007397
1610017622.690793 14.387334 0.007399
1610017622.789793 14.387530 0.007398
1610017622.888793 14.387330 0.007398
1610017622.987794 14.387071 0.007388
1610017623.086794 14.387209 0.007386
1610017623.185794 14.386881 0.007366
1610017623.251794 14.386933 0.007340
1610017623.350795 14.386919 0.007402
1610017623.449795 14.386648 0.007403
1610017623.548795 14.386365 0.007406
1610017623.647795 14.386363 0.007407
1610017623.713795 14.386397 0.007355
1610017623.812796 14.386110 0.007406
1610017623.911796 14.386090 0.007406
1610017624.010796 14.386455 0.007352
1610017624.109796 14.386612 0.007390
1610017624.208797 14.386327 0.007404
1610017624.274797 14.385989 0.007402
1610017624.340797 14.386125 0.007399
1610017624.406797 14.385870 0.007398
1610017624.472797 14.385927 0.007406
1610017624.538797 14.386105 0.007382
1610017624.604798 14.386380 0.007371
1610017624.670798 14.386382 0.007396
1610017624.736798 14.386259 0.007408
1610017624.802798 14.386179 0.007394
1610017624.868798 14.386218 0.007398
1610017624.934798 14.386216 0.007405
1610017625.033799 14.386172 0.007387
1610017625.099799 14.386127 0.007406
1610017625.165799 14.385812 0.007407
1610017625.231799 14.385680 0.007375
1610017625.297799 14.385784 0.007404
1610017625.363800 14.385630 0.007394
1610017625.429800 14.386089 0.007404
1610017625.528800 14.386250 0.007399
1610017625.594800 14.386240 0.007402
1610017625.693800 14.386500 0.007372
1610017625.792800 14.386562 0.007406
1610017625.891801 14.386341 0.007392
1610017625.990801 14.386396 0.007402
1610017626.089801 14.386443 0.007383
1610017626.155801 14.386313 0.007403
1610017626.254802 14.386579 0.007408
1610017626.320802 14.386498 0.007391
1610017626.386802 14.385879 0.007405
1610017626.452802 14.385972 0.007391
1610017626.518802 14.386439 0.007372
1610017626.584803 14.386477 0.007400
1610017626.650803 14.386501 0.007400
1610017626.716803 14.386341 0.007403
1610017626.815803 14.386213 0.007408
1610017626.914804 14.386427 0.007405
1610017627.013803 14.386359 0.007408
1610017627.112804 14.386513 0.007407
1610017627.178804 14.385883 0.007407
1610017627.244804 14.385827 0.007403
1610017627.310804 14.386478 0.007406
1610017627.409805 14.386658 0.007405
1610017627.508805 14.386518 0.007400
1610017627.574805 14.386728 0.007398
1610017627.640805 14.386676 0.007392
1610017627.706805 14.386694 0.007402
1610017627.772805 14.386684 0.007401
1610017627.838805 14.386662 0.007408
1610017627.904806 14.386729 0.007406
1610017627.970806 14.386596 0.007409
1610017628.036806 14.386285 0.007387
1610017628.102806 14.386273 0.007400
1610017628.168806 14.386097 0.007392
1610017628.234807 14.386136 0.007398
1610017628.300807 14.386093 0.007408
1610017628.366807 14.385711 0.007407
1610017628.432807 14.385886 0.007404
1610017628.498807 14.385850 0.007409
1610017628.564807 14.385734 0.007371
1610017628.630808 14.385704 0.007405
1610017628.729808 14.385672 0.007408
1610017628.795808 14.385486 0.007387
1610017628.861808 14.385455 0.007395
1610017628.960809 14.385490 0.007408
1610017629.026809 14.385366 0.007398
1610017629.092809 14.385312 0.007405
1610017629.158809 14.385205 0.007384
1610017629.224809 14.385182 0.007396
1610017629.290809 14.385276 0.007399
1610017629.389809 14.385307 0.007401
1610017629.455810 14.385407 0.007388
1610017629.521810 14.385315 0.007406
1610017629.587810 14.385611 0.007404
1610017629.653810 14.384987 0.007368
1610017629.719810 14.384911 0.007405
1610017629.785810 14.385283 0.007404
1610017629.851810 14.384480 0.007406
1610017629.917811 14.384356 0.007407
1610017629.983811 14.384562 0.007395
1610017630.049811 14.384646 0.007371
1610017630.115811 14.384428 0.007403
1610017630.181812 14.384720 0.007408
1610017630.280812 14.384747 0.007382
1610017630.379812 14.384434 0.007402
1610017630.478812 14.384338 0.007390
1610017630.577812 14.384177 0.007403
1610017630.676813 14.384110 0.007404
1610017630.742813 14.384065 0.007396
1610017630.808813 14.384082 0.007407
1610017630.874813 14.383905 0.007333
1610017630.940813 14.383837 0.007405
1610017631.006814 14.383701 0.007378
1610017631.072814 14.383525 0.007311
1610017631.138814 14.383379 0.007326
1610017631.204814 14.383008 0.007393
1610017631.270814 14.383060 0.007383
1610017631.336814 14.382963 0.007371
1610017631.402814 14.382938 0.007381
1610017631.468815 14.383078 0.007408
1610017631.534815 14.382691 0.007389
1610017631.600815 14.382841 0.007393
1610017631.666815 14.382210 0.007389
1610017631.732815 14.382255 0.007391
1610017631.798815 14.382046 0.007385
1610017631.864815 14.382489 0.007402
1610017631.930815 14.382495 0.007380
1610017631.996816 14.382116 0.007377
1610017632.062816 14.382194 0.007399
1610017632.128816 14.382112 0.007406
1610017632.194816 14.382155 0.007401
1610017632.260816 14.382128 0.007406
1610017632.326817 14.381281 0.007402
1610017632.392817 14.380748 0.007400
1610017632.458817 14.380869 0.007408
1610017632.524817 14.380391 0.007407
1610017632.590817 14.381936 0.007402
1610017632.656817 14.382050 0.007338
1610017632.722817 14.382154 0.007401
1610017632.788818 14.382069 0.007390
1610017632.887818 14.382060 0.007386
1610017632.953818 14.382121 0.007403
1610017633.019818 14.381982 0.007403
1610017633.085818 14.381992 0.007400
1610017633.151819 14.381973 0.007407
1610017633.217819 14.381711 0.007399
1610017633.316819 14.381799 0.007407
1610017633.415819 14.381793 0.007400
1610017633.514820 14.381426 0.007408
1610017633.613820 14.381005 0.007400
1610017633.679820 14.381308 0.007399
1610017633.778820 14.381203 0.007405
1610017633.877820 14.381019 0.007393
1610017633.976821 14.380927 0.007407
1610017634.108821 14.380689 0.007394
1610017634.240821 14.380550 0.007405
1610017634.339822 14.380209 0.007407
1610017634.438822 14.380663 0.007402
1610017634.570822 14.380120 0.007400
1610017634.702822 14.379142 0.007398
1610017634.834823 14.379702 0.007403
1610017634.966823 14.380213 0.007407
1610017635.098823 14.378379 0.007382
1610017635.230824 14.378211 0.007400
1610017635.362824 14.377111 0.007385
1610017635.527824 14.377334 0.007408
1610017635.692825 14.375803 0.007312
1610017635.857825 14.375733 0.007369
1610017636.022826 14.377776 0.007323
1610017636.154826 14.376724 0.007354
1610017636.286826 14.375999 0.007380
1610017636.418827 14.376082 0.007366
1610017636.550827 14.376816 0.007350
1610017636.682827 14.376183 0.007379
1610017636.814827 14.375886 0.007348
1610017636.913828 14.373091 0.007203
1610017637.012828 14.374002 0.007233
1610017637.144828 14.374830 0.007213
1610017637.243829 14.375240 0.007367
1610017637.342829 14.375512 0.007378
1610017637.441829 14.376334 0.007394
1610017637.540829 14.377050 0.007347
1610017637.639829 14.375208 0.007398
1610017637.738830 14.374757 0.007358
1610017637.837830 14.374269 0.007369
1610017637.936831 14.373653 0.007403
1610017638.035830 14.373747 0.007386
1610017638.134831 14.373441 0.007398
1610017638.233831 14.373151 0.007400
1610017638.365831 14.373056 0.007364
1610017638.497831 14.372527 0.007385
1610017638.629832 14.373379 0.007405
1610017638.728832 14.372749 0.007363
1610017638.827832 14.372961 0.007399
1610017638.926833 14.371607 0.007385
1610017639.025833 14.371918 0.007405
1610017639.124833 14.371207 0.007397
1610017639.223833 14.370951 0.007404
1610017639.322834 14.370755 0.007393
1610017639.421834 14.370516 0.007386
1610017639.553834 14.370079 0.007404
1610017639.685834 14.369492 0.007402
1610017639.817835 14.369589 0.007380
1610017639.916835 14.368964 0.007284
1610017640.015835 14.368903 0.007400
1610017640.114836 14.368097 0.007363
1610017640.213836 14.368151 0.007397
1610017640.312836 14.366762 0.007382
1610017640.411836 14.365883 0.007384
1610017640.510836 14.366492 0.007399
1610017640.609837 14.365487 0.007373
1610017640.708837 14.363803 0.007367
1610017640.807837 14.362496 0.007371
1610017640.906837 14.361481 0.007300
1610017641.005838 14.360581 0.007393
1610017641.104838 14.360016 0.007393
1610017641.203838 14.358791 0.007345
1610017641.269838 14.358145 0.007372
1610017641.368839 14.358290 0.007396
1610017641.467839 14.357935 0.007389
1610017641.566839 14.356170 0.007349
1610017641.665839 14.354820 0.007322
1610017641.764840 14.354608 0.007397
1610017641.896840 14.354481 0.007380
1610017641.995840 14.353247 0.007337
1610017642.094840 14.351471 0.007359
1610017642.193841 14.351677 0.007396
1610017642.292841 14.351079 0.007384
1610017642.391841 14.349246 0.007374
1610017642.490841 14.347183 0.007354
1610017642.589842 14.347216 0.007387
1610017642.688842 14.345073 0.007343
1610017642.787842 14.344102 0.007351
1610017642.886842 14.342867 0.007369
1610017642.985842 14.339641 0.007330
1610017643.084843 14.338065 0.007379
1610017643.183843 14.335310 0.007367
1610017643.282843 14.333076 0.007291
1610017643.348844 14.331670 0.007384
1610017643.414844 14.331437 0.007383
1610017643.480844 14.331489 0.007391
1610017643.579844 14.331526 0.007391
1610017643.678844 14.331516 0.007383
1610017643.744844 14.331379 0.007390
1610017643.810845 14.331458 0.007355
1610017643.876845 14.331455 0.007389
1610017643.942845 14.331196 0.007384
1610017644.008845 14.330975 0.007382
1610017644.074845 14.331050 0.007387
1610017644.140845 14.330645 0.007385
1610017644.206846 14.331398 0.007382
1610017644.272846 14.331417 0.007369
1610017644.338846 14.331415 0.007383
1610017644.404846 14.331615 0.007376
1610017644.470846 14.332707 0.007370
1610017644.536846 14.331540 0.007384
1610017644.602846 14.331631 0.007377
1610017644.668847 14.330438 0.007380
1610017644.767847 14.330414 0.007378
1610017644.866847 14.330318 0.007384
1610017644.965847 14.327828 0.007377
1610017645.064848 14.327467 0.007386
1610017645.163848 14.327703 0.007382
1610017645.262848 14.327038 0.007373
1610017645.361848 14.326466 0.007385
1610017645.460849 14.327156 0.007384
1610017645.559849 14.327284 0.007381
1610017645.658849 14.327348 0.007379
1610017645.757849 14.327342 0.007369
1610017645.856850 14.326806 0.007371
1610017645.955850 14.326361 0.007373
1610017646.054850 14.324069 0.007362
1610017646.153850 14.323575 0.007374
1610017646.252851 14.322865 0.007382
1610017646.351851 14.322694 0.007382
1610017646.450851 14.320383 0.007368
1610017646.549851 14.317655 0.007376
1610017646.615851 14.315707 0.007324
1610017646.714852 14.316016 0.007361
1610017646.813852 14.313303 0.007373
1610017646.912852 14.312156 0.007380
1610017646.978852 14.311632 0.007354
1610017647.044852 14.310011 0.007374
1610017647.110853 14.309672 0.007366
1610017647.176853 14.309420 0.007381
1610017647.275853 14.309250 0.007381
1610017647.341853 14.307292 0.007360
1610017647.440854 14.307195 0.007379
1610017647.539854 14.307157 0.007367
1610017647.638854 14.306776 0.007378
1610017647.737854 14.306909 0.007379
1610017647.869854 14.306547 0.007365
1610017647.968855 14.305905 0.007380
1610017648.067855 14.305158 0.007361
1610017648.166855 14.304847 0.007377
1610017648.265856 14.304714 0.007372
1610017648.364856 14.302480 0.007340
1610017648.463856 14.302361 0.007346
1610017648.562856 14.300765 0.007324
1610017648.661856 14.296563 0.007247
1610017648.793857 14.296609 0.007345
1610017648.925857 14.290905 0.007257
1610017649.057858 14.288235 0.007301
1610017649.156857 14.288023 0.007375
1610017649.255858 14.288219 0.007349
1610017649.354858 14.287673 0.007378
1610017649.453859 14.287685 0.007365
1610017649.552859 14.286786 0.007379
1610017649.618859 14.286628 0.007375
1610017649.684859 14.285916 0.007375
1610017649.750859 14.285830 0.007378
1610017649.816859 14.286514 0.007367
1610017649.882859 14.286151 0.007378
1610017649.948860 14.285655 0.007369
1610017650.047860 14.283911 0.007350
1610017650.146860 14.284917 0.007379
1610017650.245860 14.284730 0.007371
1610017650.344861 14.284773 0.007378
1610017650.443861 14.284610 0.007376
1610017650.542861 14.284356 0.007372
1610017650.641861 14.281730 0.007345
1610017650.740862 14.282340 0.007374
1610017650.839862 14.282160 0.007374
1610017650.938862 14.282427 0.007370
1610017651.004862 14.281187 0.007365
1610017651.070862 14.281681 0.007379
1610017651.136863 14.280252 0.007373
1610017651.202863 14.279590 0.007366
1610017651.268863 14.278542 0.007376
1610017651.334863 14.277365 0.007371
1610017651.400863 14.277760 0.007368
1610017651.466863 14.276166 0.007373
1610017651.532863 14.275063 0.007360
1610017651.598864 14.275131 0.007377
1610017651.664864 14.274187 0.007371
1610017651.730864 14.273445 0.007375
1610017651.796864 14.272386 0.007359
1610017651.862864 14.273030 0.007373
1610017651.928864 14.272278 0.007377
1610017651.994865 14.272392 0.007375
1610017652.093865 14.272203 0.007365
1610017652.192865 14.272568 0.007377
1610017652.291865 14.272767 0.007376
1610017652.357866 14.268110 0.007345
1610017652.456866 14.264676 0.007331
1610017652.555866 14.265003 0.007360
1610017652.654866 14.263277 0.007375
1610017652.753866 14.260942 0.007306
1610017652.852867 14.259623 0.007329
1610017652.951867 14.258266 0.007298
1610017653.050867 14.254406 0.007297
1610017653.182868 14.249751 0.007333
1610017653.281868 14.247556 0.007350
1610017653.380868 14.247921 0.007366
1610017653.479868 14.247237 0.007366
1610017653.578868 14.248521 0.007377
1610017653.677869 14.247694 0.007377
1610017653.776869 14.245954 0.007362
1610017653.875869 14.245693 0.007367
1610017653.974869 14.244417 0.007375
1610017654.073870 14.244116 0.007358
1610017654.172870 14.243034 0.007354
1610017654.271870 14.241568 0.007370
1610017654.403871 14.241597 0.007353
1610017654.535871 14.242109 0.007374
1610017654.667871 14.238225 0.007362
1610017654.799872 14.237780 0.007364
1610017654.931872 14.237455 0.007346
1610017655.063872 14.237440 0.007377
1610017655.162873 14.236434 0.007368
1610017655.261873 14.236552 0.007365
1610017655.360873 14.236821 0.007375
1610017655.492873 14.236753 0.007369
1610017655.624874 14.236944 0.007368
1610017655.756874 14.237175 0.007374
1610017655.888874 14.236095 0.007372
1610017656.020875 14.235812 0.007354
1610017656.119875 14.234433 0.007378
1610017656.218875 14.234438 0.007368
1610017656.317875 14.234377 0.007371
1610017656.416876 14.234451 0.007366
1610017656.515876 14.233086 0.007363
1610017656.647876 14.232441 0.007369
1610017656.779877 14.231743 0.007375
1610017656.911877 14.230864 0.007347
1610017657.043877 14.226444 0.007366
1610017657.175877 14.226241 0.007373
1610017657.307878 14.223603 0.007377
1610017657.406878 14.222838 0.007378
1610017657.505878 14.222269 0.007370
1610017657.604879 14.220324 0.007377
1610017657.703879 14.219578 0.007346
1610017657.835879 14.218188 0.007340
1610017657.967880 14.216804 0.007359
1610017658.066880 14.212989 0.007330
1610017658.165880 14.213365 0.007376
1610017658.264880 14.213730 0.007345
1610017658.363880 14.213110 0.007373
1610017658.462881 14.209523 0.007333
1610017658.561881 14.209739 0.007374
1610017658.660881 14.210122 0.007371
1610017658.759881 14.208573 0.007367
1610017658.858881 14.210110 0.007371
1610017658.957882 14.210144 0.007374
1610017659.056882 14.207372 0.007354
1610017659.155882 14.209452 0.007365
1610017659.221882 14.210484 0.007355
1610017659.287883 14.206872 0.007371
1610017659.386883 14.204919 0.007373
1610017659.485883 14.205888 0.007377
1610017659.584883 14.205866 0.007371
1610017659.683883 14.203777 0.007361
1610017659.782884 14.203557 0.007377
1610017659.914884 14.204089 0.007374
1610017660.013884 14.202560 0.007372
1610017660.145885 14.202460 0.007376
1610017660.277885 14.197429 0.007375
1610017660.376885 14.198407 0.007374
1610017660.508886 14.198643 0.007368
1610017660.640886 14.192779 0.007371
1610017660.772886 14.189431 0.007367
1610017660.904886 14.191177 0.007352
1610017661.036887 14.184458 0.007373
1610017661.168887 14.184371 0.007368
1610017661.300888 14.180722 0.007374
1610017661.432888 14.179853 0.007377
1610017661.597888 14.175311 0.007369
