DelayedMarginalization 0.00147598 1.10095e-06 0.0121609 2107
DelayedMarginalizationOnly 0.000722305 5.54001e-07 0.00680002 2107
EF-marginalizeFrame 0.00185403 1.15034e-06 0.0125727 2107
FullSystem::trackNewCoarse 0.00620799 1.75448e-05 0.0380124 6298
FullSystem::trackNewCoarseNoIMU 0.00209085 8.79782e-07 0.00648739 178
FullSystemOptimize 0.143368 0.000316134 0.212457 2113
GraphUnrolling 0.0126273 2.90194e-06 0.0145576 3
IMUInitAddPose 3.56542e-05 2.53335e-09 0.00113969 2113
IMUInitOptimize 0.0361435 0.000375007 0.06983 26
IMUIntegration::finishKeyframeOperations 5.13457e-05 2.51844e-09 0.0012239 2082
InitializerFirstFrame 0.0296759 -nan 0.0296759 1
InitializerOtherFrames 0.0289236 0.000212807 0.0882797 112
MainMarginalization 0.00167663 1.11196e-06 0.0123892 2107
MarginalizationReplacementBuildGraph 0.00198464 3.02409e-11 0.00198852 2
MarginalizationReplacementReplaceGraph 0.0146821 -nan 0.0146821 1
MarginalizeMainGraph 0.000751886 3.34521e-07 0.00703352 2107
PGBA 0.11653 0.00120096 0.141035 2
PGBAFull 0.0611144 0.00517796 0.145379 4
PrepareGraphForMainOptimization 0.0127083 2.93487e-06 0.014652 3
VisualMarginalization 2.76014e-05 1.62057e-09 0.00104714 2107
activatePointsMT 0.00433454 3.68303e-06 0.0147891 2113
addActiveFrame 0.0655003 0.00588009 0.285378 6589
addIMUData 0.00099043 9.62326e-07 0.0120975 6298
addIMUDataToBA 0.000108609 9.75902e-09 0.00214049 6588
addKeyframeToBA 5.22967e-05 2.51799e-10 0.000241478 2113
afterCoarseTracking 2.64404e-07 1.00212e-13 2.3173e-05 6476
baIteration 0.0230786 2.93215e-05 0.0562943 12262
baMatrixInversion 0.000171217 7.71326e-09 0.00205397 12262
baUpdateBuildHessians 0.00058825 2.95309e-07 0.0110727 12262
coarseTrackingIteration 0.000541917 8.26797e-07 0.00912874 57698
computeBAUpdate 0.000858722 3.14326e-07 0.0113268 12262
computeCoarseUpdate 0.000299183 5.01192e-07 0.00798303 56340
computeFactorForCoarseGraphAndMarginalCovariances 0.00228637 5.17857e-07 0.0116729 2082
convertHAndBFromDSO 0.000104677 3.34438e-09 0.00260187 20671
debugPlot 1.05714e-07 4.70509e-15 9.32e-07 2113
debugPlotIDepthMap 3.99794e-07 2.89627e-14 2.495e-06 2113
debugPlotIDepthMapFloat 3.56962e-08 5.10843e-16 3.31e-07 2113
deliverTrackedFrame 0.0575258 0.00594137 0.282566 6477
flagFramesForMarginalization 1.88999e-06 6.18404e-13 1.7151e-05 2113
fullCoarseTracking 0.00750662 2.50103e-05 0.0736522 6476
initObjectsAndMakeImage 0.00107093 9.9621e-08 0.00347013 6589
makeKeyframe 0.167153 0.000339988 0.282505 2113
makeKeyframeChangeTrackingRef 0.00184245 7.28116e-08 0.00415661 2113
makeNewTraces 0.00342572 1.77145e-07 0.00661059 2113
makeNonKeyframe 0.00432972 1.72683e-06 0.00951098 4364
marginalizeAndRemovePoints 0.00349266 7.36473e-07 0.00726508 2113
marginalizeFrame 0.00361713 1.38869e-06 0.0146886 2107
marginalizeFrameOverhead 0.00175893 1.46452e-07 0.00427118 2107
marginalizeFrames 0.00362259 1.42689e-06 0.0147107 2113
newFrameAndNewResidualsForOldPoints 0.000974438 5.80614e-08 0.00293568 2113
printBiases 8.33566e-06 2.6617e-09 0.00225019 2113
printEigenValLine 1.36594e-07 1.42863e-15 1.102e-06 2113
printLogLine 0.000144073 7.07894e-08 0.00247389 2113
publishInMakeKeyframe 1.76673e-07 5.1453e-15 9.52e-07 2113
removeOutliers 0.000163716 2.78378e-09 0.000860006 2113
swapTrackingRef 0.000165948 8.47541e-08 0.0030781 2113
timeMeasurement 1.64124e-06 2.03688e-11 0.000238681 6589
traceNewCoarse 0.00387983 1.67614e-06 0.00949967 6477
updateBAValues 1.11423e-05 4.67885e-11 0.000502448 22614
zero 1.34201e-07 2.68426e-14 1.0701e-05 6589
