1614247813.313044 20.938972 0.324301
1614247813.478045 20.941880 0.289333
1614247813.610045 20.966206 0.260505
1614247813.742045 20.997096 0.231489
1614247813.874045 21.044647 0.205340
1614247814.039046 21.098320 0.180848
1614247814.204046 21.104135 0.162987
1614247814.369046 21.093553 0.145654
1614247814.501047 21.136884 0.131431
1614247814.666047 21.188518 0.117889
1614247814.831048 21.204526 0.106029
1614247815.029048 21.250962 0.094952
1614247815.194048 21.332114 0.086801
1614247815.392049 21.343771 0.078479
1614247815.590050 21.390855 0.072854
1614247815.788050 21.409858 0.066417
1614247815.986051 21.487592 0.064111
1614247816.151051 21.544752 0.062668
1614247816.316051 21.570182 0.061702
1614247816.481052 21.611668 0.061346
1614247816.646052 21.646175 0.061201
1614247816.811052 21.623220 0.061238
1614247816.976053 21.613611 0.061578
1614247817.174053 21.591203 0.061332
1614247817.339054 21.593087 0.060899
1614247817.570054 21.557532 0.060024
1614247817.768054 21.543962 0.058828
1614247817.966055 21.510128 0.057237
1614247818.131056 21.501355 0.055330
1614247818.296056 21.497237 0.053003
1614247818.428056 21.488432 0.050875
1614247818.560057 21.493892 0.048460
1614247818.692057 21.467172 0.045355
1614247818.824057 21.486145 0.041777
1614247818.956057 21.470571 0.037986
1614247819.088058 21.482936 0.034780
1614247819.220058 21.495046 0.032132
1614247819.352058 21.510012 0.029677
1614247819.484059 21.496594 0.027066
1614247819.616059 21.515214 0.024625
1614247819.781059 21.520262 0.022266
1614247819.946060 21.526173 0.020723
1614247820.111060 21.523482 0.019647
1614247820.276061 21.532228 0.018818
1614247820.441061 21.543919 0.018336
1614247820.606061 21.550384 0.018020
1614247820.771062 21.572577 0.017896
1614247820.903062 21.581848 0.017827
1614247821.068063 21.599659 0.017819
1614247821.266063 21.589586 0.017830
1614247821.464063 21.583481 0.017925
1614247821.629064 21.591380 0.017833
1614247821.794064 21.596882 0.017667
1614247821.959064 21.612198 0.017411
1614247822.091065 21.613980 0.017160
1614247822.223065 21.601364 0.016809
1614247822.355065 21.583424 0.016445
1614247822.487066 21.563362 0.016118
1614247822.619066 21.552189 0.015742
1614247822.751066 21.536762 0.015356
1614247822.883067 21.527573 0.014908
1614247823.015067 21.512550 0.014424
1614247823.147067 21.507322 0.014045
1614247823.279068 21.508902 0.013666
1614247823.411068 21.510706 0.013251
1614247823.543068 21.492901 0.012818
1614247823.675068 21.473867 0.012614
1614247823.807069 21.466578 0.012284
1614247823.972069 21.471530 0.011935
1614247824.137069 21.473067 0.011677
1614247824.302070 21.478838 0.011440
1614247824.434070 21.506953 0.011391
1614247824.566071 21.516993 0.011291
1614247824.731071 21.530459 0.011172
1614247824.863071 21.527248 0.011108
1614247824.995072 21.526476 0.011071
1614247825.127072 21.518781 0.011013
1614247825.259072 21.520440 0.010976
1614247825.358073 21.523970 0.010946
1614247825.490073 21.522522 0.010918
1614247825.589073 21.524586 0.010894
1614247825.688073 21.527837 0.010882
1614247825.787074 21.530405 0.010868
1614247825.886074 21.530359 0.010849
1614247826.018074 21.532644 0.010834
1614247826.150074 21.529019 0.010823
1614247826.249075 21.526625 0.010807
1614247826.348075 21.524185 0.010800
1614247826.480075 21.522619 0.010793
1614247826.579075 21.526693 0.010782
1614247826.678076 21.525117 0.010777
1614247826.777076 21.523377 0.010770
1614247826.876076 21.521764 0.010762
1614247826.975076 21.523852 0.010759
1614247827.074077 21.526821 0.010755
1614247827.173077 21.524355 0.010753
1614247827.272077 21.521235 0.010750
1614247827.338077 21.524172 0.010748
1614247827.437077 21.529968 0.010753
1614247827.536077 21.531576 0.010749
1614247827.635078 21.532443 0.010745
1614247827.734078 21.532713 0.010738
1614247827.833078 21.532039 0.010735
1614247827.932079 21.533839 0.010732
1614247828.031079 21.532032 0.010730
1614247828.130079 21.532039 0.010728
1614247828.229079 21.529421 0.010724
1614247828.328080 21.532643 0.010725
1614247828.427080 21.531300 0.010722
1614247828.526080 21.535519 0.010721
1614247828.625080 21.533464 0.010718
1614247828.724080 21.531433 0.010719
1614247828.823081 21.531683 0.010716
1614247828.922081 21.534497 0.010714
1614247828.988081 21.528800 0.010707
1614247829.087081 21.528075 0.010708
1614247829.186082 21.538546 0.010725
1614247829.285082 21.539230 0.010725
1614247829.384082 21.538215 0.010725
1614247829.483082 21.543243 0.010724
1614247829.582082 21.545803 0.010724
1614247829.681083 21.545743 0.010722
1614247829.780083 21.545711 0.010720
1614247829.879083 21.547487 0.010719
1614247829.978083 21.545674 0.010715
1614247830.077084 21.543892 0.010717
1614247830.143084 21.543916 0.010714
1614247830.209084 21.544030 0.010715
1614247830.308084 21.545074 0.010713
1614247830.407084 21.546214 0.010713
1614247830.506085 21.547827 0.010712
1614247830.572085 21.548126 0.010711
1614247830.638085 21.547929 0.010711
1614247830.704085 21.548026 0.010710
1614247830.770085 21.548155 0.010709
1614247830.836086 21.548666 0.010707
1614247830.902086 21.548226 0.010706
1614247830.968086 21.547855 0.010704
1614247831.034086 21.547898 0.010701
1614247831.100086 21.547859 0.010701
1614247831.166086 21.548196 0.010701
1614247831.265086 21.547341 0.010701
1614247831.364087 21.547562 0.010699
1614247831.463087 21.546847 0.010697
1614247831.562087 21.546978 0.010696
1614247831.661088 21.547046 0.010696
1614247831.760087 21.546355 0.010693
1614247831.859088 21.545717 0.010689
1614247831.925088 21.545693 0.010689
1614247831.991088 21.546937 0.010690
1614247832.057088 21.547945 0.010688
1614247832.123088 21.548868 0.010685
1614247832.189089 21.547791 0.010686
1614247832.255089 21.546919 0.010680
1614247832.321089 21.547354 0.010682
1614247832.420089 21.545696 0.010679
1614247832.486089 21.544882 0.010674
1614247832.585089 21.547455 0.010672
1614247832.651090 21.546328 0.010672
1614247832.717090 21.546295 0.010668
1614247832.816090 21.546088 0.010665
1614247832.915090 21.545670 0.010662
1614247833.014091 21.544500 0.010656
1614247833.113091 21.542267 0.010650
1614247833.212091 21.538854 0.010645
1614247833.311091 21.537684 0.010640
1614247833.377091 21.534828 0.010637
1614247833.443091 21.536653 0.010634
1614247833.509092 21.537080 0.010629
1614247833.575092 21.536422 0.010629
1614247833.641092 21.537947 0.010629
1614247833.740092 21.537938 0.010625
1614247833.839092 21.535283 0.010619
1614247833.905093 21.537183 0.010617
1614247834.004093 21.537539 0.010613
1614247834.103093 21.535452 0.010607
1614247834.169093 21.536023 0.010604
1614247834.268093 21.536413 0.010602
1614247834.367094 21.539009 0.010599
1614247834.466094 21.533497 0.010591
1614247834.565094 21.533298 0.010586
1614247834.664094 21.532264 0.010580
1614247834.763095 21.537731 0.010576
1614247834.829095 21.534345 0.010573
1614247834.928095 21.534074 0.010576
1614247834.994095 21.532358 0.010571
1614247835.093096 21.530141 0.010566
1614247835.192096 21.524540 0.010556
1614247835.291096 21.521166 0.010553
1614247835.390096 21.522632 0.010545
1614247835.489096 21.521139 0.010546
1614247835.588097 21.524529 0.010541
1614247835.687097 21.528386 0.010540
1614247835.786097 21.526437 0.010541
1614247835.885097 21.528714 0.010538
1614247835.984097 21.529848 0.010534
1614247836.050098 21.530983 0.010533
1614247836.149098 21.529390 0.010528
1614247836.248098 21.529432 0.010522
1614247836.347098 21.524154 0.010516
1614247836.446099 21.526719 0.010515
1614247836.545099 21.526410 0.010513
1614247836.644099 21.525534 0.010509
1614247836.743099 21.524330 0.010506
1614247836.842099 21.520866 0.010501
1614247836.941100 21.524333 0.010506
1614247837.040100 21.524759 0.010503
1614247837.139100 21.524716 0.010500
1614247837.238101 21.526087 0.010495
1614247837.337101 21.526820 0.010493
1614247837.436101 21.527987 0.010489
1614247837.535101 21.529338 0.010482
1614247837.634101 21.533307 0.010481
1614247837.733102 21.537831 0.010479
1614247837.832102 21.536382 0.010472
1614247837.931102 21.534009 0.010473
1614247838.030102 21.529084 0.010468
1614247838.129103 21.530890 0.010465
1614247838.195103 21.530244 0.010462
1614247838.294103 21.534024 0.010459
1614247838.393103 21.533384 0.010444
1614247838.492103 21.536158 0.010449
1614247838.591104 21.538791 0.010448
1614247838.690104 21.538629 0.010447
1614247838.789104 21.540166 0.010447
1614247838.888104 21.544788 0.010437
1614247838.987104 21.550172 0.010439
1614247839.086105 21.556680 0.010433
1614247839.185105 21.555181 0.010430
1614247839.284105 21.550770 0.010432
1614247839.350106 21.548691 0.010428
1614247839.416106 21.549017 0.010429
1614247839.515106 21.554385 0.010426
1614247839.614106 21.556773 0.010425
1614247839.713106 21.561996 0.010414
1614247839.812107 21.563981 0.010418
1614247839.911107 21.566777 0.010416
1614247839.977107 21.565989 0.010410
1614247840.043107 21.562407 0.010415
1614247840.109107 21.564343 0.010414
1614247840.175107 21.563657 0.010414
1614247840.274108 21.564416 0.010415
1614247840.373108 21.564737 0.010413
1614247840.472108 21.565929 0.010405
1614247840.571108 21.566744 0.010402
1614247840.670109 21.565677 0.010402
1614247840.769109 21.565859 0.010391
1614247840.868109 21.562640 0.010389
1614247840.967109 21.564472 0.010394
1614247841.066109 21.566614 0.010392
1614247841.165110 21.567838 0.010386
1614247841.264110 21.567924 0.010379
1614247841.363110 21.569984 0.010378
1614247841.462111 21.574515 0.010374
1614247841.561111 21.578229 0.010372
1614247841.627111 21.580919 0.010371
1614247841.693111 21.580835 0.010367
1614247841.792111 21.581807 0.010364
1614247841.858111 21.584601 0.010360
1614247841.924112 21.586242 0.010360
1614247841.990112 21.588077 0.010357
1614247842.056112 21.590331 0.010351
1614247842.122112 21.586298 0.010344
1614247842.188112 21.585812 0.010345
1614247842.287112 21.588084 0.010339
1614247842.386113 21.586230 0.010341
1614247842.452113 21.589459 0.010337
1614247842.551113 21.589173 0.010332
1614247842.617113 21.594452 0.010332
1614247842.716113 21.593713 0.010322
1614247842.782114 21.595005 0.010331
1614247842.848114 21.595294 0.010324
1614247842.914114 21.597268 0.010314
1614247843.013114 21.600056 0.010324
1614247843.112114 21.593865 0.010307
1614247843.211114 21.593105 0.010322
1614247843.310115 21.588011 0.010323
1614247843.409115 21.586912 0.010317
1614247843.508115 21.588204 0.010317
1614247843.607116 21.590730 0.010311
1614247843.673116 21.593038 0.010307
1614247843.772116 21.589920 0.010304
1614247843.838116 21.586408 0.010306
1614247843.904116 21.582914 0.010312
1614247843.970116 21.581392 0.010307
1614247844.036116 21.580859 0.010309
1614247844.135117 21.576646 0.010303
1614247844.234117 21.573651 0.010306
1614247844.333117 21.570613 0.010306
1614247844.432117 21.570894 0.010309
1614247844.498118 21.570153 0.010307
1614247844.564118 21.567954 0.010303
1614247844.630118 21.566847 0.010302
1614247844.729118 21.569497 0.010305
1614247844.795119 21.568580 0.010305
1614247844.861119 21.569330 0.010294
1614247844.960119 21.570350 0.010300
1614247845.026119 21.570266 0.010304
1614247845.125119 21.568557 0.010300
1614247845.191119 21.566495 0.010296
1614247845.257120 21.566381 0.010297
1614247845.323120 21.565407 0.010302
1614247845.389120 21.560758 0.010302
1614247845.455120 21.564458 0.010288
1614247845.521120 21.565632 0.010298
1614247845.587120 21.565875 0.010296
1614247845.653121 21.566772 0.010301
1614247845.719121 21.565245 0.010297
1614247845.785121 21.563954 0.010299
1614247845.851121 21.564982 0.010299
1614247845.917121 21.566624 0.010299
1614247846.016121 21.564532 0.010297
1614247846.115122 21.561670 0.010298
1614247846.181122 21.564153 0.010295
1614247846.247122 21.564047 0.010298
1614247846.346122 21.564850 0.010300
1614247846.445122 21.562195 0.010294
1614247846.511123 21.562036 0.010298
1614247846.610123 21.560681 0.010299
1614247846.676123 21.560138 0.010290
1614247846.742123 21.562060 0.010297
1614247846.808123 21.561676 0.010297
1614247846.874124 21.562750 0.010297
1614247847.039124 21.562816 0.010293
1614247847.138124 21.563759 0.010288
1614247847.237124 21.564503 0.010295
1614247847.336124 21.564190 0.010297
1614247847.402125 21.567567 0.010296
1614247847.468125 21.559951 0.010296
1614247847.567125 21.556834 0.010297
1614247847.666125 21.557221 0.010295
1614247847.765126 21.557069 0.010297
1614247847.864126 21.551449 0.010297
1614247847.963126 21.551732 0.010297
1614247848.062126 21.552789 0.010288
1614247848.128126 21.548909 0.010276
1614247848.194127 21.550126 0.010293
1614247848.260127 21.551642 0.010296
1614247848.326127 21.550197 0.010295
1614247848.392127 21.548345 0.010292
1614247848.491127 21.547510 0.010294
1614247848.557127 21.547475 0.010286
1614247848.623127 21.549078 0.010294
1614247848.689128 21.548265 0.010292
1614247848.755128 21.546547 0.010296
1614247848.821128 21.546590 0.010294
1614247848.887128 21.543998 0.010294
1614247848.953128 21.543680 0.010295
1614247849.019129 21.542595 0.010275
1614247849.085129 21.543535 0.010278
1614247849.184129 21.546227 0.010294
1614247849.250129 21.546710 0.010290
1614247849.316129 21.548220 0.010291
1614247849.382129 21.549260 0.010292
1614247849.448130 21.550752 0.010294
1614247849.547130 21.550377 0.010290
1614247849.646130 21.551535 0.010289
1614247849.745130 21.552900 0.010275
1614247849.844131 21.552936 0.010291
1614247849.910131 21.553777 0.010290
1614247849.976131 21.554085 0.010283
1614247850.042131 21.554595 0.010289
1614247850.141131 21.556781 0.010294
1614247850.240131 21.557916 0.010279
1614247850.339132 21.558578 0.010292
1614247850.438132 21.557062 0.010294
1614247850.537132 21.558234 0.010293
1614247850.636132 21.562024 0.010293
1614247850.735133 21.562020 0.010293
1614247850.834133 21.561834 0.010291
1614247850.933133 21.560312 0.010290
1614247851.032133 21.562266 0.010284
1614247851.098134 21.564373 0.010291
1614247851.164134 21.563934 0.010289
1614247851.230134 21.563247 0.010290
1614247851.329134 21.563380 0.010285
1614247851.428134 21.563805 0.010292
1614247851.527134 21.564503 0.010291
1614247851.593135 21.564020 0.010290
1614247851.659135 21.563751 0.010292
1614247851.725135 21.565624 0.010290
1614247851.824135 21.569058 0.010289
1614247851.923135 21.569477 0.010289
1614247852.022135 21.567857 0.010289
1614247852.088136 21.567501 0.010289
1614247852.154136 21.568581 0.010282
1614247852.220136 21.567507 0.010292
1614247852.319136 21.565044 0.010277
1614247852.451137 21.566628 0.010289
1614247852.583137 21.568320 0.010282
1614247852.715137 21.571343 0.010279
1614247852.847137 21.566833 0.010287
1614247852.979138 21.563349 0.010288
1614247853.078138 21.563584 0.010290
1614247853.210138 21.567390 0.010287
1614247853.342139 21.567806 0.010279
1614247853.441139 21.568668 0.010287
1614247853.573139 21.571265 0.010287
1614247853.705139 21.568003 0.010288
1614247853.837140 21.573796 0.010284
1614247853.936140 21.572091 0.010284
1614247854.035140 21.568497 0.010286
1614247854.134141 21.570436 0.010285
1614247854.233141 21.575425 0.010261
1614247854.332141 21.574449 0.010283
1614247854.431141 21.573648 0.010284
1614247854.530141 21.573790 0.010283
1614247854.629142 21.569686 0.010283
1614247854.728142 21.570633 0.010284
1614247854.794142 21.572438 0.010234
1614247854.860142 21.571096 0.010266
1614247854.926142 21.570798 0.010270
1614247855.025143 21.568425 0.010283
1614247855.124143 21.570439 0.010276
1614247855.223143 21.567926 0.010274
1614247855.322144 21.567553 0.010277
1614247855.421144 21.565059 0.010285
1614247855.520144 21.561780 0.010280
1614247855.619144 21.559055 0.010271
1614247855.718144 21.558344 0.010278
1614247855.817145 21.553815 0.010273
1614247855.916145 21.553079 0.010277
1614247856.015145 21.551439 0.010281
1614247856.114145 21.548244 0.010280
1614247856.213145 21.548120 0.010278
1614247856.312146 21.544513 0.010276
1614247856.411146 21.541935 0.010269
1614247856.510146 21.545526 0.010278
1614247856.609146 21.551835 0.010278
1614247856.708147 21.554832 0.010277
1614247856.807147 21.555865 0.010267
1614247856.906147 21.557092 0.010277
1614247857.005147 21.560785 0.010254
1614247857.104148 21.563610 0.010266
1614247857.203148 21.564789 0.010269
1614247857.302148 21.563717 0.010274
1614247857.401148 21.564350 0.010268
1614247857.500149 21.561150 0.010273
1614247857.599149 21.558628 0.010259
1614247857.698149 21.551740 0.010263
1614247857.797149 21.549427 0.010262
1614247857.896149 21.556084 0.010270
1614247857.995150 21.559527 0.010247
1614247858.094150 21.555663 0.010254
1614247858.193150 21.556175 0.010262
1614247858.292150 21.558600 0.010259
1614247858.391150 21.553521 0.010258
1614247858.490151 21.546450 0.010251
1614247858.589151 21.557677 0.010252
1614247858.688151 21.557451 0.010255
1614247858.787152 21.560747 0.010253
1614247858.886152 21.557116 0.010252
1614247858.985152 21.562008 0.010254
1614247859.084152 21.571217 0.010236
1614247859.183152 21.568875 0.010244
1614247859.282153 21.567736 0.010234
1614247859.381153 21.568317 0.010244
1614247859.480153 21.571693 0.010242
1614247859.579153 21.572754 0.010203
1614247859.678154 21.572357 0.010240
1614247859.777154 21.569855 0.010243
1614247859.909154 21.571584 0.010233
1614247860.008154 21.566932 0.010237
1614247860.107155 21.574490 0.010233
1614247860.206155 21.575725 0.010217
1614247860.338155 21.588237 0.010217
1614247860.437155 21.584532 0.010223
1614247860.569156 21.587676 0.010221
1614247860.701156 21.593299 0.010220
1614247860.833156 21.603010 0.010194
1614247860.965157 21.607183 0.010213
1614247861.097157 21.617682 0.010201
1614247861.196157 21.622829 0.010210
1614247861.295157 21.622108 0.010197
1614247861.427158 21.620489 0.010205
1614247861.559158 21.629659 0.010175
1614247861.691159 21.634995 0.010200
1614247861.856159 21.648906 0.010196
1614247861.988159 21.657435 0.010195
1614247862.120159 21.657561 0.010185
1614247862.252160 21.657368 0.010190
1614247862.384160 21.666622 0.010188
1614247862.483160 21.679328 0.010164
1614247862.615160 21.694395 0.010159
1614247862.747161 21.702304 0.010178
1614247862.912161 21.717840 0.010176
1614247863.077162 21.730612 0.010158
1614247863.242162 21.739802 0.010144
1614247863.440163 21.753180 0.010153
1614247863.638163 21.769419 0.010133
1614247863.836163 21.778193 0.010152
1614247864.001164 21.797113 0.010147
1614247864.199164 21.806774 0.010146
1614247864.364165 21.826066 0.010141
1614247864.529165 21.840276 0.010132
1614247864.727165 21.854197 0.010124
1614247864.925166 21.871174 0.010108
1614247865.123167 21.877759 0.010109
1614247865.387167 21.895500 0.010120
1614247865.618168 21.908277 0.010110
1614247865.882168 21.922298 0.010108
1614247866.179169 21.942281 0.010103
1614247866.476170 21.956486 0.010094
1614247866.839170 21.976861 0.010097
1614247867.169171 21.991955 0.010087
1614247867.499172 22.005790 0.010084
1614247867.829173 22.011962 0.010062
1614247868.258174 22.024263 0.010078
1614247868.753175 22.035879 0.010076
1614247869.413177 22.045560 0.010074
1614247869.611177 22.047513 0.010066
1614247869.809178 22.048703 0.010062
1614247870.007178 22.050353 0.010063
1614247870.238178 22.051537 0.010064
1614247889.444224 22.051026 0.010068
1614247889.708224 22.049661 0.010067
1614247890.203226 22.046975 0.010059
1614247890.665227 22.041211 0.010036
1614247891.127228 22.038242 0.010021
1614247891.457229 22.037447 0.010029
1614247891.721229 22.036764 0.010033
1614247891.952230 22.035736 0.010032
1614247892.216230 22.036387 0.010012
1614247892.447231 22.033150 0.009991
1614247892.777232 22.033682 0.009967
1614247893.041232 22.032809 0.010014
1614247893.272233 22.030743 0.010001
1614247893.470233 22.028858 0.009972
1614247893.635234 22.028232 0.009928
1614247893.833234 22.023770 0.009940
1614247894.031235 22.021651 0.009960
1614247894.196235 22.020466 0.009988
1614247894.361235 22.021136 0.009994
1614247894.493236 22.022775 0.009992
1614247894.625236 22.016485 0.010000
1614247894.757236 22.013701 0.009999
1614247894.889236 22.010516 0.009962
1614247894.988237 22.004618 0.009997
1614247895.087237 22.007378 0.009988
1614247895.186237 22.005469 0.009975
1614247895.285238 21.999605 0.009951
1614247895.384238 22.005574 0.009931
1614247895.483238 22.001937 0.010000
1614247895.582238 22.000131 0.009982
1614247895.681238 21.999264 0.009974
1614247895.780239 21.996111 0.009986
1614247895.879239 21.996390 0.009959
1614247895.978239 21.996143 0.009962
1614247896.077239 22.000802 0.010004
1614247896.176240 22.000804 0.009966
1614247896.275240 21.999943 0.010001
1614247896.374240 21.998514 0.010001
1614247896.473240 21.998926 0.009949
1614247896.605241 21.997016 0.010001
1614247896.704241 21.995369 0.009990
1614247896.836241 21.991822 0.009981
1614247896.968241 21.993355 0.009986
1614247897.067242 21.990677 0.009957
1614247897.166242 21.988706 0.009941
1614247897.265242 21.989125 0.009944
1614247897.364242 21.988718 0.009855
1614247897.463243 21.987111 0.009972
1614247897.562243 21.985677 0.009931
1614247897.661243 21.984425 0.009964
1614247897.760243 21.981005 0.009950
1614247897.859244 21.979145 0.009975
1614247897.958244 21.977529 0.009966
1614247898.057244 21.978928 0.009922
1614247898.156244 21.976572 0.009970
1614247898.255244 21.976877 0.009929
1614247898.354245 21.975952 0.010007
1614247898.453245 21.974584 0.009966
1614247898.552245 21.974427 0.009962
1614247898.651245 21.971787 0.009957
1614247898.750246 21.971369 0.009872
1614247898.849246 21.969268 0.009937
1614247898.948246 21.968484 0.009965
1614247899.047246 21.966849 0.009901
1614247899.146247 21.966283 0.009906
1614247899.278247 21.963420 0.009941
1614247899.410247 21.961009 0.009963
1614247899.509248 21.959778 0.009963
1614247899.608248 21.961368 0.010000
1614247899.707248 21.961470 0.009970
1614247899.806248 21.960614 0.009977
1614247899.872248 21.960229 0.009992
1614247899.938248 21.959737 0.009993
1614247900.037249 21.958966 0.009977
1614247900.136249 21.958297 0.009974
1614247900.235249 21.957272 0.009999
1614247900.301249 21.956919 0.009974
1614247900.433249 21.956245 0.009998
1614247900.532250 21.954906 0.009974
1614247900.631250 21.952483 0.009970
1614247900.730250 21.951930 0.009948
1614247900.829251 21.950365 0.009951
1614247900.928251 21.948914 0.009989
1614247901.027251 21.947917 0.009992
1614247901.126251 21.947071 0.009942
1614247901.225252 21.946437 0.009978
1614247901.324252 21.945664 0.009993
1614247901.423252 21.944272 0.009974
1614247901.522252 21.943204 0.009950
1614247901.621252 21.941061 0.009880
1614247901.720253 21.941855 0.010002
1614247901.786253 21.941992 0.009986
1614247901.885253 21.941468 0.010000
1614247901.984253 21.940792 0.009980
1614247902.050253 21.940393 0.009945
1614247902.116254 21.940370 0.009994
1614247902.182254 21.940241 0.009998
1614247902.248254 21.939844 0.009997
1614247902.314254 21.939050 0.009962
1614247902.380254 21.939125 0.010004
1614247902.446254 21.938921 0.009996
1614247902.512254 21.938625 0.009998
1614247902.611255 21.937240 0.009994
1614247902.710255 21.935812 0.009977
1614247902.809255 21.934442 0.009947
1614247902.908256 21.934973 0.009940
1614247903.007256 21.932974 0.009975
1614247903.106256 21.931083 0.009977
1614247903.205256 21.930687 0.009971
1614247903.304256 21.929234 0.009949
1614247903.403257 21.927804 0.009974
1614247903.502257 21.926804 0.009984
1614247903.601257 21.926375 0.009941
1614247903.700257 21.925071 0.009954
1614247903.799258 21.923394 0.009983
1614247903.898258 21.922308 0.009991
1614247903.997258 21.921862 0.009974
1614247904.096258 21.920349 0.009949
1614247904.195258 21.919580 0.009962
1614247904.294259 21.918405 0.009983
1614247904.393259 21.917290 0.009991
1614247904.492259 21.915861 0.009991
1614247904.591259 21.914733 0.009904
1614247904.690260 21.913690 0.009961
1614247904.789260 21.911782 0.009980
1614247904.888260 21.910579 0.009966
1614247904.987260 21.909857 0.009977
1614247905.086261 21.908959 0.009988
1614247905.152261 21.908537 0.009991
1614247905.251261 21.907406 0.009956
1614247905.350261 21.906721 0.009965
1614247905.416261 21.906407 0.009983
1614247905.482261 21.906316 0.009980
1614247905.548262 21.905673 0.009992
1614247905.614262 21.905412 0.009991
1614247905.680262 21.904820 0.009991
1614247905.746262 21.904392 0.009997
1614247905.812262 21.903961 0.009992
1614247905.878263 21.903631 0.009993
1614247905.944263 21.903279 0.010000
1614247906.010263 21.903045 0.009934
1614247906.076263 21.902172 0.009996
1614247906.175263 21.901594 0.009963
1614247906.241263 21.900908 0.009988
1614247906.307263 21.900747 0.009950
1614247906.373264 21.900484 0.009990
1614247906.439264 21.900307 0.010000
1614247906.505264 21.899777 0.009991
1614247906.571264 21.899681 0.009994
1614247906.670264 21.899365 0.009999
1614247906.736264 21.899066 0.009994
1614247906.802265 21.898895 0.009998
1614247906.901265 21.898767 0.009969
1614247907.000265 21.898821 0.009990
1614247907.099265 21.898799 0.009970
1614247907.165265 21.898208 0.009963
1614247907.264266 21.897619 0.009988
1614247907.363266 21.896820 0.009994
1614247907.462266 21.896561 0.009983
1614247907.528266 21.895890 0.009942
1614247907.627267 21.895453 0.009998
1614247907.726267 21.895379 0.009999
1614247907.792267 21.894708 0.009968
1614247907.891267 21.894245 0.009990
1614247907.990267 21.893716 0.009919
1614247908.056267 21.893809 0.009968
1614247908.122268 21.893835 0.009995
1614247908.188268 21.893639 0.009987
1614247908.254268 21.893331 0.009962
1614247908.320268 21.893227 0.009990
1614247908.386268 21.893145 0.009980
1614247908.452269 21.893131 0.009949
1614247908.551269 21.892929 0.009976
1614247908.617269 21.892666 0.009984
1614247908.683269 21.892234 0.009977
1614247908.749269 21.891690 0.009997
1614247908.848269 21.890977 0.009988
1614247908.947270 21.890164 0.009994
1614247909.046270 21.889764 0.009965
1614247909.145270 21.889881 0.009990
1614247909.244270 21.889659 0.009962
1614247909.343271 21.889052 0.009957
1614247909.442271 21.888596 0.009989
1614247909.541271 21.888394 0.009998
1614247909.640271 21.887939 0.009988
1614247909.706271 21.887401 0.009993
1614247909.805272 21.886622 0.009953
1614247909.904272 21.886342 0.009978
1614247910.003272 21.885949 0.009887
1614247910.102273 21.885770 0.009969
1614247910.168273 21.885342 0.009973
1614247910.234273 21.884684 0.009998
1614247910.300273 21.884569 0.009928
1614247910.399273 21.884380 0.009995
1614247910.498273 21.883990 0.009973
1614247910.564273 21.883676 0.009901
1614247910.663274 21.883610 0.009976
1614247910.729274 21.883037 0.009995
1614247910.795274 21.882799 0.009969
1614247910.894274 21.882633 0.009970
1614247910.993275 21.882060 0.009996
1614247911.092275 21.881448 0.009996
1614247911.191275 21.881196 0.009994
1614247911.290275 21.881134 0.009968
1614247911.389275 21.880803 0.009997
1614247911.488276 21.880417 0.009906
1614247911.587276 21.879501 0.009976
1614247911.653276 21.879470 0.009977
1614247911.719276 21.879160 0.009987
1614247911.785276 21.878765 0.009972
1614247911.884277 21.878247 0.009989
1614247911.950277 21.878182 0.009971
1614247912.049277 21.877833 0.009985
1614247912.115277 21.877728 0.009956
1614247912.214277 21.877127 0.009917
1614247912.313278 21.876409 0.009955
1614247912.412278 21.875956 0.009921
1614247912.511278 21.875399 0.009969
1614247912.610278 21.874912 0.009897
1614247912.709278 21.874311 0.009982
1614247912.808279 21.873975 0.009958
1614247912.907279 21.873779 0.009845
1614247913.006279 21.873345 0.009989
1614247913.105279 21.872863 0.009992
1614247913.204280 21.872821 0.009973
1614247913.303280 21.872518 0.009987
1614247913.402280 21.871981 0.009997
1614247913.501281 21.871997 0.009984
1614247913.567281 21.872030 0.009977
1614247913.633281 21.871629 0.009984
1614247913.732281 21.871359 0.009992
1614247913.831281 21.870930 0.009992
1614247913.963281 21.870296 0.009971
1614247914.062282 21.870006 0.009965
1614247914.161282 21.869753 0.009971
1614247914.260282 21.869540 0.009954
1614247914.326282 21.869470 0.009932
1614247914.425282 21.869773 0.009981
1614247914.524283 21.869572 0.009982
1614247914.623283 21.869383 0.009994
1614247914.722283 21.869276 0.009967
1614247914.821284 21.868911 0.009981
1614247914.920284 21.868533 0.009996
1614247915.019284 21.868233 0.009995
1614247915.085284 21.868035 0.009935
1614247915.151284 21.867839 0.009781
1614247915.250284 21.867743 0.009961
1614247915.349285 21.867340 0.009985
1614247915.448285 21.867098 0.009966
1614247915.547285 21.866457 0.009975
1614247915.646286 21.865768 0.009995
1614247915.745286 21.865504 0.009994
1614247915.844286 21.864849 0.009972
1614247915.943286 21.864354 0.009981
1614247916.042286 21.863711 0.009990
1614247916.141287 21.863358 0.009975
1614247916.240287 21.863120 0.009996
1614247916.339287 21.862677 0.009972
1614247916.405287 21.862532 0.009980
1614247916.471287 21.862532 0.009976
1614247916.570288 21.862288 0.009986
1614247916.636288 21.862404 0.009984
1614247916.702288 21.862037 0.009996
1614247916.801288 21.861730 0.009990
1614247916.900289 21.861585 0.009982
1614247916.966289 21.861382 0.009977
1614247917.032289 21.861282 0.009975
1614247917.098289 21.861139 0.009998
1614247917.164289 21.860827 0.009948
1614247917.263289 21.860700 0.009995
1614247917.362289 21.860344 0.009984
1614247917.494290 21.860101 0.009984
1614247917.593290 21.859809 0.009993
1614247917.692290 21.859672 0.009879
1614247917.791291 21.859355 0.009979
1614247917.890291 21.858848 0.009988
1614247917.989291 21.858216 0.009913
1614247918.121291 21.857895 0.009932
1614247918.253292 21.857461 0.009816
1614247918.418292 21.857652 0.009974
1614247918.550292 21.857196 0.009942
1614247918.682293 21.856949 0.009972
1614247918.814293 21.856556 0.009914
1614247918.913293 21.856459 0.009866
1614247919.012293 21.856288 0.009980
1614247919.111294 21.856080 0.009980
1614247919.210294 21.856008 0.009987
1614247919.309294 21.856040 0.009991
1614247919.408294 21.855607 0.009974
1614247919.507294 21.856011 0.009882
1614247919.606295 21.856093 0.009991
1614247919.672295 21.856131 0.009926
1614247919.738295 21.855953 0.009998
1614247919.804295 21.855468 0.009965
1614247919.870296 21.856119 0.009972
1614247919.936296 21.855568 0.009985
1614247920.002296 21.855301 0.009974
1614247920.068296 21.855079 0.009965
1614247920.167296 21.855137 0.009995
1614247920.266296 21.855360 0.009973
1614247920.332296 21.854957 0.009993
1614247920.431297 21.854593 0.009942
1614247920.530297 21.854145 0.009982
1614247920.629297 21.853922 0.009951
1614247920.728297 21.853523 0.009967
1614247920.827298 21.853338 0.009972
1614247920.926298 21.853094 0.009992
1614247921.025298 21.853247 0.009954
1614247921.124299 21.853293 0.009991
1614247921.190299 21.853121 0.009990
1614247921.256299 21.853003 0.009949
1614247921.322299 21.852806 0.009902
1614247921.388299 21.852386 0.009986
1614247921.454299 21.852426 0.009996
1614247921.520299 21.852338 0.009975
1614247921.586299 21.852598 0.009996
1614247921.652299 21.852645 0.009987
1614247921.718300 21.852828 0.009992
1614247921.817300 21.852400 0.009982
1614247921.916300 21.852029 0.009991
1614247921.982301 21.851364 0.009987
1614247922.081301 21.851057 0.009987
1614247922.180301 21.850540 0.009990
1614247922.246301 21.850741 0.009936
1614247922.312301 21.851482 0.009990
1614247922.378301 21.851637 0.009979
1614247922.444302 21.851074 0.009978
1614247922.510302 21.850337 0.009933
1614247922.576302 21.850230 0.009962
1614247922.642302 21.850321 0.009915
1614247922.741302 21.850177 0.009991
1614247922.807302 21.849805 0.009982
1614247922.873302 21.849382 0.009946
1614247922.939303 21.849303 0.009963
1614247923.005303 21.849252 0.009986
1614247923.071303 21.849670 0.009894
1614247923.137303 21.849996 0.009922
1614247923.203303 21.849811 0.009982
1614247923.269304 21.849680 0.009988
1614247923.335304 21.849350 0.009994
1614247923.401304 21.849151 0.009989
1614247923.467304 21.849170 0.009977
1614247923.533304 21.848607 0.009953
1614247923.599304 21.848424 0.009913
1614247923.665304 21.848530 0.009945
1614247923.731304 21.848601 0.009933
1614247923.797305 21.848329 0.009936
1614247923.896305 21.847779 0.009958
1614247923.995305 21.847000 0.009943
1614247924.061305 21.847145 0.009979
1614247924.160306 21.847748 0.009990
1614247924.226306 21.847515 0.009982
1614247924.292306 21.846993 0.009945
1614247924.358306 21.846483 0.009992
1614247924.424306 21.846135 0.009969
1614247924.490306 21.845904 0.009974
1614247924.556306 21.845596 0.009971
1614247924.622307 21.845491 0.009668
1614247924.688307 21.845794 0.009996
1614247924.754307 21.845802 0.009961
1614247924.820307 21.845191 0.009991
1614247924.886307 21.844487 0.009992
1614247924.952307 21.844127 0.009981
1614247925.018308 21.844059 0.009953
1614247925.084308 21.843776 0.009916
1614247925.150308 21.843588 0.009993
1614247925.216308 21.842809 0.009987
1614247925.282308 21.842515 0.009943
1614247925.348308 21.843349 0.009984
1614247925.414308 21.842981 0.009994
1614247925.480309 21.842809 0.009992
1614247925.546309 21.842797 0.009977
1614247925.612309 21.842884 0.009847
1614247925.711309 21.842394 0.009994
1614247925.810309 21.841949 0.009996
1614247925.876309 21.841372 0.009954
1614247925.942310 21.841130 0.009971
1614247926.008310 21.840172 0.009932
1614247926.074310 21.840112 0.009967
1614247926.140310 21.840164 0.009978
1614247926.206311 21.839577 0.009973
1614247926.272310 21.839815 0.009980
1614247926.338311 21.839722 0.009987
1614247926.404311 21.839292 0.009966
1614247926.470311 21.838827 0.009983
1614247926.536311 21.838589 0.009985
1614247926.602311 21.838327 0.009928
1614247926.668312 21.838526 0.009985
1614247926.734312 21.837929 0.009981
1614247926.800312 21.838045 0.009983
1614247926.866312 21.837500 0.009984
1614247926.932312 21.837211 0.009941
1614247926.998312 21.837386 0.009977
1614247927.097312 21.837181 0.009989
1614247927.163313 21.837551 0.009910
1614247927.262313 21.837361 0.009978
1614247927.328313 21.837154 0.009983
1614247927.427313 21.836305 0.009989
1614247927.526314 21.835501 0.009928
1614247927.625314 21.835315 0.009975
1614247927.724314 21.835136 0.009982
1614247927.823314 21.834642 0.009993
1614247927.922314 21.834281 0.009987
1614247927.988315 21.833617 0.009991
1614247928.054315 21.833189 0.009913
1614247928.153315 21.832537 0.009978
1614247928.219315 21.832621 0.009935
1614247928.285316 21.832524 0.009983
1614247928.351316 21.832713 0.009942
1614247928.417316 21.832687 0.009996
1614247928.483316 21.832747 0.009901
1614247928.549316 21.832848 0.009973
1614247928.615316 21.833189 0.009944
1614247928.681316 21.832511 0.009978
1614247928.747317 21.832210 0.009971
1614247928.813317 21.831804 0.009961
1614247928.879317 21.831678 0.009985
1614247928.945317 21.831271 0.009955
1614247929.044317 21.831621 0.009994
1614247929.143317 21.831422 0.009961
1614247929.242318 21.830846 0.009953
1614247929.341318 21.830748 0.009959
1614247929.440318 21.830563 0.009989
1614247929.539319 21.830532 0.009952
1614247929.638319 21.830284 0.009947
1614247929.737319 21.829568 0.009981
1614247929.836319 21.830557 0.009986
1614247929.935319 21.830288 0.009968
1614247930.034320 21.830263 0.009979
1614247930.100320 21.830229 0.009989
1614247930.199320 21.829836 0.009982
1614247930.265320 21.829857 0.009975
1614247930.331320 21.829860 0.009981
1614247930.430321 21.829380 0.009946
1614247930.496321 21.829008 0.009992
1614247930.562321 21.828478 0.009936
1614247930.628321 21.828347 0.009968
1614247930.694321 21.829423 0.009995
1614247930.760321 21.829726 0.009978
1614247930.826321 21.829788 0.009932
1614247930.892322 21.829558 0.009975
1614247930.991322 21.829740 0.009991
1614247931.057322 21.830076 0.009983
1614247931.123322 21.830208 0.009972
1614247931.189322 21.830277 0.009952
1614247931.255322 21.830189 0.009976
1614247931.321323 21.830149 0.009990
1614247931.387323 21.829814 0.009960
1614247931.453323 21.829824 0.009996
1614247931.519323 21.829712 0.009968
1614247931.585323 21.829562 0.009993
1614247931.651323 21.829052 0.009923
1614247931.717324 21.829519 0.009915
1614247931.783324 21.829272 0.009948
1614247931.849324 21.829051 0.009932
1614247931.948324 21.829271 0.009928
1614247932.047324 21.829765 0.009953
1614247932.113325 21.829987 0.009967
1614247932.212325 21.829008 0.009971
1614247932.311325 21.829166 0.009946
1614247932.443325 21.829015 0.009929
1614247932.542325 21.828918 0.009923
1614247932.674326 21.828631 0.009939
1614247932.773326 21.828558 0.009890
1614247932.872326 21.828561 0.009960
1614247932.971326 21.827918 0.009901
1614247933.070327 21.827756 0.009848
1614247933.136327 21.827626 0.009746
1614247933.202327 21.827206 0.009959
1614247933.268327 21.827003 0.009969
1614247933.334327 21.827242 0.009966
1614247933.433328 21.827041 0.009979
1614247933.499328 21.827186 0.009968
1614247933.598328 21.827377 0.009949
1614247933.697328 21.826664 0.009937
1614247933.796329 21.826333 0.009976
1614247933.895329 21.826214 0.009856
1614247933.994329 21.826001 0.009976
1614247934.093329 21.825231 0.009994
1614247934.192329 21.825270 0.009994
1614247934.291330 21.825048 0.009976
1614247934.390330 21.825437 0.009994
1614247934.489330 21.824933 0.009968
1614247934.588330 21.824436 0.009983
1614247934.687330 21.823747 0.009946
1614247934.786331 21.823349 0.009994
1614247934.885331 21.823945 0.009993
1614247934.984331 21.823616 0.009943
1614247935.083332 21.822878 0.009985
1614247935.182332 21.822685 0.009871
1614247935.248332 21.822419 0.009927
1614247935.314332 21.822115 0.009969
1614247935.380332 21.822486 0.009969
1614247935.446332 21.821877 0.009906
1614247935.512332 21.821949 0.009926
1614247935.578333 21.821882 0.009979
1614247935.677333 21.821835 0.009988
1614247935.776333 21.821837 0.009992
1614247935.875333 21.822406 0.009942
1614247935.941334 21.821517 0.009960
1614247936.007334 21.821348 0.009952
1614247936.073334 21.821560 0.009989
1614247936.139334 21.821572 0.009974
1614247936.205334 21.821319 0.009980
1614247936.271334 21.821017 0.009991
1614247936.337335 21.820753 0.009794
1614247936.403335 21.820543 0.009871
1614247936.469335 21.820068 0.009940
1614247936.535335 21.820701 0.009979
1614247936.601335 21.820639 0.009958
1614247936.700335 21.820293 0.009986
1614247936.799336 21.819797 0.009980
1614247936.898336 21.819882 0.009983
1614247936.964336 21.819730 0.009814
1614247937.063336 21.819608 0.009987
1614247937.162337 21.819881 0.009983
1614247937.228337 21.819908 0.009919
1614247937.294337 21.819666 0.009793
1614247937.393337 21.819900 0.009954
1614247937.459337 21.819204 0.009973
1614247937.525337 21.819197 0.009965
1614247937.591337 21.819275 0.009968
1614247937.657338 21.819342 0.009960
1614247937.756338 21.819358 0.009986
1614247937.855338 21.819196 0.009977
1614247937.954338 21.819301 0.009985
1614247938.053339 21.819181 0.009978
1614247938.119339 21.818711 0.009961
1614247938.218339 21.818506 0.009985
1614247938.284339 21.818740 0.009869
1614247938.383339 21.818288 0.009848
1614247938.482340 21.818918 0.009981
1614247938.581340 21.818234 0.009964
1614247938.680340 21.818192 0.009950
1614247938.779340 21.817884 0.009931
1614247938.878340 21.818968 0.009763
1614247938.944341 21.818628 0.009940
1614247939.010341 21.818632 0.009938
1614247939.109341 21.818327 0.009991
1614247939.175341 21.818482 0.009889
1614247939.241341 21.818575 0.009920
1614247939.307342 21.818441 0.009993
1614247939.373342 21.818695 0.009913
1614247939.439342 21.818823 0.009990
1614247939.505342 21.818915 0.009988
1614247939.571342 21.818765 0.009881
1614247939.637342 21.818321 0.009863
1614247939.703342 21.819695 0.009839
1614247939.769342 21.817616 0.009838
1614247939.835343 21.818247 0.009983
1614247939.901343 21.818272 0.009982
1614247939.967343 21.818885 0.009956
1614247940.033343 21.818354 0.009873
1614247940.099343 21.818636 0.009963
1614247940.165344 21.818688 0.009893
1614247940.231344 21.818952 0.009972
1614247940.297344 21.819258 0.009942
1614247940.363344 21.818979 0.009988
1614247940.462344 21.819242 0.009969
1614247940.561345 21.819299 0.009984
1614247940.660345 21.819853 0.009950
1614247940.759345 21.820881 0.009899
1614247940.858345 21.821204 0.009934
1614247940.924345 21.821251 0.009952
1614247940.990345 21.821600 0.009835
1614247941.089345 21.821630 0.009965
1614247941.188346 21.821483 0.009941
1614247941.254346 21.821638 0.009963
1614247941.353346 21.822616 0.009991
1614247941.452347 21.823190 0.009979
1614247941.518347 21.823283 0.009981
1614247941.584347 21.822623 0.009905
1614247941.650347 21.823030 0.009960
1614247941.749347 21.823162 0.009921
1614247941.848347 21.823360 0.009936
1614247941.947348 21.822873 0.009925
1614247942.013348 21.822970 0.009883
1614247942.079348 21.823112 0.009947
1614247942.178348 21.823430 0.009977
1614247942.277349 21.824563 0.009950
1614247942.376349 21.824791 0.009961
1614247942.475349 21.824917 0.009946
1614247942.574349 21.825691 0.009981
1614247942.673349 21.826447 0.009959
1614247942.772350 21.826982 0.009862
1614247942.871350 21.827604 0.009940
1614247942.970350 21.828153 0.009974
1614247943.069350 21.827594 0.009967
1614247943.168351 21.827261 0.009964
1614247943.267351 21.827758 0.009917
1614247943.366351 21.828319 0.009985
1614247943.465351 21.829043 0.009905
1614247943.531352 21.829091 0.009828
1614247943.630352 21.829483 0.009842
1614247943.729352 21.829453 0.009988
1614247943.828352 21.830192 0.009905
1614247943.927352 21.830987 0.009774
1614247944.026353 21.830497 0.009789
1614247944.125353 21.831440 0.009983
1614247944.224353 21.832614 0.009991
1614247944.323353 21.832726 0.009910
1614247944.422354 21.833049 0.009958
1614247944.521354 21.833303 0.009925
1614247944.620354 21.832653 0.009859
1614247944.719354 21.832878 0.009886
1614247944.818354 21.833038 0.009934
1614247944.917355 21.834135 0.009949
1614247945.016355 21.836281 0.009937
1614247945.082355 21.836322 0.009970
1614247945.148355 21.836237 0.009926
1614247945.214355 21.836668 0.009898
1614247945.280356 21.836151 0.009913
1614247945.346356 21.836873 0.009901
1614247945.412356 21.836449 0.009890
1614247945.511356 21.837679 0.009844
1614247945.610356 21.839074 0.009979
1614247945.709357 21.839633 0.009936
1614247945.808357 21.838388 0.009969
1614247945.907357 21.839001 0.009909
1614247946.006357 21.839865 0.009925
1614247946.105358 21.839398 0.009960
1614247946.204358 21.837624 0.009916
1614247946.303358 21.837787 0.009965
1614247946.402358 21.842089 0.009989
1614247946.501358 21.841980 0.009979
1614247946.600359 21.842610 0.009977
1614247946.699359 21.841554 0.009971
1614247946.765359 21.842577 0.009928
1614247946.864359 21.844246 0.009979
1614247946.963360 21.844830 0.009971
1614247947.062360 21.845143 0.009938
1614247947.161360 21.843150 0.009935
1614247947.260360 21.842903 0.009933
1614247947.359360 21.848473 0.009977
1614247947.458361 21.847469 0.009981
1614247947.557361 21.845274 0.009988
1614247947.656361 21.843217 0.009909
1614247947.755361 21.841965 0.009936
1614247947.854362 21.843522 0.009873
1614247947.953362 21.844491 0.009937
1614247948.052362 21.841754 0.009972
1614247948.184362 21.845227 0.009956
1614247948.316363 21.844394 0.009936
1614247948.415363 21.845117 0.009956
1614247948.481363 21.843614 0.009883
1614247948.580363 21.842945 0.009959
1614247948.679363 21.845133 0.009964
1614247948.745364 21.845975 0.009921
1614247948.844364 21.844582 0.009989
1614247948.943364 21.843917 0.009843
1614247949.042364 21.843642 0.009874
1614247949.141365 21.845060 0.009868
1614247949.240365 21.845546 0.009928
1614247949.339365 21.844875 0.009935
1614247949.438365 21.844430 0.009976
1614247949.570366 21.844030 0.009984
1614247949.702366 21.843197 0.009987
1614247949.834366 21.839153 0.009982
1614247949.933367 21.839804 0.009986
1614247950.032367 21.839254 0.009840
1614247950.164367 21.839103 0.009825
1614247950.296367 21.839356 0.009947
1614247950.428368 21.838643 0.009975
1614247950.560368 21.837868 0.009962
1614247950.692368 21.836842 0.009863
1614247950.824369 21.837114 0.009973
1614247950.989369 21.835948 0.009982
1614247951.121369 21.836817 0.009919
1614247951.220370 21.833352 0.009971
1614247951.352370 21.832535 0.009988
1614247951.484370 21.834600 0.009947
1614247951.616370 21.834297 0.009973
1614247951.715371 21.833924 0.009979
1614247951.814371 21.834157 0.009966
1614247951.913371 21.833151 0.009915
1614247952.012372 21.834388 0.009966
1614247952.111372 21.835755 0.009577
1614247952.243372 21.832641 0.009943
1614247952.342372 21.830328 0.009882
1614247952.474373 21.833046 0.009960
1614247952.606373 21.833788 0.009653
1614247952.738373 21.836226 0.009963
1614247952.870373 21.834603 0.009944
1614247953.002374 21.836712 0.009937
1614247953.167374 21.836105 0.009953
1614247953.299374 21.836962 0.009952
1614247953.464375 21.840604 0.009827
1614247953.563375 21.842874 0.009883
1614247953.728375 21.842015 0.009972
1614247953.860376 21.836758 0.009976
1614247953.992376 21.834710 0.009954
1614247954.124376 21.836213 0.009930
1614247954.289377 21.835163 0.009966
1614247954.421377 21.834981 0.009930
1614247954.553377 21.835349 0.009955
1614247954.685378 21.835373 0.009965
1614247954.817378 21.836125 0.009976
1614247954.949378 21.834815 0.009976
1614247955.081378 21.833508 0.009949
1614247955.246379 21.834574 0.009958
1614247955.411379 21.835063 0.009966
1614247955.576380 21.835571 0.009988
1614247955.741380 21.835919 0.009989
1614247955.906381 21.835973 0.009988
1614247956.104381 21.837931 0.009966
1614247956.269381 21.837893 0.009966
1614247956.467382 21.838857 0.009953
1614247956.665382 21.838534 0.009979
1614247956.830383 21.838748 0.009948
1614247956.995383 21.839930 0.009941
1614247957.160383 21.836159 0.009970
1614247957.325384 21.837120 0.009981
1614247957.490384 21.838280 0.009977
1614247957.688385 21.840321 0.009961
1614247957.886385 21.839498 0.009951
1614247958.117386 21.838901 0.009967
1614247958.348386 21.838307 0.009977
1614247958.612387 21.837024 0.009979
1614247958.843387 21.842702 0.009984
1614247959.041388 21.847102 0.009977
1614247959.239388 21.848420 0.009955
1614247959.404389 21.846292 0.009836
1614247959.536389 21.848325 0.009958
1614247959.734390 21.851260 0.009949
1614247959.932390 21.856742 0.009915
1614247960.097390 21.857717 0.009865
1614247960.229391 21.859549 0.009956
1614247960.361391 21.852808 0.009931
1614247960.526391 21.845587 0.009984
1614247960.691392 21.842234 0.009952
1614247960.823392 21.835511 0.009669
1614247960.955393 21.827891 0.008701
1614247961.186393 21.820522 0.009359
1614247961.417393 21.821713 0.009148
1614247961.648394 21.841380 0.009168
1614247961.846395 21.851996 0.009685
1614247962.044395 21.854981 0.009771
1614247962.275396 21.855999 0.009977
1614247962.572396 21.853973 0.009941
1614247962.803397 21.856192 0.009795
1614247963.034397 21.855167 0.009590
1614247963.199398 21.857363 0.009772
1614247963.364398 21.856215 0.009851
1614247963.595399 21.859457 0.009760
1614247963.859399 21.859602 0.009897
1614247964.123400 21.857650 0.009959
1614247964.387400 21.856806 0.009927
1614247964.618401 21.851543 0.009963
1614247964.981402 21.849700 0.009987
1614247965.344403 21.853130 0.009970
1614247965.905404 21.874450 0.009928
1614247967.324408 21.911880 0.009981
1614248009.300507 21.908523 0.009985
1614248010.587509 21.908122 0.009982
1614248011.181511 21.910804 0.009981
1614248011.742512 21.917284 0.009970
1614248012.204513 21.926774 0.009973
1614248012.600514 21.936892 0.009970
1614248012.897515 21.943521 0.009973
1614248013.161515 21.951129 0.009982
1614248013.392516 21.954091 0.009980
1614248013.590517 21.959366 0.009963
1614248013.755517 21.963607 0.009829
1614248013.887517 21.967030 0.009938
1614248014.019518 21.968175 0.009956
1614248014.316518 21.974158 0.009953
1614248014.580519 21.980638 0.009851
1614248014.844519 21.982865 0.009961
1614248015.075520 21.981743 0.009900
1614248015.306520 21.984479 0.009895
1614248015.537521 21.991374 0.009681
1614248015.768522 22.000362 0.009712
1614248015.999522 22.007861 0.009982
1614248016.230523 22.004524 0.009977
1614248016.461524 21.999903 0.009951
1614248016.692524 21.998334 0.009974
1614248016.857524 21.998318 0.009915
1614248017.022525 21.999067 0.009948
1614248017.253525 22.000061 0.009923
1614248017.451526 21.999942 0.009820
1614248017.682526 22.003457 0.009879
1614248017.880527 22.002764 0.009469
1614248018.078527 22.001989 0.009759
1614248018.243527 22.002893 0.009827
1614248018.408528 22.003305 0.009912
1614248018.540528 22.000263 0.009777
1614248018.705528 21.999214 0.009957
1614248018.837529 21.999169 0.009955
1614248018.969529 21.999996 0.009729
1614248019.101530 22.001545 0.009771
1614248019.233530 22.004581 0.009590
1614248019.365530 22.006955 0.009535
1614248019.497531 22.006755 0.009156
1614248019.629531 22.004975 0.009614
1614248019.728531 22.006389 0.009743
1614248019.827531 22.005955 0.009505
1614248019.926532 22.004721 0.009304
1614248020.025532 22.006065 0.007040
1614248020.124532 22.006038 0.008279
1614248020.223532 22.007899 0.009347
1614248020.322532 22.007861 0.009538
1614248020.454533 22.007703 0.009895
1614248020.586533 22.009769 0.009491
1614248020.685533 22.011089 0.009888
1614248020.784534 22.010098 0.009011
1614248020.883534 22.010724 0.009237
1614248020.982534 22.007894 0.009504
1614248021.081534 22.009089 0.009382
1614248021.180535 22.009820 0.009053
1614248021.279535 22.009588 0.009835
1614248021.378535 22.009111 0.009656
1614248021.477535 22.009414 0.009735
1614248021.576535 22.010157 0.009813
1614248021.708536 22.009978 0.009689
1614248021.873536 22.011799 0.009813
1614248022.005537 22.006728 0.009883
1614248022.170537 22.006085 0.009754
1614248022.302537 22.005568 0.009674
1614248022.467537 22.006214 0.009647
1614248022.632538 22.007172 0.009654
1614248022.764538 22.007657 0.009888
1614248022.929538 22.006459 0.009834
1614248023.061539 22.006058 0.009831
1614248023.226539 22.006668 0.009872
1614248023.358540 22.006658 0.009711
1614248023.523540 22.007254 0.009837
1614248023.688540 22.007449 0.009817
1614248023.853541 22.008593 0.009848
1614248024.018541 22.008246 0.009826
1614248024.183542 22.009397 0.009827
1614248024.315542 22.008914 0.009803
1614248024.414542 22.008885 0.009873
1614248024.513542 22.009724 0.009778
1614248024.645543 22.011013 0.009817
1614248024.777543 22.010345 0.009856
1614248024.909543 22.010457 0.009854
1614248025.041544 22.010362 0.009854
1614248025.140544 22.010948 0.009865
1614248025.272544 22.011305 0.009860
1614248025.404545 22.012103 0.009827
1614248025.536545 22.012298 0.009855
1614248025.635545 22.012325 0.009855
1614248025.767545 22.011895 0.009700
1614248025.866545 22.012265 0.009790
1614248025.965546 22.012541 0.009812
1614248026.064546 22.012953 0.009863
1614248026.130546 22.012842 0.009817
1614248026.229546 22.013084 0.009844
1614248026.328547 22.013426 0.009837
1614248026.460547 22.013048 0.009819
1614248026.559547 22.013111 0.009818
1614248026.691547 22.012912 0.009849
1614248026.823548 22.012905 0.009861
1614248026.955548 22.012205 0.009839
1614248027.054548 22.012441 0.009855
1614248027.153548 22.012611 0.009809
1614248027.252549 22.012333 0.009785
1614248027.351549 22.011889 0.009679
1614248027.450549 22.011151 0.009725
1614248027.549550 22.011144 0.009815
1614248027.648550 22.011046 0.009820
1614248027.780550 22.010803 0.009832
1614248027.879550 22.010786 0.009812
1614248027.978550 22.010333 0.009568
1614248028.077551 22.010733 0.009851
1614248028.176551 22.010588 0.009844
1614248028.275551 22.011032 0.009700
1614248028.374551 22.011481 0.009843
1614248028.473552 22.010991 0.009795
1614248028.572552 22.010602 0.009788
1614248028.671552 22.009909 0.009794
1614248028.770552 22.010519 0.009816
1614248028.836552 22.010406 0.009634
1614248028.935553 22.009390 0.009578
1614248029.100553 22.009098 0.009699
1614248029.199553 22.009195 0.009682
1614248029.331554 22.008484 0.009844
1614248029.430554 22.008223 0.009761
1614248029.529554 22.007731 0.009785
1614248029.661554 22.006991 0.009846
1614248029.793555 22.006337 0.009813
1614248029.892555 22.006497 0.009750
1614248029.958555 22.006647 0.009769
1614248030.057555 22.006419 0.009822
1614248030.156555 22.006805 0.009789
1614248030.255556 22.007769 0.009779
1614248030.354556 22.007315 0.009828
1614248030.453556 22.007235 0.009843
1614248030.552557 22.007738 0.009496
1614248030.684557 22.008111 0.009807
1614248030.783557 22.007987 0.009808
1614248030.882557 22.007760 0.009792
1614248030.981558 22.006970 0.009772
1614248031.080558 22.006306 0.009830
1614248031.179558 22.006785 0.009790
1614248031.278558 22.005908 0.009828
1614248031.377558 22.006283 0.009749
1614248031.476559 22.006610 0.009838
1614248031.575559 22.006261 0.009623
1614248031.674559 22.005723 0.009667
1614248031.740559 22.006146 0.009723
1614248031.839560 22.005573 0.009804
1614248031.938560 22.005895 0.009796
1614248032.037560 22.005998 0.009836
1614248032.169560 22.004977 0.009737
1614248032.301561 22.004949 0.009823
1614248032.367561 22.005075 0.009781
1614248032.466561 22.005129 0.009836
1614248032.532561 22.004653 0.009826
1614248032.631562 22.004411 0.009828
1614248032.730562 22.004285 0.009718
1614248032.829562 22.004063 0.009705
1614248032.928562 22.003407 0.009817
1614248033.027562 22.003292 0.009704
1614248033.159563 22.002285 0.009664
1614248033.258563 22.002386 0.009701
1614248033.357563 22.002736 0.009820
1614248033.456563 22.002279 0.009805
1614248033.555563 22.001443 0.009784
1614248033.621564 22.000703 0.009591
1614248033.687564 21.999985 0.009711
1614248033.786564 21.998573 0.009755
1614248033.885564 21.999037 0.009791
1614248033.984565 21.999925 0.009834
1614248034.083565 21.997353 0.009461
1614248034.182565 21.996742 0.009615
1614248034.281565 21.996206 0.009714
1614248034.380565 21.996126 0.009699
1614248034.479566 21.994629 0.009792
1614248034.578566 21.992824 0.009642
1614248034.677566 21.992121 0.009792
1614248034.776567 21.992221 0.009754
1614248034.875567 21.993555 0.009719
1614248034.974567 21.992777 0.009805
1614248035.073567 21.992479 0.009829
1614248035.172568 21.991608 0.009809
1614248035.271568 21.993593 0.009812
1614248035.337568 21.993621 0.009666
1614248035.436568 21.993816 0.009807
1614248035.502568 21.992619 0.009724
1614248035.601568 21.992770 0.009828
1614248035.700569 21.991816 0.009794
1614248035.766569 21.991503 0.009433
1614248035.865569 21.989657 0.009789
1614248035.964569 21.988458 0.009580
1614248036.063569 21.987694 0.009572
1614248036.162570 21.987464 0.009766
1614248036.261570 21.986798 0.009728
1614248036.360570 21.987429 0.009753
1614248036.459570 21.986743 0.009660
1614248036.591571 21.986242 0.009716
1614248036.690571 21.985941 0.009795
1614248036.855572 21.982925 0.009673
1614248036.954571 21.983714 0.009763
1614248037.053572 21.983819 0.009797
1614248037.119572 21.983539 0.009754
1614248037.185572 21.982542 0.009704
1614248037.284572 21.983222 0.009818
1614248037.350573 21.983452 0.009784
1614248037.449573 21.983515 0.009749
1614248037.548573 21.983380 0.009802
1614248037.647573 21.981595 0.009820
1614248037.746574 21.979805 0.009693
1614248037.845574 21.981228 0.009728
1614248037.911574 21.982567 0.009606
1614248037.977574 21.983815 0.009345
1614248038.076574 21.983149 0.009795
1614248038.175575 21.982975 0.009749
1614248038.241575 21.982153 0.009824
1614248038.307575 21.982212 0.009817
1614248038.406575 21.981593 0.009596
1614248038.472575 21.981903 0.009827
1614248038.538575 21.981546 0.009575
1614248038.637576 21.981391 0.009688
1614248038.736576 21.980274 0.009787
1614248038.835576 21.979007 0.009792
1614248038.934576 21.980518 0.009150
1614248039.033576 21.979166 0.009728
1614248039.132577 21.979637 0.009793
1614248039.231577 21.980354 0.009713
1614248039.330577 21.980245 0.009602
1614248039.429578 21.980950 0.009655
1614248039.561578 21.981216 0.009455
1614248039.660578 21.979950 0.009752
1614248039.759578 21.980194 0.009701
1614248039.858578 21.980448 0.009697
1614248039.957579 21.979901 0.009448
1614248040.023579 21.978745 0.009340
1614248040.089579 21.979473 0.009646
1614248040.188579 21.977812 0.009790
1614248040.254580 21.978970 0.009690
1614248040.320580 21.978605 0.009635
1614248040.386580 21.979843 0.009603
1614248040.452580 21.979146 0.009726
1614248040.551580 21.980116 0.009621
1614248040.617580 21.978060 0.009658
1614248040.683580 21.978703 0.009510
1614248040.782581 21.978231 0.009613
1614248040.848581 21.977459 0.009759
1614248040.914581 21.977693 0.009505
1614248040.980581 21.978259 0.009808
1614248041.046581 21.978678 0.009659
1614248041.112581 21.979947 0.008938
1614248041.178581 21.978811 0.009366
1614248041.244582 21.978457 0.008831
1614248041.310582 21.978446 0.009716
1614248041.376582 21.978985 0.009749
1614248041.442582 21.978997 0.009788
1614248041.508582 21.980104 0.009778
1614248041.574583 21.981140 0.009822
1614248041.640583 21.981483 0.009783
1614248041.706583 21.980572 0.009660
1614248041.772583 21.981861 0.009802
1614248041.838583 21.981991 0.009809
1614248041.904583 21.982508 0.009827
1614248041.970583 21.982667 0.009169
1614248042.036584 21.982503 0.009631
1614248042.102584 21.982414 0.009808
1614248042.168584 21.983621 0.009738
1614248042.267584 21.983800 0.009662
1614248042.333584 21.983432 0.009245
1614248042.399585 21.983689 0.009698
1614248042.465585 21.985207 0.009454
1614248042.531585 21.983741 0.009496
1614248042.597585 21.984239 0.009739
1614248042.663585 21.984729 0.009790
1614248042.729585 21.985324 0.009441
1614248042.795585 21.984596 0.009588
1614248042.861586 21.984960 0.009594
1614248042.927586 21.984749 0.009530
1614248042.993586 21.984881 0.009821
1614248043.059586 21.985339 0.009805
1614248043.125586 21.985832 0.009615
1614248043.191586 21.986837 0.009716
1614248043.257586 21.987243 0.009674
1614248043.323586 21.987596 0.009800
1614248043.389587 21.989167 0.009620
1614248043.455587 21.988521 0.009641
1614248043.521587 21.988425 0.009522
1614248043.587587 21.988448 0.009644
1614248043.653587 21.988630 0.009704
1614248043.719588 21.988996 0.009430
1614248043.785588 21.988956 0.009756
1614248043.851588 21.989321 0.009207
1614248043.917588 21.989187 0.009703
1614248043.983588 21.989464 0.009615
1614248044.049588 21.990333 0.009649
1614248044.115589 21.989488 0.009464
1614248044.181589 21.990050 0.009693
1614248044.247589 21.990744 0.009718
1614248044.313589 21.990745 0.009564
1614248044.379589 21.990861 0.009760
1614248044.445589 21.992215 0.009789
1614248044.511589 21.992027 0.009538
1614248044.577590 21.992594 0.009828
1614248044.643590 21.994261 0.009706
1614248044.709590 21.993243 0.009775
1614248044.775590 21.994018 0.009775
1614248044.841590 21.995666 0.009687
1614248044.907590 21.995001 0.009602
1614248044.973591 21.994312 0.009486
1614248045.039591 21.995402 0.009794
1614248045.105591 21.997124 0.009639
1614248045.171591 21.997344 0.009669
1614248045.237591 21.997515 0.009789
1614248045.303591 21.999059 0.009681
1614248045.369591 21.999060 0.009729
1614248045.435592 21.999677 0.009564
1614248045.501592 22.000086 0.009798
