DelayedMarginalization 0.00143804 8.48179e-07 0.011246 1598
DelayedMarginalizationOnly 0.000670279 4.26259e-07 0.00686098 1598
EF-marginalizeFrame 0.00181865 8.90263e-07 0.0117131 1598
FullSystem::trackNewCoarse 0.00565855 1.61353e-05 0.0335527 6976
FullSystem::trackNewCoarseNoIMU 0.00160715 7.0965e-07 0.00619408 144
FullSystemOptimize 0.140515 0.000675323 0.266223 1604
GraphUnrolling 0.00971524 6.69965e-06 0.0115455 2
IMUInitAddPose 3.4577e-05 4.30501e-10 0.000691868 1604
IMUInitOptimize 0.0299223 0.000108731 0.052715 16
IMUIntegration::finishKeyframeOperations 4.86985e-05 2.02053e-09 0.00162624 1583
InitializerFirstFrame 0.0283639 -nan 0.0283639 1
InitializerOtherFrames 0.057376 0.000306501 0.132629 581
MainMarginalization 0.00163587 8.57426e-07 0.0114412 1598
MarginalizationReplacementBuildGraph 0.00152728 8.8915e-07 0.00219404 2
MarginalizationReplacementReplaceGraph 0.011657 -nan 0.011657 1
MarginalizeMainGraph 0.000765789 3.47247e-07 0.00790709 1598
PGBA 0.0533639 -nan 0.0533639 1
PGBAFull 0.019684 0.00107821 0.057599 3
PrepareGraphForMainOptimization 0.00977701 6.72803e-06 0.0116111 2
VisualMarginalization 2.79721e-05 2.26746e-09 0.000865181 1598
activatePointsMT 0.00452487 4.52613e-06 0.0146816 1604
addActiveFrame 0.0482771 0.00444169 0.389357 7702
addIMUData 0.00107101 1.35088e-06 0.0193642 6976
addIMUDataToBA 0.000109096 1.03563e-08 0.00211179 7701
addKeyframeToBA 5.29233e-05 1.17649e-09 0.000786378 1604
afterCoarseTracking 2.70892e-07 4.42458e-14 1.3546e-05 7120
baIteration 0.0244836 3.79244e-05 0.101914 8590
baMatrixInversion 0.00017208 9.85817e-09 0.00485352 8590
baUpdateBuildHessians 0.000604334 3.62921e-07 0.0106146 8590
coarseTrackingIteration 0.000619018 9.6844e-07 0.0105652 50197
computeBAUpdate 0.000880433 3.94605e-07 0.0109237 8590
computeCoarseUpdate 0.000340357 5.94407e-07 0.00867132 49356
computeFactorForCoarseGraphAndMarginalCovariances 0.00232916 7.09895e-07 0.0102 1583
convertHAndBFromDSO 0.00010363 2.5153e-09 0.00189072 14973
debugPlot 9.21297e-08 4.46261e-15 8.01e-07 1604
debugPlotIDepthMap 4.06128e-07 2.22409e-13 1.8325e-05 1604
debugPlotIDepthMapFloat 3.42051e-08 3.69019e-16 3.61e-07 1604
deliverTrackedFrame 0.0393925 0.00470873 0.279737 7121
flagFramesForMarginalization 2.15772e-06 1.69754e-11 0.00013307 1604
fullCoarseTracking 0.00697698 2.05631e-05 0.0552106 7120
initObjectsAndMakeImage 0.00106727 4.9277e-08 0.00657572 7702
makeKeyframe 0.164441 0.00067918 0.279726 1604
makeKeyframeChangeTrackingRef 0.00186773 8.66348e-08 0.00519451 1604
makeNewTraces 0.00351105 1.80219e-07 0.00653854 1604
makeNonKeyframe 0.00294039 3.4985e-06 0.00817566 5517
marginalizeAndRemovePoints 0.00350234 8.06092e-07 0.00693508 1604
marginalizeFrame 0.00358662 1.13859e-06 0.0135445 1598
marginalizeFrameOverhead 0.0017641 1.59651e-07 0.00420323 1598
marginalizeFrames 0.00358885 1.19042e-06 0.0135602 1604
newFrameAndNewResidualsForOldPoints 0.000997248 6.54996e-08 0.00330264 1604
printBiases 1.042e-05 5.53418e-10 0.000809146 1604
printEigenValLine 1.56095e-07 2.79488e-15 9.11e-07 1604
printLogLine 0.000141773 6.62563e-08 0.00259916 1604
publishInMakeKeyframe 1.70394e-07 7.37637e-15 1.423e-06 1604
removeOutliers 0.000158068 3.75222e-09 0.00140267 1604
swapTrackingRef 0.000167956 1.09094e-07 0.00567288 1603
timeMeasurement 2.13108e-06 8.97375e-12 0.000136625 7702
traceNewCoarse 0.00291579 2.80284e-06 0.00816269 7121
updateBAValues 1.1403e-05 4.9889e-11 0.000249835 15747
zero 1.99693e-07 2.31324e-12 0.000132528 7702
