EF-marginalizeFrame 0.000155486 9.63589e-09 0.00188595 1844
FullSystem::trackNewCoarseNoIMU 0.003508 4.45771e-06 0.0190761 6626
FullSystemOptimize 0.217118 0.00138267 0.555312 1850
IMUInitAddPose 1.8525e-05 -nan 1.8525e-05 1
InitializerFirstFrame 0.0354656 -nan 0.0354656 1
InitializerOtherFrames 0.0507889 0.000563358 0.120894 68
VisualMarginalization 3.8711e-05 4.22921e-10 0.00027768 1844
activatePointsMT 0.00550898 8.65409e-06 0.0303863 1850
addActiveFrame 0.0744686 0.011469 0.582116 6695
afterCoarseTracking 3.46103e-07 2.02039e-12 0.000114762 6626
baIteration 0.0339429 0.000106146 0.0992415 11118
coarseTrackingIteration 0.000232047 9.34144e-08 0.0088815 65865
debugPlot 1.28842e-07 1.76041e-13 1.7925e-05 1850
debugPlotIDepthMap 5.74304e-07 2.19106e-11 0.000197876 1850
debugPlotIDepthMapFloat 4.59935e-08 6.40766e-16 4.2e-07 1850
deliverTrackedFrame 0.0697867 0.0115479 0.578831 6627
flagFramesForMarginalization 2.4555e-06 4.96143e-11 0.000278395 1850
fullCoarseTracking 0.00351813 4.4688e-06 0.0192789 6626
initObjectsAndMakeImage 0.00138053 2.09886e-07 0.00480105 6695
makeKeyframe 0.239264 0.00149653 0.578824 1850
makeKeyframeChangeTrackingRef 0.002268 3.37509e-07 0.00670162 1850
makeNewTraces 0.00404748 7.03961e-07 0.00747984 1850
makeNonKeyframe 0.00411805 2.49921e-06 0.0162175 4777
marginalizeAndRemovePoints 0.00406342 1.48089e-06 0.010796 1850
marginalizeFrame 0.00187336 2.33413e-07 0.0050244 1844
marginalizeFrameOverhead 0.00171466 1.88431e-07 0.00482494 1844
marginalizeFrames 0.00186842 2.44211e-07 0.00502641 1850
newFrameAndNewResidualsForOldPoints 0.00106017 9.22831e-08 0.00377843 1850
printEigenValLine 1.76543e-07 2.34326e-15 1.413e-06 1850
printLogLine 0.000189781 1.2974e-07 0.00542492 1850
publishInMakeKeyframe 2.00021e-07 7.69314e-15 9.82e-07 1850
removeOutliers 0.000193374 1.49073e-08 0.00349776 1850
swapTrackingRef 6.4213e-07 5.99904e-13 2.5187e-05 1850
timeMeasurement 1.57975e-06 1.32778e-11 0.000209624 6695
traceNewCoarse 0.00372308 2.28005e-06 0.0162027 6627
zero 1.37057e-07 4.40977e-14 1.5468e-05 6695
