1608633204.582221 18.059659 0.301422
1608633204.747221 18.108019 0.254968
1608633204.912222 18.051233 0.218691
1608633205.044222 18.063370 0.197517
1608633205.176222 18.009826 0.173474
1608633205.308223 18.032166 0.155977
1608633205.440223 18.041734 0.140228
1608633205.572223 18.046168 0.129111
1608633205.704224 18.046478 0.119395
1608633205.836224 18.059126 0.111593
1608633206.001224 18.068733 0.103225
1608633206.166225 18.101548 0.094839
1608633206.331225 18.149609 0.088564
1608633206.496226 18.192470 0.083462
1608633206.628226 18.148734 0.078795
1608633206.793226 18.164626 0.074349
1608633206.958226 18.149169 0.070044
1608633207.156227 18.194185 0.065703
1608633207.321228 18.186617 0.062665
1608633207.453228 18.178355 0.060856
1608633207.585228 18.156855 0.059068
1608633207.717228 18.147657 0.057629
1608633207.849229 18.160637 0.056318
1608633207.981229 18.196565 0.055499
1608633208.146230 18.188105 0.054288
1608633208.344230 18.198431 0.053501
1608633208.542230 18.200229 0.052641
1608633208.740231 18.247414 0.052446
1608633208.938231 18.294233 0.052240
1608633209.136232 18.341845 0.052295
1608633209.301232 18.351216 0.052271
1608633209.499233 18.353654 0.051985
1608633209.664233 18.334503 0.051826
1608633209.829233 18.339853 0.051608
1608633209.961234 18.338045 0.051368
1608633210.060234 18.326010 0.051071
1608633210.225234 18.335305 0.050556
1608633210.423235 18.354774 0.050021
1608633210.588235 18.359751 0.049109
1608633210.720236 18.361060 0.048277
1608633210.852236 18.377054 0.047189
1608633211.017236 18.358671 0.045887
1608633211.182237 18.350021 0.044529
1608633211.347237 18.335262 0.043086
1608633211.512237 18.316509 0.041581
1608633211.677238 18.313718 0.040430
1608633211.842238 18.313598 0.039523
1608633212.007238 18.287606 0.038925
1608633212.139239 18.291300 0.038404
1608633212.271239 18.286341 0.037710
1608633212.403239 18.271802 0.036710
1608633212.568240 18.260824 0.035887
1608633212.733240 18.247820 0.035239
1608633212.898241 18.232270 0.034805
1608633213.063241 18.223369 0.034115
1608633213.228241 18.213957 0.033475
1608633213.393242 18.215608 0.032699
1608633213.558242 18.215744 0.032030
1608633213.690243 18.195334 0.031318
1608633213.822243 18.212309 0.030999
1608633213.987243 18.195395 0.030274
1608633214.152243 18.180239 0.029408
1608633214.317244 18.197332 0.028691
1608633214.482244 18.197183 0.028002
1608633214.647245 18.194365 0.027077
1608633214.845245 18.193929 0.026076
1608633215.043246 18.197292 0.025018
1608633215.208246 18.192640 0.024120
1608633215.406247 18.180888 0.023078
1608633215.604247 18.175292 0.022010
1608633215.802248 18.186157 0.021204
1608633216.000248 18.176483 0.020483
1608633216.198248 18.173106 0.019471
1608633216.396249 18.165805 0.018372
1608633216.594249 18.155878 0.017275
1608633216.858250 18.131881 0.015687
1608633217.089251 18.126847 0.014357
1608633217.320251 18.120678 0.013074
1608633217.551252 18.134268 0.011876
1608633217.716252 18.136972 0.011069
1608633217.881253 18.136747 0.010313
1608633218.046253 18.126330 0.009552
1608633218.211253 18.120985 0.008786
1608633218.376254 18.136194 0.008355
1608633218.541254 18.141806 0.007762
1608633218.706254 18.143239 0.007178
1608633218.838255 18.144541 0.006759
1608633218.970255 18.145179 0.006348
1608633219.102255 18.146495 0.005984
1608633219.267256 18.155034 0.005537
1608633219.432256 18.154690 0.005189
1608633219.597257 18.149095 0.004879
1608633219.762257 18.145201 0.004619
1608633219.927257 18.139208 0.004394
1608633220.092258 18.132175 0.004216
1608633220.290258 18.128922 0.004047
1608633220.488259 18.129041 0.003913
1608633220.686259 18.122323 0.003824
1608633220.950260 18.114849 0.003720
1608633221.280261 18.107588 0.003614
1608633221.742262 18.104686 0.003509
1608633225.999272 18.101278 0.003433
1608633228.639278 18.096097 0.003244
1608633228.870278 18.096288 0.003236
1608633229.200279 18.097965 0.003219
1608633229.431280 18.099095 0.003203
1608633229.860281 18.099432 0.003168
1608633230.388282 18.102297 0.003112
1608633230.817283 18.104243 0.003068
1608633231.180284 18.104758 0.003034
1608633231.411284 18.106223 0.003012
1608633231.609285 18.108428 0.002992
1608633231.774285 18.108999 0.002976
1608633231.939286 18.107538 0.002960
1608633232.071286 18.105826 0.002948
1608633232.203286 18.108575 0.002936
1608633232.335287 18.109628 0.002924
1608633232.467287 18.109397 0.002910
1608633232.599287 18.110317 0.002896
1608633232.731287 18.112230 0.002881
1608633232.863288 18.118801 0.002868
1608633232.995288 18.118437 0.002852
1608633233.127289 18.118703 0.002837
1608633233.292289 18.122156 0.002819
1608633233.457289 18.121428 0.002796
1608633233.655290 18.116840 0.002765
1608633233.853290 18.116923 0.002740
1608633234.084291 18.120939 0.002730
1608633234.282291 18.122077 0.002711
1608633234.480292 18.127370 0.002697
1608633234.645292 18.130908 0.002687
1608633234.843293 18.134111 0.002676
1608633234.975293 18.140475 0.002670
1608633235.074293 18.139279 0.002663
1608633235.173293 18.141400 0.002658
1608633235.305294 18.144189 0.002653
1608633235.470294 18.147009 0.002643
1608633235.635294 18.150754 0.002635
1608633235.800295 18.154762 0.002628
1608633235.932295 18.153239 0.002624
1608633236.064296 18.145315 0.002634
1608633236.163296 18.145952 0.002631
1608633236.262296 18.145844 0.002628
1608633236.328296 18.146766 0.002627
1608633236.394296 18.148171 0.002625
1608633236.460296 18.149802 0.002625
1608633236.625297 18.147254 0.002622
1608633236.790297 18.145948 0.002617
1608633236.955297 18.145253 0.002614
1608633237.054298 18.144660 0.002612
1608633237.186298 18.145506 0.002609
1608633237.285298 18.144698 0.002608
1608633237.384299 18.143043 0.002605
1608633237.483299 18.139951 0.002604
1608633237.648299 18.137969 0.002602
1608633237.813299 18.137024 0.002601
1608633237.945300 18.136389 0.002599
1608633238.077300 18.137256 0.002598
1608633238.209301 18.137025 0.002597
1608633238.308301 18.136524 0.002595
1608633238.407301 18.135996 0.002594
1608633238.506301 18.135350 0.002594
1608633238.605302 18.134589 0.002592
1608633238.737302 18.132525 0.002591
1608633238.836302 18.130526 0.002590
1608633238.935302 18.131227 0.002590
1608633239.067302 18.132397 0.002590
1608633239.199303 18.131497 0.002589
1608633239.298303 18.131425 0.002588
1608633239.364303 18.131377 0.002587
1608633239.430303 18.131111 0.002587
1608633239.529304 18.131133 0.002587
1608633239.595304 18.131414 0.002586
1608633239.694304 18.130349 0.002586
1608633239.793304 18.129473 0.002585
1608633239.925305 18.129643 0.002584
1608633240.090305 18.129842 0.002583
1608633240.288306 18.130078 0.002583
1608633240.453306 18.130475 0.002583
1608633240.585306 18.130902 0.002582
1608633240.651306 18.130670 0.002582
1608633240.750307 18.130502 0.002583
1608633240.816307 18.130279 0.002583
1608633240.882307 18.130582 0.002583
1608633241.014307 18.130879 0.002583
1608633241.113307 18.130967 0.002582
1608633241.245308 18.130776 0.002582
1608633241.410308 18.130088 0.002581
1608633241.542308 18.129633 0.002580
1608633241.641309 18.129086 0.002581
1608633241.707309 18.128989 0.002580
1608633241.806309 18.128933 0.002582
1608633241.971309 18.129086 0.002582
1608633242.103310 18.129474 0.002581
1608633242.202310 18.129749 0.002581
1608633242.301310 18.129898 0.002581
1608633242.400310 18.129980 0.002579
1608633242.532310 18.129746 0.002579
1608633242.631311 18.130485 0.002579
1608633242.664311 18.130950 0.002550
1608633242.730311 18.131188 0.002574
1608633242.796311 18.130040 0.002574
1608633242.862311 18.132501 0.002577
1608633242.994312 18.129509 0.002580
1608633243.126312 18.128756 0.002581
1608633243.258312 18.129681 0.002575
1608633243.423313 18.130326 0.002578
1608633243.555313 18.132324 0.002579
1608633243.687313 18.134674 0.002575
1608633243.918314 18.133389 0.002577
1608633244.083314 18.131461 0.002575
1608633244.281315 18.132194 0.002576
1608633244.479315 18.133718 0.002577
1608633244.677315 18.135377 0.002578
1608633244.875316 18.134486 0.002576
1608633245.040317 18.134208 0.002579
1608633245.205317 18.134850 0.002579
1608633245.403317 18.133364 0.002578
1608633245.568318 18.132963 0.002578
1608633245.733318 18.133005 0.002580
1608633245.898319 18.131850 0.002580
1608633246.063319 18.132788 0.002580
1608633246.228319 18.130361 0.002577
1608633246.393320 18.128937 0.002578
1608633246.558320 18.129385 0.002579
1608633246.723321 18.129771 0.002579
1608633246.888321 18.129405 0.002579
1608633247.053321 18.128624 0.002578
1608633247.185322 18.128033 0.002580
1608633247.317322 18.130315 0.002576
1608633247.449322 18.129654 0.002561
1608633247.548323 18.128138 0.002571
1608633247.647323 18.125992 0.002567
1608633247.746323 18.125467 0.002563
1608633247.812323 18.122948 0.002571
1608633247.878324 18.121825 0.002576
1608633247.944324 18.121733 0.002577
1608633248.010324 18.121792 0.002578
1608633248.076324 18.120461 0.002574
1608633248.208324 18.119727 0.002579
1608633248.307324 18.121453 0.002578
1608633248.406325 18.121095 0.002579
1608633248.505325 18.124570 0.002579
1608633248.604325 18.124953 0.002577
1608633248.670325 18.123225 0.002579
1608633248.736326 18.122214 0.002573
1608633248.835326 18.122370 0.002576
1608633248.901326 18.122939 0.002574
1608633249.000326 18.124412 0.002571
1608633249.066326 18.126357 0.002577
1608633249.132326 18.128042 0.002579
1608633249.231327 18.131444 0.002577
1608633249.297327 18.132360 0.002578
1608633249.396327 18.133130 0.002572
1608633249.495327 18.133021 0.002578
1608633249.561327 18.131310 0.002577
1608633249.627328 18.129753 0.002573
1608633249.693328 18.129632 0.002573
1608633249.792328 18.128811 0.002575
1608633249.891328 18.130222 0.002578
1608633249.990329 18.131235 0.002575
1608633250.056329 18.131454 0.002578
1608633250.122329 18.131463 0.002578
1608633250.188329 18.130356 0.002578
1608633250.254329 18.131972 0.002571
1608633250.353329 18.130863 0.002578
1608633250.452329 18.132464 0.002571
1608633250.551330 18.133628 0.002576
1608633250.617330 18.136163 0.002565
1608633250.683330 18.136895 0.002573
1608633250.749330 18.136568 0.002569
1608633250.815330 18.138014 0.002576
1608633250.881330 18.139236 0.002577
1608633250.980331 18.139951 0.002578
1608633251.046331 18.139886 0.002577
1608633251.145331 18.141209 0.002578
1608633251.277331 18.141368 0.002578
1608633251.376332 18.140244 0.002576
1608633251.508332 18.141437 0.002578
1608633251.607332 18.142025 0.002577
1608633251.739333 18.141028 0.002578
1608633251.871333 18.142032 0.002579
1608633251.970333 18.143899 0.002573
1608633252.069333 18.144120 0.002578
1608633252.168334 18.142333 0.002578
1608633252.234334 18.141056 0.002560
1608633252.300334 18.143042 0.002570
1608633252.399334 18.141737 0.002576
1608633252.465334 18.140495 0.002578
1608633252.531334 18.140088 0.002578
1608633252.597335 18.140701 0.002572
1608633252.696335 18.143149 0.002577
1608633252.762335 18.142089 0.002573
1608633252.828335 18.142261 0.002577
1608633252.894335 18.141914 0.002577
1608633252.960335 18.141125 0.002578
1608633253.026335 18.141581 0.002578
1608633253.092336 18.141589 0.002573
1608633253.158336 18.140824 0.002577
1608633253.257336 18.140098 0.002578
1608633253.356336 18.141189 0.002577
1608633253.455336 18.141249 0.002578
1608633253.521337 18.143647 0.002575
1608633253.587337 18.143680 0.002578
1608633253.653337 18.144250 0.002573
1608633253.719337 18.142715 0.002577
1608633253.785337 18.142680 0.002576
1608633253.851337 18.142742 0.002578
1608633253.917338 18.143685 0.002578
1608633253.983338 18.143766 0.002578
1608633254.049338 18.144011 0.002579
1608633254.115338 18.145038 0.002578
1608633254.181338 18.144685 0.002578
1608633254.247339 18.143742 0.002578
1608633254.313339 18.143417 0.002577
1608633254.379339 18.141271 0.002579
1608633254.445339 18.140870 0.002578
1608633254.577339 18.141450 0.002579
1608633254.709340 18.139034 0.002578
1608633254.841340 18.141049 0.002578
1608633254.940340 18.143913 0.002578
1608633255.039340 18.145975 0.002578
1608633255.105340 18.145508 0.002577
1608633255.171340 18.143986 0.002578
1608633255.237341 18.142898 0.002578
1608633255.303341 18.143186 0.002578
1608633255.369341 18.143265 0.002578
1608633255.468341 18.144403 0.002577
1608633255.534341 18.142925 0.002577
1608633255.600342 18.140647 0.002578
1608633255.699342 18.140157 0.002578
1608633255.765342 18.140045 0.002579
1608633255.831342 18.140118 0.002575
1608633255.930342 18.140050 0.002576
1608633256.029343 18.137263 0.002578
1608633256.161343 18.136909 0.002578
1608633256.260343 18.136946 0.002577
1608633256.359343 18.136549 0.002578
1608633256.425344 18.137875 0.002573
1608633256.491344 18.138906 0.002576
1608633256.557344 18.137766 0.002578
1608633256.623344 18.139246 0.002577
1608633256.689344 18.137605 0.002578
1608633256.755344 18.138740 0.002578
1608633256.821345 18.137086 0.002577
1608633256.953345 18.137287 0.002579
1608633257.085345 18.136922 0.002578
1608633257.184345 18.136654 0.002579
1608633257.283346 18.138824 0.002579
1608633257.382346 18.140729 0.002575
1608633257.481346 18.141179 0.002578
1608633257.580346 18.141216 0.002578
1608633257.679347 18.140733 0.002578
1608633257.778347 18.139531 0.002577
1608633257.877347 18.138418 0.002578
1608633257.976347 18.139863 0.002578
1608633258.042347 18.139892 0.002579
1608633258.108348 18.139323 0.002579
1608633258.174348 18.138527 0.002578
1608633258.240348 18.138829 0.002578
1608633258.306348 18.137593 0.002578
1608633258.405348 18.137031 0.002576
1608633258.504349 18.136523 0.002578
1608633258.570349 18.135222 0.002579
1608633258.636349 18.134848 0.002579
1608633258.702349 18.136080 0.002578
1608633258.801349 18.134936 0.002577
1608633258.867349 18.134773 0.002575
1608633258.966350 18.136506 0.002578
1608633259.065350 18.140999 0.002576
1608633259.164350 18.139927 0.002577
1608633259.263350 18.140386 0.002578
1608633259.329350 18.139137 0.002576
1608633259.395350 18.139147 0.002578
1608633259.461351 18.142794 0.002574
1608633259.560351 18.144634 0.002577
1608633259.659351 18.138372 0.002577
1608633259.758351 18.137727 0.002578
1608633259.824352 18.141864 0.002574
1608633259.890352 18.143828 0.002578
1608633259.956352 18.143696 0.002578
1608633260.022352 18.143066 0.002570
1608633260.088352 18.143958 0.002576
1608633260.154352 18.145314 0.002575
1608633260.220352 18.145429 0.002576
1608633260.286353 18.145666 0.002576
1608633260.352353 18.146777 0.002578
1608633260.418353 18.149435 0.002577
1608633260.484353 18.151791 0.002574
1608633260.550354 18.150823 0.002578
1608633260.616354 18.152141 0.002578
1608633260.682354 18.153095 0.002577
1608633260.748354 18.152666 0.002576
1608633260.814354 18.152293 0.002578
1608633260.913354 18.152611 0.002578
1608633261.012354 18.153174 0.002575
1608633261.144355 18.151102 0.002576
1608633261.276355 18.147883 0.002577
1608633261.441355 18.148530 0.002577
1608633261.573356 18.146270 0.002575
1608633261.705356 18.145509 0.002577
1608633261.837356 18.142948 0.002578
1608633261.969357 18.141306 0.002574
1608633262.101357 18.140465 0.002578
1608633262.233357 18.141241 0.002578
1608633262.398358 18.140803 0.002578
1608633262.563358 18.142596 0.002576
1608633262.728359 18.143979 0.002577
1608633262.893359 18.142578 0.002577
1608633263.025359 18.140825 0.002578
1608633263.157360 18.135353 0.002568
1608633263.256360 18.135463 0.002578
1608633263.355360 18.133269 0.002577
1608633263.454360 18.133866 0.002579
1608633263.553360 18.136154 0.002578
1608633263.652361 18.139245 0.002573
1608633263.784361 18.137540 0.002577
1608633263.916361 18.138384 0.002577
1608633264.081362 18.139791 0.002578
1608633264.246362 18.139731 0.002578
1608633264.411363 18.142684 0.002569
1608633264.609363 18.143045 0.002576
1608633264.807363 18.144248 0.002576
1608633264.972364 18.145817 0.002572
1608633265.137364 18.148232 0.002572
1608633265.335365 18.148456 0.002577
1608633265.533365 18.150608 0.002577
1608633265.731366 18.150543 0.002575
1608633265.962366 18.149849 0.002577
1608633266.127366 18.152004 0.002574
1608633266.325367 18.152265 0.002573
1608633266.490367 18.153211 0.002571
1608633266.721368 18.159148 0.002573
1608633266.919369 18.166736 0.002566
1608633267.117369 18.165287 0.002563
1608633267.282370 18.163195 0.002566
1608633267.447370 18.151101 0.002569
1608633267.645370 18.167670 0.002557
1608633267.777371 18.166222 0.002569
1608633267.942371 18.164471 0.002572
1608633268.140372 18.169338 0.002574
1608633268.338372 18.171923 0.002572
1608633268.602373 18.179645 0.002568
1608633268.833373 18.197117 0.002562
1608633269.031374 18.183995 0.002567
1608633269.262374 18.193830 0.002574
1608633269.460375 18.208613 0.002572
1608633269.625375 18.204874 0.002574
1608633269.823375 18.198355 0.002576
1608633270.021376 18.191888 0.002572
1608633270.186376 18.187508 0.002566
1608633270.351377 18.183389 0.002570
1608633270.582377 18.176450 0.002573
1608633270.813378 18.175676 0.002575
1608633271.011378 18.177675 0.002572
1608633271.209379 18.183659 0.002575
1608633271.374379 18.184471 0.002573
1608633271.605380 18.188088 0.002575
1608633271.869380 18.198551 0.002575
1608633272.100381 18.195489 0.002567
1608633272.331382 18.200490 0.002573
1608633272.562382 18.205464 0.002570
1608633272.793382 18.211731 0.002571
1608633273.024383 18.225994 0.002571
1608633273.288384 18.232958 0.002577
1608633273.585384 18.240621 0.002553
1608633273.915385 18.246570 0.002567
1608633274.278386 18.258054 0.002566
1608633274.575387 18.263112 0.002571
1608633274.872387 18.272533 0.002562
1608633275.202388 18.276492 0.002573
1608633275.499389 18.279325 0.002569
1608633275.730390 18.277579 0.002569
1608633276.159390 18.300851 0.002577
1608633276.456391 18.304902 0.002565
1608633276.687392 18.302119 0.002563
1608633276.786392 18.297807 0.002555
1608633276.951392 18.297397 0.002569
1608633277.149393 18.299166 0.002573
1608633277.314393 18.298310 0.002575
1608633277.512393 18.302495 0.002577
1608633277.677394 18.304313 0.002575
1608633285.663413 18.308733 0.002578
1608633285.762413 18.304315 0.002573
1608633285.861413 18.301409 0.002575
1608633286.158414 18.299443 0.002577
1608633286.356415 18.293721 0.002570
1608633286.554415 18.289853 0.002572
1608633286.752415 18.284939 0.002569
1608633286.884416 18.278301 0.002561
1608633287.082416 18.272233 0.002565
1608633287.214417 18.266735 0.002563
1608633287.412417 18.259674 0.002572
1608633287.577417 18.256529 0.002570
1608633287.742418 18.253820 0.002572
1608633287.940418 18.249807 0.002569
1608633288.105419 18.244256 0.002570
1608633288.336419 18.237911 0.002568
1608633288.633420 18.229007 0.002570
1608633288.864421 18.225641 0.002571
1608633289.095421 18.221282 0.002568
1608633289.359422 18.213893 0.002570
1608633289.590422 18.207037 0.002568
1608633289.821423 18.198208 0.002572
1608633290.118423 18.193057 0.002573
1608633290.415424 18.183272 0.002572
1608633290.778425 18.178192 0.002571
1608633291.009426 18.173487 0.002569
1608633291.240426 18.168773 0.002573
1608633291.471427 18.165673 0.002570
1608633291.735427 18.159743 0.002571
1608633292.065428 18.150262 0.002561
1608633292.329429 18.148505 0.002549
1608633292.560429 18.152280 0.002574
1608633292.824430 18.148936 0.002574
1608633292.989430 18.148740 0.002569
1608633293.187431 18.149981 0.002573
1608633293.418431 18.150959 0.002570
1608633293.649432 18.148662 0.002573
1608633293.880432 18.146033 0.002573
1608633294.078433 18.142622 0.002574
1608633294.243433 18.143090 0.002565
1608633294.408434 18.140659 0.002572
1608633294.573434 18.142947 0.002566
1608633294.705434 18.145177 0.002534
1608633294.837435 18.141648 0.002559
1608633294.969435 18.142990 0.002552
1608633295.101435 18.143000 0.002573
1608633295.233436 18.141884 0.002573
1608633295.365436 18.144021 0.002564
1608633295.497436 18.146216 0.002549
1608633295.629437 18.146199 0.002505
1608633295.728437 18.141741 0.002487
1608633295.827437 18.137551 0.002554
1608633295.926437 18.139208 0.002560
1608633296.025437 18.141297 0.002559
1608633296.124438 18.142306 0.002553
1608633296.256438 18.139535 0.002572
1608633296.388438 18.138816 0.002572
1608633296.520438 18.140453 0.002570
1608633296.652439 18.139415 0.002573
1608633296.784439 18.139081 0.002568
1608633296.916440 18.138684 0.002569
1608633297.081440 18.139023 0.002571
1608633297.213440 18.137270 0.002573
1608633297.345441 18.138290 0.002573
1608633297.477441 18.139138 0.002571
1608633297.609441 18.138817 0.002571
1608633297.741441 18.138543 0.002572
1608633297.873442 18.138909 0.002571
1608633298.038442 18.140250 0.002559
1608633298.203442 18.137995 0.002565
1608633298.335443 18.138812 0.002510
1608633298.467443 18.134311 0.002547
1608633298.566443 18.134259 0.002549
1608633298.698444 18.137295 0.002570
1608633298.797444 18.136376 0.002561
1608633298.896444 18.138183 0.002533
1608633298.962444 18.137827 0.002544
1608633299.061445 18.136374 0.002561
1608633299.127445 18.137635 0.002558
1608633299.193445 18.138007 0.002566
1608633299.325445 18.136288 0.002566
1608633299.457445 18.136659 0.002571
1608633299.589446 18.136821 0.002561
1608633299.655446 18.138087 0.002564
1608633299.721446 18.137483 0.002557
1608633299.787446 18.138598 0.002567
1608633299.853446 18.140624 0.002569
1608633299.952447 18.139202 0.002573
1608633300.051447 18.138821 0.002573
1608633300.150447 18.138350 0.002565
1608633300.282447 18.138885 0.002553
1608633300.414448 18.137542 0.002562
1608633300.546448 18.137313 0.002561
1608633300.645448 18.136454 0.002560
1608633300.711449 18.136696 0.002570
1608633300.777449 18.136963 0.002571
1608633300.843449 18.138147 0.002562
1608633300.909449 18.137746 0.002561
1608633300.975449 18.137460 0.002555
1608633301.107449 18.136646 0.002572
1608633301.239450 18.137434 0.002571
1608633301.371450 18.137272 0.002566
1608633301.503450 18.136784 0.002563
1608633301.635451 18.135969 0.002546
1608633301.767451 18.137597 0.002572
1608633301.899451 18.137872 0.002565
1608633302.064452 18.138982 0.002558
1608633302.196452 18.138461 0.002563
1608633302.328452 18.137740 0.002554
1608633302.427452 18.136242 0.002570
1608633302.526453 18.136297 0.002566
1608633302.625453 18.136316 0.002567
1608633302.757453 18.138801 0.002560
1608633302.856454 18.137435 0.002564
1608633302.988454 18.136373 0.002573
1608633303.153454 18.137172 0.002561
1608633303.285455 18.137446 0.002548
1608633303.384455 18.136819 0.002545
1608633303.483455 18.135464 0.002562
1608633303.582455 18.135810 0.002568
1608633303.681456 18.136834 0.002566
1608633303.747456 18.136798 0.002510
1608633303.813456 18.136872 0.002571
1608633303.879456 18.137236 0.002546
1608633303.945456 18.136887 0.002568
1608633304.011456 18.136282 0.002564
1608633304.077456 18.136095 0.002558
1608633304.143456 18.136029 0.002524
1608633304.209457 18.136835 0.002568
1608633304.308457 18.137072 0.002572
1608633304.374457 18.136236 0.002569
1608633304.506457 18.135669 0.002573
1608633304.605458 18.135361 0.002566
1608633304.704458 18.135856 0.002565
1608633304.803458 18.135653 0.002565
1608633304.935459 18.135924 0.002571
1608633305.034459 18.135669 0.002569
1608633305.133459 18.135792 0.002572
1608633305.232459 18.135983 0.002564
1608633305.331459 18.136241 0.002573
1608633305.430460 18.136348 0.002570
1608633305.529460 18.136648 0.002549
1608633305.628460 18.136125 0.002573
1608633305.727460 18.135931 0.002568
1608633305.826461 18.136148 0.002571
1608633305.892461 18.135565 0.002562
1608633305.991461 18.135431 0.002571
1608633306.090461 18.135134 0.002571
1608633306.222461 18.135319 0.002572
1608633306.321462 18.135124 0.002566
1608633306.420462 18.134951 0.002564
1608633306.519462 18.134849 0.002573
1608633306.585463 18.135019 0.002573
1608633306.651463 18.135434 0.002573
1608633306.717463 18.135385 0.002565
1608633306.783463 18.134910 0.002570
1608633306.849463 18.134361 0.002572
1608633306.915463 18.135390 0.002559
1608633306.981463 18.135589 0.002571
1608633307.047463 18.135536 0.002567
1608633307.146464 18.135808 0.002570
1608633307.278464 18.136564 0.002571
1608633307.377464 18.137142 0.002567
1608633307.476465 18.136519 0.002565
1608633307.542465 18.137163 0.002569
1608633307.608465 18.137151 0.002565
1608633307.674465 18.137759 0.002570
1608633307.740465 18.138528 0.002553
1608633307.806465 18.138264 0.002573
1608633307.872465 18.138144 0.002567
1608633307.938466 18.137971 0.002572
1608633308.004466 18.137806 0.002566
1608633308.070466 18.138232 0.002556
1608633308.169466 18.138015 0.002572
1608633308.301467 18.137521 0.002559
1608633308.433467 18.138477 0.002569
1608633308.565467 18.138784 0.002573
1608633308.664468 18.138783 0.002554
1608633308.763468 18.138936 0.002567
1608633308.862468 18.138921 0.002545
1608633308.895468 18.138787 0.002560
1608633308.994468 18.139212 0.002568
1608633309.093468 18.139136 0.002568
1608633309.159469 18.138542 0.002570
1608633309.225469 18.138688 0.002573
1608633309.291469 18.138561 0.002565
1608633309.357469 18.138416 0.002569
1608633309.423469 18.138125 0.002565
1608633309.489469 18.138297 0.002563
1608633309.555470 18.138079 0.002573
1608633309.621470 18.138323 0.002570
1608633309.687470 18.138646 0.002572
1608633309.753470 18.138310 0.002559
1608633309.819470 18.138368 0.002563
1608633309.885470 18.138201 0.002566
1608633309.984471 18.138354 0.002569
1608633310.083471 18.138124 0.002553
1608633310.182471 18.138124 0.002566
1608633310.248471 18.138201 0.002560
1608633310.314471 18.138588 0.002571
1608633310.413471 18.138408 0.002572
1608633310.512472 18.137830 0.002564
1608633310.611472 18.137186 0.002569
1608633310.743472 18.137141 0.002559
1608633310.842473 18.136396 0.002568
1608633310.941473 18.136647 0.002569
1608633311.040473 18.136627 0.002557
1608633311.172473 18.137092 0.002554
1608633311.271474 18.135710 0.002549
1608633311.370474 18.134811 0.002572
1608633311.502474 18.135127 0.002568
1608633311.634475 18.135288 0.002573
1608633311.766475 18.135414 0.002571
1608633311.898475 18.135173 0.002573
1608633312.030475 18.134656 0.002560
1608633312.129476 18.134277 0.002572
1608633312.228476 18.134670 0.002549
1608633312.327476 18.135158 0.002563
1608633312.426476 18.134648 0.002560
1608633312.525477 18.134470 0.002572
1608633312.624477 18.134570 0.002556
1608633312.723477 18.134792 0.002569
1608633312.822477 18.134174 0.002543
1608633312.888477 18.133870 0.002564
1608633312.954478 18.133867 0.002562
1608633313.020478 18.133134 0.002566
1608633313.086478 18.132402 0.002559
1608633313.152478 18.131740 0.002571
1608633313.218478 18.134644 0.002570
1608633313.284478 18.134034 0.002567
1608633313.350479 18.133877 0.002563
1608633313.416479 18.132996 0.002559
1608633313.482479 18.132702 0.002567
1608633313.548479 18.131706 0.002566
1608633313.614479 18.131309 0.002554
1608633313.680479 18.130717 0.002556
1608633313.746479 18.130795 0.002570
1608633313.845480 18.131232 0.002568
1608633313.944480 18.130940 0.002570
1608633314.010480 18.130429 0.002569
1608633314.076480 18.129488 0.002566
1608633314.142480 18.130236 0.002557
1608633314.208481 18.130476 0.002568
1608633314.307481 18.130655 0.002573
1608633314.439481 18.131498 0.002564
1608633314.571481 18.132682 0.002568
1608633314.670482 18.132501 0.002569
1608633314.769482 18.132587 0.002573
1608633314.835482 18.132296 0.002568
1608633314.934482 18.131964 0.002567
1608633315.000482 18.130815 0.002567
1608633315.099483 18.133301 0.002569
1608633315.231483 18.133940 0.002572
1608633315.363483 18.134460 0.002561
1608633315.462483 18.135216 0.002565
1608633315.561484 18.135776 0.002568
1608633315.627484 18.135587 0.002554
1608633315.693484 18.135332 0.002543
1608633315.759484 18.134754 0.002568
1608633315.825484 18.135189 0.002566
1608633315.924484 18.135798 0.002573
1608633316.023485 18.137073 0.002570
1608633316.089485 18.136685 0.002559
1608633316.155485 18.138754 0.002562
1608633316.221485 18.137786 0.002573
1608633316.287485 18.138536 0.002572
1608633316.353485 18.139535 0.002570
1608633316.419486 18.140944 0.002569
1608633316.518486 18.142854 0.002571
1608633316.617486 18.144245 0.002572
1608633316.716486 18.145656 0.002569
1608633316.848487 18.145954 0.002571
1608633316.980487 18.144849 0.002558
1608633317.145487 18.145084 0.002572
1608633317.277488 18.146385 0.002565
1608633317.409488 18.147620 0.002554
1608633317.541488 18.149661 0.002567
1608633317.706489 18.152510 0.002559
1608633317.838489 18.153182 0.002551
1608633317.970489 18.153051 0.002569
1608633318.069489 18.152723 0.002553
1608633318.168490 18.153625 0.002569
1608633318.267490 18.156048 0.002570
1608633318.366490 18.157125 0.002555
1608633318.465490 18.157892 0.002556
1608633318.564491 18.157299 0.002560
1608633318.663491 18.159335 0.002560
1608633318.729491 18.159726 0.002561
1608633318.795491 18.160860 0.002566
1608633318.894491 18.162041 0.002568
1608633318.993492 18.164525 0.002572
1608633319.059492 18.164165 0.002562
1608633319.158492 18.164800 0.002567
1608633319.224492 18.164842 0.002572
1608633319.290493 18.165250 0.002570
1608633319.389493 18.166121 0.002564
1608633319.455493 18.166332 0.002532
1608633319.554493 18.166615 0.002570
1608633319.653493 18.166961 0.002561
1608633319.752494 18.168016 0.002569
1608633319.851494 18.168267 0.002569
1608633319.950494 18.169527 0.002566
1608633320.049494 18.169879 0.002559
1608633320.148494 18.170054 0.002568
1608633320.247495 18.171862 0.002563
1608633320.313495 18.172657 0.002568
1608633320.379495 18.172929 0.002571
1608633320.445495 18.173393 0.002566
1608633320.511495 18.173331 0.002569
1608633320.577496 18.173786 0.002571
1608633320.643496 18.173300 0.002563
1608633320.709496 18.173886 0.002557
1608633320.808496 18.173639 0.002562
1608633320.907496 18.172025 0.002563
1608633321.006496 18.173238 0.002566
1608633321.105497 18.172584 0.002563
1608633321.204497 18.171331 0.002553
1608633321.303497 18.171424 0.002572
1608633321.402497 18.172089 0.002569
1608633321.501498 18.171766 0.002573
1608633321.600498 18.170030 0.002570
1608633321.699498 18.169710 0.002567
1608633321.798498 18.169091 0.002559
1608633321.897499 18.169170 0.002563
1608633321.996499 18.168544 0.002568
1608633322.095499 18.168297 0.002560
1608633322.194499 18.167041 0.002554
1608633322.260499 18.167019 0.002565
1608633322.326500 18.167894 0.002559
1608633322.392500 18.167586 0.002572
1608633322.458500 18.168033 0.002567
1608633322.524500 18.167311 0.002569
1608633322.590500 18.166433 0.002568
1608633322.656501 18.166614 0.002551
1608633322.755501 18.166180 0.002571
1608633322.854501 18.166251 0.002572
1608633322.953501 18.167129 0.002547
1608633323.052501 18.167074 0.002565
1608633323.151502 18.166142 0.002571
1608633323.217502 18.167121 0.002554
1608633323.283502 18.166221 0.002516
1608633323.349502 18.164671 0.002559
1608633323.415502 18.165582 0.002559
1608633323.481503 18.166458 0.002572
1608633323.547503 18.168272 0.002566
1608633323.613503 18.170101 0.002564
1608633323.679503 18.170754 0.002555
1608633323.745503 18.170208 0.002571
1608633323.811503 18.171322 0.002564
1608633323.877503 18.173534 0.002570
1608633323.943503 18.173179 0.002557
1608633324.009504 18.172814 0.002524
1608633324.075504 18.171509 0.002564
1608633324.174504 18.172203 0.002569
1608633324.273504 18.175260 0.002571
1608633324.372504 18.178458 0.002528
1608633324.471505 18.181295 0.002558
1608633324.537505 18.185103 0.002566
1608633324.603505 18.187917 0.002568
1608633324.702505 18.192936 0.002537
1608633324.801506 18.197844 0.002570
1608633324.900506 18.203982 0.002562
1608633324.966506 18.206853 0.002560
1608633325.032506 18.211577 0.002567
1608633325.098506 18.214606 0.002553
1608633325.164506 18.214569 0.002571
1608633325.263507 18.219329 0.002569
1608633325.329507 18.223903 0.002544
1608633325.428507 18.231629 0.002564
1608633325.494507 18.236085 0.002555
1608633325.560507 18.238120 0.002562
1608633325.626508 18.242529 0.002558
1608633325.692508 18.248600 0.002568
1608633325.791508 18.255296 0.002557
1608633325.890508 18.261434 0.002562
1608633326.022508 18.272477 0.002568
1608633326.154509 18.279388 0.002554
1608633326.286509 18.288866 0.002559
1608633326.451509 18.304316 0.002559
1608633326.583510 18.312593 0.002515
1608633326.715510 18.321919 0.002549
1608633326.847511 18.327586 0.002552
1608633326.979511 18.328948 0.002529
1608633327.111511 18.334185 0.002552
1608633327.243511 18.341199 0.002540
1608633327.375512 18.346729 0.002548
1608633327.540512 18.357990 0.002532
1608633327.672512 18.369295 0.002544
1608633327.771513 18.375026 0.002544
1608633327.870513 18.384817 0.002554
1608633327.969513 18.390258 0.002550
1608633328.068513 18.400981 0.002561
1608633328.167514 18.416387 0.002570
1608633328.299514 18.432447 0.002557
1608633328.431514 18.452026 0.002562
1608633328.563515 18.471020 0.002556
1608633328.695515 18.498836 0.002553
1608633328.827515 18.530618 0.002546
1608633328.959515 18.557687 0.002558
1608633329.124516 18.584406 0.002554
1608633329.322516 18.606734 0.002557
1608633329.520517 18.628960 0.002551
1608633329.784517 18.647037 0.002531
1608633330.048518 18.657704 0.002541
1608633330.279518 18.658801 0.002527
1608633330.477519 18.656607 0.002519
1608633330.675519 18.653185 0.002529
1608633330.906520 18.648093 0.002537
1608633331.203521 18.644201 0.002532
1608633331.467521 18.634096 0.002475
1608633331.731522 18.626472 0.002543
1608633331.962523 18.619972 0.002562
1608633332.160523 18.614991 0.002560
1608633332.325523 18.603347 0.002535
1608633332.490524 18.599022 0.002557
1608633332.622524 18.594426 0.002567
1608633332.754524 18.592562 0.002557
1608633332.886525 18.590370 0.002567
1608633333.018525 18.587198 0.002570
1608633333.183525 18.586957 0.002570
1608633333.348526 18.585805 0.002570
1608633333.546526 18.584978 0.002568
1608633333.711527 18.584525 0.002566
1608633333.876527 18.586616 0.002559
1608633334.041528 18.587432 0.002569
1608633334.206528 18.587997 0.002540
1608633334.404528 18.584911 0.002561
1608633334.635529 18.582831 0.002558
1608633334.899530 18.585841 0.002570
1608633335.163530 18.585297 0.002565
1608633335.361531 18.583702 0.002564
1608633335.526531 18.582685 0.002570
1608633335.658531 18.581721 0.002559
1608633335.856532 18.579043 0.002553
1608633336.120533 18.576420 0.002563
1608633336.384533 18.574493 0.002561
1608633336.615534 18.570822 0.002555
1608633336.879534 18.569847 0.002541
1608633337.143535 18.568216 0.002557
1608633337.407536 18.567230 0.002558
1608633337.605536 18.566947 0.002554
1608633337.803536 18.568256 0.002563
1608633338.001537 18.571944 0.002561
1608633338.199538 18.572801 0.002560
1608633338.496538 18.577569 0.002569
1608633338.694539 18.578730 0.002567
1608633338.859539 18.580038 0.002569
1608633338.991539 18.579988 0.002569
1608633357.999584 18.576485 0.002572
1608633358.593586 18.573106 0.002572
1608633358.791586 18.569342 0.002562
1608633358.956587 18.567632 0.002565
1608633359.154587 18.567270 0.002561
1608633359.385588 18.564863 0.002563
1608633359.583588 18.564890 0.002570
1608633359.847589 18.563475 0.002571
1608633360.144589 18.564807 0.002570
1608633360.408590 18.566982 0.002569
1608633360.672590 18.567561 0.002558
1608633360.936591 18.565173 0.002551
1608633361.167592 18.563345 0.002549
1608633361.464592 18.562496 0.002560
1608633361.695593 18.561542 0.002560
1608633361.926594 18.560028 0.002552
1608633362.190594 18.562167 0.002571
1608633362.388595 18.558441 0.002525
1608633362.619595 18.562461 0.002551
1608633362.817596 18.563059 0.002571
1608633363.015596 18.564955 0.002568
1608633363.213597 18.563532 0.002551
1608633363.378597 18.562446 0.002561
1608633363.510597 18.559138 0.002555
1608633363.708598 18.558821 0.002549
1608633363.873598 18.557732 0.002534
1608633364.038598 18.554042 0.002553
1608633364.203599 18.551586 0.002557
1608633364.368599 18.549568 0.002549
1608633364.533600 18.550497 0.002553
1608633364.665600 18.548636 0.002551
1608633364.830601 18.544331 0.002548
1608633365.028601 18.542703 0.002547
1608633365.226601 18.543216 0.002535
1608633365.391602 18.541679 0.002568
1608633365.556602 18.539365 0.002541
1608633365.721603 18.536239 0.002550
1608633365.886603 18.535285 0.002553
1608633366.018603 18.533961 0.002557
1608633366.150604 18.535586 0.002550
1608633366.282604 18.534799 0.002558
1608633366.414604 18.532786 0.002547
1608633366.513604 18.534340 0.002560
1608633366.579604 18.533130 0.002552
1608633366.645605 18.531644 0.002546
1608633366.777605 18.529570 0.002560
1608633366.909605 18.526665 0.002549
1608633367.041606 18.525176 0.002551
1608633367.173606 18.523365 0.002551
1608633367.305606 18.518851 0.002547
1608633367.404607 18.518306 0.002555
1608633367.503607 18.517320 0.002546
1608633367.635607 18.512175 0.002546
1608633367.800607 18.507524 0.002540
1608633367.965608 18.505900 0.002553
1608633368.097608 18.503211 0.002545
1608633368.229609 18.500124 0.002545
1608633368.361609 18.497420 0.002539
1608633368.493609 18.494818 0.002523
1608633368.625609 18.493107 0.002558
1608633368.724610 18.489974 0.002553
1608633368.856610 18.486773 0.002550
1608633368.988610 18.486273 0.002571
1608633369.120610 18.486194 0.002571
1608633369.252611 18.482943 0.002546
1608633369.384611 18.479888 0.002550
1608633369.516612 18.475093 0.002534
1608633369.648612 18.471580 0.002536
1608633369.780612 18.468160 0.002536
1608633369.912612 18.468795 0.002568
1608633370.044613 18.463312 0.002549
1608633370.176613 18.460262 0.002547
1608633370.308613 18.459171 0.002558
1608633370.407614 18.458260 0.002554
1608633370.506614 18.455638 0.002561
1608633370.572614 18.454736 0.002545
1608633370.671614 18.452845 0.002565
1608633370.803614 18.450215 0.002560
1608633370.902615 18.448869 0.002556
1608633371.001615 18.448044 0.002559
1608633371.133615 18.444295 0.002556
1608633371.265616 18.440167 0.002525
1608633371.364616 18.439489 0.002558
1608633371.463616 18.438393 0.002566
1608633371.562616 18.437188 0.002565
1608633371.694617 18.433421 0.002553
1608633371.793617 18.431734 0.002531
1608633371.892617 18.429863 0.002546
1608633371.991617 18.428311 0.002562
1608633372.123618 18.426143 0.002565
1608633372.222618 18.423843 0.002558
1608633372.354618 18.420574 0.002559
1608633372.453619 18.419257 0.002550
1608633372.552619 18.418337 0.002563
1608633372.651619 18.418091 0.002548
1608633372.750619 18.416301 0.002568
1608633372.849619 18.413366 0.002552
1608633372.948620 18.412323 0.002561
1608633373.047620 18.412073 0.002566
1608633373.146620 18.410752 0.002564
1608633373.278620 18.407523 0.002544
1608633373.410621 18.404900 0.002558
1608633373.575621 18.402477 0.002559
1608633373.740622 18.400267 0.002557
1608633373.872622 18.397784 0.002559
1608633374.004622 18.395818 0.002557
1608633374.136622 18.393157 0.002556
1608633374.268623 18.391008 0.002561
1608633374.367623 18.390328 0.002552
1608633374.466623 18.389304 0.002540
1608633374.565623 18.387600 0.002550
1608633374.664623 18.386531 0.002561
1608633374.796624 18.384933 0.002553
1608633374.928624 18.383942 0.002554
1608633375.060625 18.381081 0.002546
1608633375.192625 18.378371 0.002554
1608633375.291625 18.376395 0.002556
1608633375.423625 18.376825 0.002568
1608633375.522626 18.374787 0.002565
1608633375.621626 18.373624 0.002566
1608633375.720626 18.373478 0.002566
1608633375.786626 18.373183 0.002567
1608633375.852626 18.372567 0.002568
1608633375.918627 18.371822 0.002569
1608633376.050627 18.370194 0.002562
1608633376.182627 18.367264 0.002560
1608633376.347628 18.364205 0.002554
1608633376.446628 18.362658 0.002560
1608633376.545628 18.361449 0.002564
1608633376.677629 18.361511 0.002569
1608633376.809629 18.359286 0.002563
1608633376.941629 18.356711 0.002561
1608633377.040629 18.356046 0.002557
1608633377.139630 18.352748 0.002561
1608633377.271630 18.350113 0.002558
1608633377.436630 18.347376 0.002541
1608633377.568631 18.344274 0.002546
1608633377.700631 18.342370 0.002554
1608633377.832631 18.340283 0.002553
1608633377.964632 18.338246 0.002556
1608633378.096632 18.337724 0.002553
1608633378.228632 18.336324 0.002559
1608633378.327632 18.335562 0.002507
1608633378.459633 18.334372 0.002555
1608633378.591633 18.333460 0.002534
1608633378.690633 18.332915 0.002559
1608633378.789634 18.332709 0.002569
1608633378.888634 18.332368 0.002552
1608633378.987634 18.331306 0.002565
1608633379.086634 18.330772 0.002548
1608633379.218635 18.330345 0.002557
1608633379.350635 18.329690 0.002566
1608633379.515635 18.328882 0.002560
1608633379.713636 18.326825 0.002564
1608633379.878636 18.326155 0.002557
1608633380.043637 18.323701 0.002549
1608633380.208637 18.321330 0.002555
1608633380.373637 18.319010 0.002564
1608633380.538638 18.317726 0.002560
1608633380.703638 18.317776 0.002565
1608633380.868639 18.319081 0.002565
1608633381.033639 18.318175 0.002556
1608633381.165639 18.316661 0.002522
1608633381.330640 18.314887 0.002548
1608633381.495640 18.312822 0.002560
1608633381.660640 18.309524 0.002558
1608633381.825641 18.307400 0.002538
1608633381.957641 18.305293 0.002555
1608633382.122641 18.302683 0.002561
1608633382.287642 18.300568 0.002555
1608633382.452642 18.298192 0.002554
1608633382.617643 18.296102 0.002556
1608633382.815643 18.295350 0.002565
1608633383.013644 18.295147 0.002562
1608633383.178644 18.295308 0.002550
1608633383.343644 18.295632 0.002564
1608633383.508645 18.297808 0.002562
1608633383.706645 18.297747 0.002552
1608633383.904646 18.296915 0.002560
1608633384.102646 18.295086 0.002561
1608633384.333647 18.294900 0.002560
1608633384.531647 18.295940 0.002558
1608633384.762648 18.296421 0.002540
1608633384.993648 18.296647 0.002545
1608633385.290649 18.296842 0.002561
1608633385.587650 18.295702 0.002564
1608633385.818650 18.296475 0.002554
1608633386.115651 18.300266 0.002569
1608633386.346652 18.302860 0.002552
1608633386.544652 18.307570 0.002560
1608633386.775653 18.311364 0.002563
1608633386.973653 18.308572 0.002545
1608633387.237654 18.305257 0.002546
1608633387.534654 18.305393 0.002553
1608633387.930655 18.303147 0.002555
1608633388.227656 18.301133 0.002557
1608633388.491657 18.299352 0.002562
1608633388.788657 18.298235 0.002562
1608633389.118658 18.301574 0.002562
1608633389.382658 18.302462 0.002556
1608633389.646659 18.303746 0.002566
1608633389.910660 18.306511 0.002564
1608633390.207660 18.308058 0.002569
1608633390.471661 18.308615 0.002569
1608633390.702662 18.310515 0.002563
1608633390.966662 18.313009 0.002562
1608633391.263663 18.315014 0.002566
1608633391.527664 18.315703 0.002571
1608633391.857665 18.316715 0.002570
1608633392.154665 18.318430 0.002571
1608633392.451666 18.320614 0.002571
1608633392.682667 18.321003 0.002566
1608633393.045667 18.323809 0.002571
1608633394.299670 18.331016 0.002571
1608633394.530671 18.330668 0.002564
1608633445.911793 18.329258 0.002572
1608633446.340794 18.329150 0.002571
1608633446.571794 18.328849 0.002568
1608633446.835795 18.328932 0.002571
1608633447.198796 18.328637 0.002571
1608633447.330796 18.328153 0.002559
1608633448.122798 18.328272 0.002572
1608633448.452799 18.327738 0.002571
1608633448.716799 18.327584 0.002571
1608633449.442801 18.325472 0.002569
1608633450.498803 18.320586 0.002570
1608633450.729804 18.318373 0.002550
1608633450.960805 18.317180 0.002552
1608633451.356806 18.312133 0.002558
1608633451.686806 18.309648 0.002559
1608633452.181807 18.307170 0.002558
1608633452.478808 18.306431 0.002507
1608633452.808809 18.304218 0.002544
1608633453.105810 18.303799 0.002562
1608633453.402810 18.302224 0.002569
1608633453.732811 18.304128 0.002519
1608633454.029812 18.302216 0.002544
1608633454.326813 18.300071 0.002545
1608633454.623813 18.298538 0.002534
1608633454.920814 18.296452 0.002519
1608633455.184815 18.293183 0.002557
1608633455.448815 18.292656 0.002539
1608633455.679816 18.290940 0.002569
1608633455.811816 18.290020 0.002568
1608633455.910816 18.289789 0.002548
1608633456.042816 18.289118 0.002554
1608633456.174817 18.288307 0.002528
1608633456.405817 18.287162 0.002560
1608633456.636818 18.284875 0.002567
1608633456.834818 18.283949 0.002567
1608633457.032819 18.282763 0.002551
1608633457.263819 18.283034 0.002569
1608633457.494820 18.283135 0.002550
1608633457.692821 18.283518 0.002558
1608633457.890821 18.284114 0.002545
1608633458.088821 18.284230 0.002553
1608633458.286822 18.284124 0.002523
1608633458.451822 18.284788 0.002554
1608633458.583822 18.284514 0.002544
1608633458.682823 18.284689 0.002522
1608633458.814823 18.284816 0.002518
1608633458.946823 18.285135 0.002563
1608633459.078824 18.285755 0.002564
1608633459.210824 18.285599 0.002561
1608633459.342824 18.285869 0.002556
1608633459.441824 18.286464 0.002563
1608633459.540825 18.286313 0.002563
1608633459.639825 18.286600 0.002554
1608633459.771825 18.287219 0.002530
1608633459.903826 18.287977 0.002554
1608633460.035826 18.288219 0.002555
1608633460.167826 18.288482 0.002538
1608633460.299827 18.288569 0.002555
1608633460.431827 18.288936 0.002548
1608633460.563827 18.288603 0.002541
1608633460.695827 18.289048 0.002552
1608633460.794828 18.288973 0.002556
1608633460.860828 18.289908 0.002556
1608633460.959828 18.289100 0.002557
1608633461.091829 18.288479 0.002552
1608633461.256829 18.288942 0.002553
1608633461.388829 18.288373 0.002548
1608633461.553830 18.287646 0.002539
1608633461.652830 18.287300 0.002517
1608633461.718830 18.287892 0.002557
1608633461.817830 18.288058 0.002536
1608633461.949830 18.286970 0.002534
1608633462.081831 18.287132 0.002553
1608633462.246831 18.286515 0.002548
1608633462.411832 18.286670 0.002553
1608633462.543832 18.286315 0.002550
1608633462.675832 18.286141 0.002552
1608633462.840833 18.285553 0.002552
1608633463.005833 18.285927 0.002554
1608633463.170833 18.285973 0.002550
1608633463.302834 18.285598 0.002541
1608633463.434834 18.285227 0.002550
1608633463.599834 18.285168 0.002540
1608633463.731835 18.285562 0.002551
1608633463.863835 18.285252 0.002550
1608633463.995835 18.285123 0.002551
1608633464.127836 18.284925 0.002552
1608633464.259836 18.284921 0.002549
1608633464.358836 18.284677 0.002551
1608633464.490836 18.284535 0.002552
1608633464.622837 18.284392 0.002552
1608633464.721837 18.284146 0.002546
1608633464.820837 18.283961 0.002546
1608633464.919837 18.283724 0.002549
1608633465.018838 18.283918 0.002526
1608633465.084838 18.284011 0.002511
1608633465.183838 18.283981 0.002544
1608633465.282839 18.283303 0.002551
1608633465.348839 18.283494 0.002548
1608633465.414839 18.283477 0.002549
1608633465.480839 18.283110 0.002552
1608633465.546839 18.283130 0.002547
1608633465.612839 18.282603 0.002549
1608633465.678839 18.282789 0.002550
1608633465.744839 18.282648 0.002507
1608633465.810840 18.282558 0.002543
1608633465.876840 18.282503 0.002542
1608633465.942840 18.282668 0.002543
1608633466.008840 18.282712 0.002550
1608633466.074840 18.282715 0.002551
1608633466.140841 18.282685 0.002548
1608633466.206841 18.282306 0.002551
1608633466.272841 18.282258 0.002529
1608633466.338841 18.282265 0.002539
1608633466.404841 18.281538 0.002548
1608633466.470841 18.281333 0.002546
1608633466.536841 18.281159 0.002551
1608633466.635842 18.280969 0.002535
1608633466.701842 18.280776 0.002540
1608633466.800842 18.280119 0.002549
1608633466.899842 18.279434 0.002543
1608633466.998843 18.279505 0.002545
1608633467.064843 18.280247 0.002547
1608633467.130843 18.279721 0.002547
1608633467.229843 18.279325 0.002547
1608633467.295843 18.279648 0.002533
1608633467.394844 18.279256 0.002544
1608633467.493844 18.278897 0.002547
1608633467.592844 18.278719 0.002546
1608633467.691844 18.278633 0.002550
1608633467.790844 18.278236 0.002550
1608633467.889845 18.277777 0.002543
1608633467.955845 18.277666 0.002537
1608633468.054845 18.277566 0.002551
1608633468.153845 18.277243 0.002549
1608633468.219845 18.277184 0.002527
1608633468.318846 18.276966 0.002539
1608633468.417846 18.276733 0.002544
1608633468.516846 18.276142 0.002548
1608633468.615846 18.276445 0.002547
1608633468.747847 18.276417 0.002540
1608633468.879847 18.275728 0.002532
1608633468.978847 18.274916 0.002518
1608633469.077847 18.274525 0.002469
1608633469.176848 18.273741 0.002547
1608633469.275848 18.274157 0.002538
1608633469.374848 18.274204 0.002545
1608633469.473848 18.273983 0.002546
1608633469.572849 18.274152 0.002547
1608633469.704849 18.273853 0.002535
1608633469.836849 18.273639 0.002536
1608633469.968850 18.273691 0.002550
1608633470.067850 18.273551 0.002534
1608633470.166850 18.273458 0.002547
1608633470.265850 18.273343 0.002549
1608633470.364851 18.273100 0.002550
1608633470.463851 18.272432 0.002550
1608633470.595851 18.272564 0.002547
1608633470.727852 18.272511 0.002527
1608633470.859852 18.271532 0.002538
1608633470.991852 18.270582 0.002539
1608633471.123852 18.270150 0.002526
1608633471.222853 18.270466 0.002523
1608633471.321853 18.270217 0.002546
1608633471.420853 18.269923 0.002538
1608633471.552854 18.270031 0.002524
1608633471.651854 18.270658 0.002540
1608633471.717854 18.270823 0.002537
1608633471.783854 18.270524 0.002547
1608633471.849854 18.270407 0.002547
1608633471.948854 18.270508 0.002548
1608633472.014855 18.270478 0.002545
1608633472.113855 18.270698 0.002537
1608633472.179855 18.270628 0.002549
1608633472.245855 18.270660 0.002541
1608633472.344855 18.270718 0.002548
1608633472.476856 18.270506 0.002534
1608633472.608856 18.270334 0.002521
1608633472.740856 18.269135 0.002531
1608633472.872857 18.269600 0.002543
1608633473.004857 18.270215 0.002517
1608633473.136857 18.270526 0.002523
1608633473.268858 18.271074 0.002534
1608633473.400858 18.270240 0.002549
1608633473.499858 18.269932 0.002541
1608633473.598858 18.270237 0.002545
1608633473.697859 18.270519 0.002549
1608633473.796859 18.270136 0.002545
1608633473.895859 18.270624 0.002548
1608633473.994859 18.271029 0.002537
1608633474.126859 18.271161 0.002526
1608633474.291860 18.270427 0.002547
1608633474.423860 18.270239 0.002546
1608633474.555861 18.270293 0.002547
1608633474.687861 18.269998 0.002526
1608633474.819861 18.270974 0.002544
1608633474.951862 18.270467 0.002537
1608633475.116862 18.269215 0.002474
1608633475.314862 18.268335 0.002510
1608633475.446863 18.267747 0.002516
1608633475.611863 18.268421 0.002546
1608633475.809864 18.267966 0.002550
1608633475.941864 18.267398 0.002511
1608633476.106864 18.267600 0.002545
1608633476.238865 18.267678 0.002548
1608633476.403865 18.266499 0.002542
1608633476.535865 18.265520 0.002539
1608633476.700866 18.264955 0.002543
1608633476.799866 18.264016 0.002531
1608633476.964866 18.263975 0.002526
1608633477.096867 18.263527 0.002548
1608633477.228867 18.263854 0.002540
1608633477.327867 18.263359 0.002531
1608633477.459867 18.262837 0.002510
1608633477.591868 18.262994 0.002547
1608633477.723868 18.262710 0.002549
1608633477.855868 18.262613 0.002522
1608633477.987869 18.262104 0.002524
1608633478.119869 18.262194 0.002535
1608633478.251869 18.261504 0.002547
1608633478.383870 18.259806 0.002541
1608633478.449870 18.260151 0.002519
1608633478.581870 18.259192 0.002544
1608633478.746871 18.258286 0.002536
1608633478.878871 18.258866 0.002546
1608633479.076871 18.258390 0.002541
1608633479.175871 18.259374 0.002549
1608633479.307872 18.258399 0.002522
1608633479.373872 18.258275 0.002536
1608633479.472872 18.257118 0.002545
1608633479.604872 18.256740 0.002527
1608633479.736873 18.255466 0.002532
1608633479.868873 18.254438 0.002523
1608633480.000874 18.254706 0.002548
1608633480.132874 18.254821 0.002540
1608633480.264874 18.256015 0.002549
1608633480.363874 18.256001 0.002545
1608633480.462875 18.255162 0.002528
1608633480.594875 18.254763 0.002530
1608633480.726875 18.255419 0.002537
1608633480.825876 18.256498 0.002517
1608633480.891876 18.256024 0.002545
1608633480.990876 18.255758 0.002540
1608633481.056876 18.255467 0.002532
1608633481.122876 18.255952 0.002544
1608633481.221876 18.255105 0.002548
1608633481.320877 18.254741 0.002546
1608633481.419877 18.253750 0.002539
1608633481.518877 18.253532 0.002547
1608633481.617877 18.253058 0.002546
1608633481.716877 18.252440 0.002538
1608633481.815878 18.251718 0.002529
1608633481.881878 18.251606 0.002497
1608633481.980878 18.250313 0.002531
1608633482.046879 18.250892 0.002521
1608633482.145879 18.249871 0.002545
1608633482.244879 18.249821 0.002537
1608633482.310879 18.249456 0.002534
1608633482.376879 18.248615 0.002539
1608633482.442879 18.248340 0.002544
1608633482.541880 18.247827 0.002526
1608633482.640880 18.246872 0.002530
1608633482.706880 18.246159 0.002534
1608633482.772880 18.246209 0.002533
1608633482.871880 18.245470 0.002542
1608633482.937881 18.244874 0.002538
1608633483.036881 18.244841 0.002543
1608633483.135881 18.243450 0.002547
1608633483.234881 18.242724 0.002533
1608633483.333881 18.242513 0.002525
1608633483.432882 18.241670 0.002546
1608633483.531882 18.241018 0.002543
1608633483.597882 18.241082 0.002537
1608633483.696882 18.240645 0.002537
1608633483.795882 18.240128 0.002541
1608633483.894883 18.239266 0.002542
1608633483.993883 18.238012 0.002538
1608633484.092883 18.237902 0.002546
1608633484.191884 18.237974 0.002528
1608633484.290884 18.237156 0.002547
1608633484.389884 18.235921 0.002544
1608633484.488884 18.235124 0.002536
1608633484.554884 18.234932 0.002488
1608633484.653884 18.234256 0.002524
