DelayedMarginalization 0.00144831 8.47935e-07 0.0132036 1447
DelayedMarginalizationOnly 0.000679329 3.85073e-07 0.00646957 1447
EF-marginalizeFrame 0.00182355 8.83921e-07 0.0136786 1447
FullSystem::trackNewCoarse 0.00510265 1.41545e-05 0.0359977 8478
FullSystem::trackNewCoarseNoIMU 0.0017313 6.51788e-07 0.00600699 194
FullSystemOptimize 0.151277 0.000416435 0.226993 1453
GraphUnrolling 0.0166876 -nan 0.0166876 1
IMUInitAddPose 3.35261e-05 9.53682e-10 0.000860378 1453
IMUInitOptimize 0.0397651 0.000393055 0.0811443 19
IMUIntegration::finishKeyframeOperations 5.18103e-05 2.28379e-09 0.00097111 1429
InitializerFirstFrame 0.0327621 -nan 0.0327621 1
InitializerOtherFrames 0.0339057 0.000453349 0.0863453 72
MainMarginalization 0.00163966 8.62522e-07 0.0133908 1447
MarginalizationReplacementBuildGraph 0.00233761 -nan 0.00233761 1
MarginalizeMainGraph 0.000768215 3.56318e-07 0.00834374 1447
PGBA 0.137423 -nan 0.137423 1
PGBAFull 0.0710515 0.00980677 0.141076 2
PrepareGraphForMainOptimization 0.0167502 -nan 0.0167502 1
VisualMarginalization 2.73618e-05 1.18538e-09 0.000912059 1447
activatePointsMT 0.00445826 4.79684e-06 0.0136092 1453
addActiveFrame 0.0390037 0.00426013 0.349292 8745
addIMUData 0.00111827 1.62538e-06 0.0178949 8478
addIMUDataToBA 0.000106035 8.15728e-09 0.00188696 8744
addKeyframeToBA 4.97965e-05 2.69658e-10 0.00034521 1453
afterCoarseTracking 4.39942e-07 1.40542e-10 0.00110378 8672
baIteration 0.0244331 3.64476e-05 0.06002 8432
baMatrixInversion 0.000172241 1.08489e-08 0.00283305 8432
baUpdateBuildHessians 0.000622303 3.57334e-07 0.0110574 8432
coarseTrackingIteration 0.00060281 9.45628e-07 0.0111118 55273
computeBAUpdate 0.000899664 3.84747e-07 0.0113233 8432
computeCoarseUpdate 0.000340076 5.96697e-07 0.00909989 54101
computeFactorForCoarseGraphAndMarginalCovariances 0.00239568 8.67332e-07 0.0119223 1429
convertHAndBFromDSO 0.000104977 3.1055e-09 0.00224679 14208
debugPlot 9.39628e-08 5.7419e-15 1.092e-06 1453
debugPlotIDepthMap 3.94222e-07 2.01011e-14 1.451e-06 1453
debugPlotIDepthMapFloat 3.58431e-08 3.39339e-15 2.074e-06 1453
deliverTrackedFrame 0.0314485 0.00423832 0.260292 8673
flagFramesForMarginalization 2.01218e-06 7.30534e-13 1.8241e-05 1453
fullCoarseTracking 0.00647492 2.06767e-05 0.088014 8672
initObjectsAndMakeImage 0.00110352 5.35514e-08 0.00434103 8745
makeKeyframe 0.175173 0.000439991 0.260283 1453
makeKeyframeChangeTrackingRef 0.00188663 8.5779e-08 0.00424182 1453
makeNewTraces 0.00364947 1.61046e-07 0.00764876 1453
makeNonKeyframe 0.00243714 2.79811e-06 0.00769587 7220
marginalizeAndRemovePoints 0.00353377 9.13727e-07 0.00696924 1453
marginalizeFrame 0.00361702 1.18315e-06 0.0150342 1447
marginalizeFrameOverhead 0.001789 1.96624e-07 0.00489178 1447
marginalizeFrames 0.00361617 1.23641e-06 0.0150504 1453
newFrameAndNewResidualsForOldPoints 0.00103358 7.77618e-08 0.00311754 1453
printBiases 8.12032e-06 8.06441e-10 0.000919252 1453
printEigenValLine 1.75047e-07 3.26492e-15 1.162e-06 1453
printLogLine 0.000154279 1.10258e-07 0.00576128 1453
publishInMakeKeyframe 3.57013e-07 1.40391e-11 0.000104219 1453
removeOutliers 0.000163598 3.61123e-09 0.00147104 1453
swapTrackingRef 0.000167918 9.27316e-08 0.00300684 1453
timeMeasurement 1.76123e-06 8.23973e-12 0.000131843 8745
traceNewCoarse 0.00243758 2.39214e-06 0.00768306 8673
updateBAValues 1.13314e-05 3.14471e-11 0.000254756 14558
zero 1.14627e-07 8.56854e-15 2.154e-06 8745
