1614255926.396158 14.844332 0.196553
1614255926.528159 14.865578 0.176129
1614255926.693159 14.884409 0.151573
1614255926.858160 14.861622 0.127507
1614255927.023160 14.859879 0.108486
1614255927.155160 14.843409 0.094111
1614255927.287161 14.829944 0.081973
1614255927.419161 14.841870 0.072928
1614255927.518161 14.819067 0.066560
1614255927.650162 14.809659 0.060271
1614255927.749162 14.810537 0.056246
1614255927.881162 14.778961 0.051014
1614255928.013162 14.809217 0.046742
1614255928.145163 14.827905 0.042651
1614255928.277163 14.859451 0.038947
1614255928.409163 14.864510 0.035091
1614255928.574163 14.880908 0.030316
1614255928.772164 14.854857 0.025528
1614255928.937165 14.838986 0.022276
1614255929.102165 14.841213 0.019793
1614255929.267165 14.857375 0.017976
1614255929.465166 14.874074 0.015935
1614255929.696167 14.896862 0.014095
1614255929.927167 14.907020 0.012841
1614255930.158167 14.912521 0.012197
1614255930.389168 14.934493 0.011984
1614255930.587168 14.957692 0.011894
1614255930.752169 14.979096 0.011847
1614255930.950169 14.978995 0.011794
1614255931.148170 14.980726 0.011729
1614255931.346170 14.977984 0.011660
1614255931.544170 14.994492 0.011565
1614255931.775171 15.015972 0.011389
1614255931.973172 15.025057 0.011206
1614255932.171172 15.029022 0.011056
1614255932.402173 15.037838 0.010874
1614255932.600173 15.043872 0.010696
1614255932.831174 15.050103 0.010458
1614255933.029174 15.046904 0.010253
1614255933.227174 15.047645 0.009995
1614255933.425175 15.042844 0.009733
1614255933.623175 15.029805 0.009488
1614255933.788176 15.016812 0.009293
1614255933.920176 15.013121 0.009082
1614255934.052176 15.009449 0.008833
1614255934.184177 15.001325 0.008658
1614255934.316177 15.002612 0.008483
1614255934.448177 15.004173 0.008322
1614255934.580178 15.011105 0.008082
1614255934.712178 15.027014 0.007833
1614255934.844178 15.047039 0.007566
1614255934.976179 15.071618 0.007282
1614255935.108179 15.099831 0.006998
1614255935.240179 15.126057 0.006719
1614255935.372180 15.168492 0.006475
1614255935.504180 15.207051 0.006266
1614255935.636180 15.237779 0.005885
1614255935.801181 15.286780 0.005708
1614255935.933181 15.326408 0.005614
1614255936.065181 15.363995 0.005506
1614255936.197181 15.399518 0.005408
1614255936.329182 15.415624 0.005328
1614255936.461182 15.433520 0.005245
1614255936.593183 15.450589 0.005170
1614255936.692183 15.457223 0.005109
1614255936.824183 15.463634 0.005036
1614255936.956183 15.463958 0.004971
1614255937.088184 15.458087 0.004909
1614255937.187184 15.457295 0.004859
1614255937.319184 15.441806 0.004805
1614255937.418185 15.424794 0.004766
1614255937.550185 15.405095 0.004710
1614255937.649185 15.382844 0.004663
1614255937.748185 15.356610 0.004619
1614255937.847185 15.359436 0.004571
1614255937.946186 15.340206 0.004538
1614255938.045186 15.315902 0.004493
1614255938.177186 15.295181 0.004445
1614255938.309186 15.260043 0.004407
1614255938.408187 15.239536 0.004370
1614255938.540187 15.201449 0.004331
1614255938.672187 15.178179 0.004282
1614255938.771188 15.153671 0.004247
1614255938.903188 15.130381 0.004210
1614255939.035188 15.096719 0.004172
1614255939.167188 15.077924 0.004132
1614255939.266189 15.061263 0.004102
1614255939.398189 15.053635 0.004071
1614255939.497189 15.038711 0.004046
1614255939.596189 15.020865 0.004027
1614255939.695190 15.007203 0.004004
1614255939.794190 15.003527 0.003981
1614255939.893190 14.999688 0.003962
1614255939.992190 14.993287 0.003941
1614255940.091191 14.989953 0.003920
1614255940.190191 14.986764 0.003898
1614255940.289191 14.982521 0.003874
1614255940.388191 14.978861 0.003843
1614255940.487191 14.978286 0.003815
1614255940.586192 14.976133 0.003785
1614255940.685192 14.973168 0.003764
1614255940.784192 14.971375 0.003741
1614255940.850192 14.971609 0.003728
1614255940.949193 14.972103 0.003700
1614255941.048193 14.973289 0.003675
1614255941.147193 14.972347 0.003652
1614255941.246193 14.971313 0.003631
1614255941.345193 14.972464 0.003608
1614255941.444194 14.974753 0.003586
1614255941.543194 14.976354 0.003565
1614255941.642195 14.977303 0.003550
1614255941.741194 14.977939 0.003535
1614255941.840195 14.978239 0.003518
1614255941.939195 14.978373 0.003499
1614255942.038195 14.979330 0.003482
1614255942.137196 14.981867 0.003464
1614255942.236196 14.982661 0.003452
1614255942.335196 14.982952 0.003438
1614255942.434196 14.984699 0.003425
1614255942.533196 14.985607 0.003413
1614255942.632197 14.984332 0.003400
1614255942.731197 14.985096 0.003389
1614255942.830197 14.985728 0.003378
1614255942.929197 14.985607 0.003366
1614255943.028198 14.985827 0.003353
1614255943.160198 14.986836 0.003339
1614255943.259198 14.987225 0.003330
1614255943.391198 14.988649 0.003320
1614255943.556199 14.988554 0.003302
1614255943.688199 14.988984 0.003287
1614255943.820199 14.991326 0.003277
1614255943.952200 14.990886 0.003263
1614255944.051200 14.992495 0.003255
1614255944.150200 14.992365 0.003247
1614255944.249200 14.994569 0.003241
1614255944.348201 14.995659 0.003233
1614255944.447201 14.997602 0.003226
1614255944.546201 14.999544 0.003216
1614255944.645201 14.998271 0.003213
1614255944.777202 14.998791 0.003199
1614255944.909202 14.998297 0.003187
1614255945.041202 14.998921 0.003179
1614255945.140203 14.999184 0.003172
1614255945.272203 15.000627 0.003163
1614255945.404203 15.005488 0.003150
1614255945.536204 15.006835 0.003134
1614255945.668204 15.006980 0.003120
1614255945.800204 15.008349 0.003103
1614255945.932204 15.009263 0.003085
1614255946.097205 15.011815 0.003061
1614255946.229205 15.012334 0.003042
1614255946.361206 15.015892 0.003025
1614255946.493206 15.015527 0.003007
1614255946.625206 15.021542 0.002989
1614255946.757206 15.022606 0.002973
1614255946.889207 15.021759 0.002957
1614255947.054207 15.020092 0.002934
1614255947.219208 15.015216 0.002904
1614255947.351208 15.019832 0.002892
1614255947.483208 15.021889 0.002878
1614255947.615208 15.018508 0.002862
1614255947.747209 15.022563 0.002846
1614255947.879209 15.025267 0.002831
1614255948.011209 15.025020 0.002817
1614255948.143210 15.028622 0.002802
1614255948.275210 15.033662 0.002788
1614255948.407210 15.038702 0.002774
1614255948.539211 15.042312 0.002761
1614255948.638211 15.043950 0.002752
1614255948.737211 15.047707 0.002743
1614255948.836211 15.052903 0.002732
1614255948.935211 15.052034 0.002724
1614255949.034212 15.055160 0.002720
1614255949.133212 15.058422 0.002710
1614255949.232212 15.060083 0.002700
1614255949.331212 15.062263 0.002688
1614255949.430212 15.065473 0.002681
1614255949.529213 15.068784 0.002672
1614255949.628213 15.069811 0.002663
1614255949.727213 15.073211 0.002655
1614255949.826214 15.076356 0.002646
1614255949.925214 15.079417 0.002638
1614255950.024214 15.082521 0.002630
1614255950.123214 15.083237 0.002622
1614255950.222214 15.084606 0.002614
1614255950.321215 15.086230 0.002606
1614255950.420215 15.088406 0.002603
1614255950.519215 15.089743 0.002598
1614255950.618215 15.092646 0.002595
1614255950.717216 15.092954 0.002590
1614255950.816216 15.094905 0.002586
1614255950.915216 15.095349 0.002582
1614255951.047216 15.097620 0.002579
1614255951.179217 15.097979 0.002576
1614255951.278217 15.096209 0.002574
1614255951.377217 15.094564 0.002572
1614255951.509218 15.095768 0.002571
1614255951.641218 15.095465 0.002568
1614255951.773218 15.094241 0.002566
1614255951.905219 15.093910 0.002566
1614255952.037219 15.093304 0.002565
1614255952.136219 15.094080 0.002565
1614255952.268219 15.094224 0.002564
1614255952.400220 15.093733 0.002564
1614255952.499220 15.093650 0.002564
1614255952.598220 15.092885 0.002564
1614255952.697220 15.092282 0.002564
1614255952.829221 15.091715 0.002564
1614255952.961221 15.092393 0.002563
1614255953.060221 15.092351 0.002564
1614255953.159221 15.091841 0.002563
1614255953.258222 15.091053 0.002563
1614255953.357222 15.090352 0.002563
1614255953.423222 15.090227 0.002563
1614255953.489222 15.090406 0.002563
1614255953.555222 15.090185 0.002563
1614255953.621222 15.089957 0.002563
1614255953.687222 15.088860 0.002562
1614255953.753223 15.089183 0.002562
1614255953.819223 15.088923 0.002562
1614255953.885223 15.089018 0.002562
1614255953.984223 15.088821 0.002562
1614255954.083224 15.089258 0.002562
1614255954.149224 15.088841 0.002562
1614255954.281224 15.088688 0.002561
1614255954.380224 15.089074 0.002560
1614255954.479225 15.088204 0.002560
1614255954.578225 15.088520 0.002560
1614255954.677225 15.088167 0.002560
1614255954.809225 15.087882 0.002559
1614255954.908226 15.087033 0.002558
1614255955.007226 15.086914 0.002558
1614255955.106226 15.086914 0.002557
1614255955.205226 15.086144 0.002557
1614255955.304227 15.085758 0.002557
1614255955.403227 15.084783 0.002556
1614255955.502227 15.085280 0.002556
1614255955.601227 15.084780 0.002555
1614255955.700227 15.084454 0.002554
1614255955.799228 15.082867 0.002553
1614255955.898228 15.082703 0.002553
1614255955.997228 15.083724 0.002553
1614255956.096228 15.083430 0.002552
1614255956.195228 15.083163 0.002552
1614255956.294229 15.082999 0.002550
1614255956.393229 15.082927 0.002550
1614255956.492229 15.082560 0.002550
1614255956.591229 15.082011 0.002549
1614255956.690230 15.080987 0.002549
1614255956.822230 15.080436 0.002548
1614255956.954230 15.081341 0.002548
1614255957.053231 15.081724 0.002547
1614255957.152231 15.081338 0.002547
1614255957.251231 15.080623 0.002546
1614255957.350231 15.081289 0.002546
1614255957.449232 15.080880 0.002546
1614255957.548232 15.080738 0.002545
1614255957.647232 15.080174 0.002545
1614255957.746232 15.080079 0.002544
1614255957.845232 15.079728 0.002544
1614255957.977233 15.080003 0.002544
1614255958.076233 15.080504 0.002543
1614255958.175233 15.080662 0.002543
1614255958.307234 15.080120 0.002542
1614255958.439234 15.079717 0.002542
1614255958.538234 15.078842 0.002542
1614255958.637234 15.078396 0.002542
1614255958.736234 15.077773 0.002541
1614255958.835235 15.077872 0.002541
1614255958.934235 15.077329 0.002541
1614255959.033235 15.077682 0.002540
1614255959.165236 15.077363 0.002540
1614255959.264236 15.077373 0.002540
1614255959.363236 15.076864 0.002540
1614255959.462236 15.075811 0.002540
1614255959.561236 15.075754 0.002539
1614255959.660237 15.075373 0.002539
1614255959.759237 15.075894 0.002539
1614255959.858237 15.075978 0.002538
1614255959.990237 15.077566 0.002538
1614255960.089238 15.077591 0.002538
1614255960.188238 15.077669 0.002538
1614255960.287238 15.078137 0.002538
1614255960.386239 15.077686 0.002538
1614255960.485239 15.077139 0.002537
1614255960.584239 15.077054 0.002537
1614255960.683239 15.076740 0.002537
1614255960.782239 15.077176 0.002536
1614255960.914240 15.077071 0.002536
1614255961.046240 15.077211 0.002536
1614255961.145240 15.076809 0.002536
1614255961.244240 15.075753 0.002536
1614255961.343241 15.075821 0.002535
1614255961.442241 15.076828 0.002535
1614255961.541241 15.076036 0.002535
1614255961.640241 15.076363 0.002535
1614255961.739241 15.075851 0.002534
1614255961.838242 15.075758 0.002534
1614255961.937242 15.075853 0.002535
1614255962.036242 15.076068 0.002534
1614255962.135242 15.076249 0.002534
1614255962.234243 15.076158 0.002534
1614255962.333243 15.076505 0.002534
1614255962.432243 15.076037 0.002534
1614255962.531244 15.075888 0.002533
1614255962.630244 15.075338 0.002533
1614255962.729244 15.075034 0.002533
1614255962.861244 15.076366 0.002533
1614255962.960244 15.076727 0.002534
1614255963.092245 15.076297 0.002533
1614255963.224245 15.075915 0.002533
1614255963.356245 15.075694 0.002533
1614255963.488246 15.076100 0.002533
1614255963.587246 15.076424 0.002532
1614255963.719246 15.077197 0.002533
1614255963.851247 15.077616 0.002532
1614255963.983247 15.078024 0.002532
1614255964.115247 15.078160 0.002532
1614255964.247247 15.079178 0.002532
1614255964.379248 15.079815 0.002532
1614255964.478248 15.080094 0.002531
1614255964.577248 15.079250 0.002531
1614255964.676248 15.078438 0.002531
1614255964.808249 15.077920 0.002531
1614255964.907249 15.077272 0.002531
1614255965.006249 15.077431 0.002531
1614255965.105250 15.076885 0.002531
1614255965.204250 15.077911 0.002531
1614255965.303250 15.078600 0.002530
1614255965.435250 15.078706 0.002530
1614255965.534250 15.078855 0.002530
1614255965.666251 15.079264 0.002530
1614255965.798251 15.079878 0.002530
1614255965.930252 15.080608 0.002530
1614255966.095252 15.080139 0.002529
1614255966.194252 15.080290 0.002529
1614255966.326252 15.078751 0.002529
1614255966.425253 15.078360 0.002529
1614255966.524253 15.078083 0.002529
1614255966.623253 15.078488 0.002529
1614255966.722253 15.078624 0.002529
1614255966.821254 15.078730 0.002528
1614255966.920254 15.078132 0.002528
1614255967.019254 15.077835 0.002528
1614255967.118254 15.077763 0.002528
1614255967.217254 15.077688 0.002528
1614255967.349255 15.077763 0.002528
1614255967.448255 15.077417 0.002528
1614255967.547255 15.077728 0.002528
1614255967.646255 15.078050 0.002528
1614255967.745255 15.077479 0.002528
1614255967.844256 15.077410 0.002528
1614255967.976256 15.077492 0.002528
1614255968.075256 15.077260 0.002528
1614255968.174257 15.077290 0.002528
1614255968.306257 15.077187 0.002528
1614255968.405257 15.077013 0.002528
1614255968.504257 15.076782 0.002527
1614255968.636258 15.076773 0.002527
1614255968.735258 15.076979 0.002527
1614255968.834258 15.077231 0.002527
1614255968.933258 15.077176 0.002527
1614255969.065259 15.077214 0.002527
1614255969.164259 15.077372 0.002527
1614255969.263259 15.076996 0.002526
1614255969.362259 15.077617 0.002527
1614255969.461260 15.077332 0.002527
1614255969.560260 15.077092 0.002527
1614255969.692260 15.076934 0.002527
1614255969.791260 15.077174 0.002526
1614255969.890260 15.077786 0.002526
1614255969.989261 15.077318 0.002526
1614255970.088261 15.077259 0.002526
1614255970.187261 15.077248 0.002526
1614255970.319262 15.077524 0.002526
1614255970.418262 15.077685 0.002525
1614255970.517262 15.077266 0.002526
1614255970.616262 15.077560 0.002524
1614255970.715262 15.077579 0.002525
1614255970.814263 15.077553 0.002524
1614255970.913263 15.077206 0.002525
1614255971.012263 15.076679 0.002525
1614255971.111264 15.077333 0.002525
1614255971.210263 15.077376 0.002525
1614255971.309264 15.077745 0.002524
1614255971.408264 15.077507 0.002525
1614255971.507264 15.077550 0.002524
1614255971.606265 15.077748 0.002524
1614255971.705265 15.077628 0.002524
1614255971.804265 15.077650 0.002524
1614255971.903265 15.078030 0.002524
1614255972.002266 15.077671 0.002524
1614255972.101266 15.077713 0.002523
1614255972.200266 15.077595 0.002524
1614255972.299266 15.077677 0.002522
1614255972.398266 15.077840 0.002524
1614255972.497267 15.077656 0.002523
1614255972.596267 15.077508 0.002524
1614255972.695267 15.077457 0.002523
1614255972.794267 15.077710 0.002523
1614255972.893268 15.077844 0.002523
1614255972.992268 15.077854 0.002523
1614255973.091268 15.077396 0.002523
1614255973.190269 15.077457 0.002523
1614255973.289268 15.077384 0.002523
1614255973.388269 15.077425 0.002523
1614255973.487269 15.077473 0.002523
1614255973.586269 15.077723 0.002523
1614255973.685270 15.077835 0.002522
1614255973.784270 15.077495 0.002523
1614255973.883270 15.077690 0.002523
1614255973.982270 15.077720 0.002523
1614255974.081270 15.077607 0.002523
1614255974.180271 15.077952 0.002523
1614255974.279271 15.078129 0.002522
1614255974.345271 15.077280 0.002523
1614255974.411271 15.077630 0.002522
1614255974.510272 15.077790 0.002523
1614255974.609272 15.077625 0.002523
1614255974.675272 15.078196 0.002523
1614255974.774272 15.078546 0.002523
1614255974.873272 15.078250 0.002523
1614255974.972272 15.078895 0.002522
1614255975.071273 15.079164 0.002523
1614255975.137273 15.078851 0.002523
1614255975.236273 15.078595 0.002523
1614255975.335274 15.078981 0.002523
1614255975.434273 15.079288 0.002523
1614255975.533274 15.079167 0.002523
1614255975.632274 15.079239 0.002523
1614255975.731274 15.079499 0.002523
1614255975.830275 15.078917 0.002523
1614255975.929275 15.078630 0.002523
1614255976.028275 15.079016 0.002522
1614255976.127275 15.079163 0.002523
1614255976.226275 15.079398 0.002522
1614255976.325276 15.079448 0.002523
1614255976.424276 15.078992 0.002523
1614255976.523276 15.079130 0.002523
1614255976.622276 15.079703 0.002520
1614255976.721277 15.079401 0.002522
1614255976.820277 15.079301 0.002523
1614255976.919277 15.079027 0.002523
1614255977.018277 15.079773 0.002523
1614255977.117277 15.080507 0.002522
1614255977.216278 15.080384 0.002522
1614255977.315278 15.079837 0.002523
1614255977.414278 15.080594 0.002521
1614255977.513278 15.080915 0.002522
1614255977.612279 15.080310 0.002522
1614255977.711279 15.079919 0.002523
1614255977.810279 15.079472 0.002522
1614255977.909280 15.079956 0.002523
1614255977.975280 15.080835 0.002521
1614255978.074280 15.079858 0.002523
1614255978.173280 15.079722 0.002523
1614255978.272280 15.079458 0.002523
1614255978.371281 15.079557 0.002523
1614255978.470281 15.079922 0.002523
1614255978.536281 15.080335 0.002523
1614255978.635281 15.080211 0.002523
1614255978.734282 15.080750 0.002522
1614255978.833282 15.080898 0.002523
1614255978.899282 15.080990 0.002522
1614255978.998282 15.081114 0.002523
1614255979.097282 15.081590 0.002522
1614255979.196282 15.081827 0.002522
1614255979.295283 15.081466 0.002522
1614255979.394283 15.081246 0.002522
1614255979.493283 15.081119 0.002523
1614255979.592283 15.081075 0.002523
1614255979.691284 15.080427 0.002522
1614255979.790284 15.080015 0.002522
1614255979.889284 15.079743 0.002522
1614255979.988284 15.079731 0.002522
1614255980.087285 15.079588 0.002522
1614255980.186285 15.079628 0.002522
1614255980.285285 15.079348 0.002522
1614255980.351285 15.078919 0.002523
1614255980.450285 15.078199 0.002522
1614255980.549286 15.077134 0.002522
1614255980.648286 15.077337 0.002521
1614255980.747286 15.076977 0.002522
1614255980.846286 15.076776 0.002522
1614255980.945287 15.077028 0.002521
1614255981.011287 15.077064 0.002522
1614255981.110287 15.077093 0.002522
1614255981.176287 15.076957 0.002522
1614255981.242287 15.076452 0.002522
1614255981.308287 15.076286 0.002522
1614255981.374288 15.076153 0.002522
1614255981.440288 15.076203 0.002520
1614255981.539288 15.075666 0.002522
1614255981.638288 15.076364 0.002520
1614255981.737288 15.076520 0.002521
1614255981.836289 15.075229 0.002522
1614255981.935289 15.074909 0.002522
1614255982.034289 15.074481 0.002519
1614255982.133290 15.074131 0.002521
1614255982.232290 15.074920 0.002517
1614255982.331290 15.075043 0.002521
1614255982.430290 15.075305 0.002520
1614255982.496290 15.074339 0.002521
1614255982.595290 15.074349 0.002522
1614255982.694291 15.074540 0.002521
1614255982.793291 15.074380 0.002522
1614255982.892291 15.074500 0.002522
1614255982.958291 15.074460 0.002521
1614255983.024292 15.073758 0.002521
1614255983.090292 15.074228 0.002519
1614255983.189292 15.074417 0.002521
1614255983.255292 15.074570 0.002521
1614255983.321292 15.074950 0.002521
1614255983.420292 15.074890 0.002521
1614255983.519293 15.075382 0.002521
1614255983.618293 15.075438 0.002521
1614255983.717293 15.075922 0.002521
1614255983.783293 15.076085 0.002522
1614255983.882293 15.076108 0.002521
1614255983.981294 15.075789 0.002521
1614255984.080294 15.076088 0.002521
1614255984.179294 15.076845 0.002521
1614255984.245294 15.076860 0.002519
1614255984.344295 15.076949 0.002521
1614255984.443295 15.076978 0.002520
1614255984.542295 15.076489 0.002520
1614255984.641295 15.075947 0.002521
1614255984.740296 15.075517 0.002521
1614255984.839296 15.075884 0.002521
1614255984.938296 15.076018 0.002521
1614255985.037296 15.075633 0.002517
1614255985.136297 15.075145 0.002521
1614255985.235297 15.074165 0.002520
1614255985.334297 15.074001 0.002520
1614255985.433297 15.073845 0.002520
1614255985.532297 15.073683 0.002520
1614255985.631298 15.073006 0.002521
1614255985.730298 15.071735 0.002520
1614255985.829298 15.070245 0.002520
1614255985.928298 15.069738 0.002519
1614255986.027298 15.069362 0.002520
1614255986.093299 15.069513 0.002519
1614255986.192299 15.069196 0.002520
1614255986.291299 15.067647 0.002520
1614255986.390299 15.068723 0.002520
1614255986.489300 15.068668 0.002520
1614255986.588300 15.067254 0.002521
1614255986.687300 15.065396 0.002518
1614255986.786300 15.063860 0.002519
1614255986.885300 15.062818 0.002519
1614255986.984301 15.061479 0.002519
1614255987.083301 15.061930 0.002520
1614255987.182301 15.061891 0.002520
1614255987.281301 15.061683 0.002520
1614255987.380302 15.061076 0.002519
1614255987.479302 15.060650 0.002520
1614255987.578302 15.060441 0.002520
1614255987.677303 15.060287 0.002517
1614255987.776303 15.059526 0.002518
1614255987.875303 15.061120 0.002519
1614255987.974303 15.060402 0.002516
1614255988.073303 15.057811 0.002519
1614255988.172304 15.057079 0.002519
1614255988.271304 15.056817 0.002520
1614255988.370304 15.056977 0.002519
1614255988.469304 15.056518 0.002519
1614255988.568305 15.057602 0.002519
1614255988.667305 15.057359 0.002519
1614255988.766305 15.057398 0.002519
1614255988.865305 15.057298 0.002519
1614255988.964305 15.059055 0.002518
1614255989.063306 15.058211 0.002519
1614255989.162306 15.057279 0.002519
1614255989.261306 15.059107 0.002518
1614255989.360307 15.058608 0.002520
1614255989.459307 15.059020 0.002519
1614255989.525307 15.059852 0.002519
1614255989.591307 15.058870 0.002519
1614255989.657307 15.058074 0.002518
1614255989.723307 15.058445 0.002518
1614255989.822308 15.058804 0.002519
1614255989.921308 15.059379 0.002519
1614255990.020308 15.059517 0.002519
1614255990.119308 15.060358 0.002519
1614255990.185308 15.060555 0.002519
1614255990.317309 15.061491 0.002519
1614255990.416309 15.061678 0.002519
1614255990.515309 15.062592 0.002516
1614255990.614309 15.063042 0.002519
1614255990.713310 15.062632 0.002518
1614255990.845310 15.062388 0.002518
1614255990.977310 15.062065 0.002519
1614255991.076311 15.062750 0.002519
1614255991.208311 15.063196 0.002518
1614255991.340311 15.063686 0.002518
1614255991.472311 15.064783 0.002518
1614255991.604312 15.066133 0.002519
1614255991.736312 15.063661 0.002518
1614255991.835312 15.063163 0.002518
1614255991.967313 15.064608 0.002519
1614255992.099313 15.065836 0.002519
1614255992.231313 15.066041 0.002518
1614255992.330313 15.066423 0.002519
1614255992.462314 15.067394 0.002518
1614255992.561314 15.067667 0.002518
1614255992.660314 15.068662 0.002518
1614255992.759315 15.073461 0.002515
1614255992.891315 15.074241 0.002518
1614255993.023315 15.077094 0.002518
1614255993.122315 15.078920 0.002514
1614255993.221316 15.081809 0.002518
1614255993.320316 15.082308 0.002518
1614255993.452316 15.084921 0.002517
1614255993.584316 15.087329 0.002517
1614255993.716317 15.090044 0.002518
1614255993.848317 15.093601 0.002517
1614255994.013317 15.098392 0.002517
1614255994.145318 15.102175 0.002516
1614255994.310318 15.105453 0.002517
1614255994.442318 15.108770 0.002516
1614255994.574319 15.110814 0.002515
1614255994.739319 15.114642 0.002516
1614255994.904320 15.116715 0.002516
1614255995.069320 15.120289 0.002515
1614255995.234320 15.123795 0.002516
1614255995.399321 15.126701 0.002515
1614255995.564321 15.131202 0.002514
1614255995.729321 15.132301 0.002514
1614255995.894322 15.131161 0.002515
1614255996.059322 15.134133 0.002515
1614255996.224323 15.136034 0.002514
1614255996.389323 15.138917 0.002514
1614255996.554323 15.137924 0.002512
1614255996.719324 15.138843 0.002506
1614255996.884324 15.138071 0.002514
1614255997.049325 15.139241 0.002502
1614255997.181325 15.141064 0.002510
1614255997.313325 15.139386 0.002515
1614255997.445325 15.140517 0.002513
1614255997.610326 15.141645 0.002512
1614255997.742326 15.141859 0.002508
1614255997.874326 15.140962 0.002513
1614255998.006327 15.137471 0.002511
1614255998.138327 15.137467 0.002513
1614255998.303328 15.133882 0.002510
1614255998.435328 15.132498 0.002511
1614255998.567328 15.132666 0.002513
1614255998.732328 15.134775 0.002513
1614255998.897329 15.135911 0.002513
1614255999.062329 15.137448 0.002513
1614255999.227329 15.135840 0.002512
1614255999.392330 15.136009 0.002513
1614255999.590330 15.135220 0.002512
1614255999.755331 15.134581 0.002512
1614255999.920331 15.134943 0.002512
1614256000.085332 15.135311 0.002511
1614256000.250332 15.135447 0.002511
1614256000.382332 15.135184 0.002508
1614256000.481333 15.135555 0.002511
1614256000.580333 15.135561 0.002511
1614256000.712333 15.135901 0.002510
1614256000.844333 15.135609 0.002511
1614256000.976334 15.135465 0.002511
1614256001.108334 15.134478 0.002508
1614256001.240334 15.134190 0.002511
1614256001.339335 15.134351 0.002509
1614256001.438335 15.134763 0.002511
1614256001.537335 15.135188 0.002509
1614256001.636335 15.135577 0.002505
1614256001.735335 15.135209 0.002510
1614256001.867336 15.134819 0.002510
1614256001.966336 15.134403 0.002508
1614256002.065336 15.134628 0.002509
1614256002.197337 15.135840 0.002509
1614256002.296337 15.136570 0.002507
1614256002.395337 15.137364 0.002510
1614256002.494337 15.137420 0.002509
1614256002.593338 15.137250 0.002509
1614256002.659338 15.137163 0.002508
1614256002.758338 15.137131 0.002509
1614256002.857338 15.137235 0.002509
1614256002.956338 15.137701 0.002508
1614256003.055339 15.137430 0.002507
1614256003.154339 15.137153 0.002505
1614256003.220339 15.136987 0.002508
1614256003.286339 15.137021 0.002508
1614256003.352339 15.137215 0.002508
1614256003.418339 15.136967 0.002504
1614256003.484340 15.136204 0.002508
1614256003.583340 15.137434 0.002508
1614256003.715340 15.137351 0.002507
1614256003.814340 15.137175 0.002507
1614256003.913341 15.137402 0.002508
1614256004.012341 15.137850 0.002505
1614256004.111341 15.137853 0.002505
1614256004.243341 15.137445 0.002502
1614256004.375342 15.136990 0.002504
1614256004.474342 15.138567 0.002507
1614256004.573342 15.139093 0.002507
1614256004.672343 15.139290 0.002506
1614256004.804343 15.139183 0.002506
1614256004.936343 15.139244 0.002507
1614256005.035343 15.139124 0.002505
1614256005.134343 15.140006 0.002506
1614256005.200344 15.140789 0.002507
1614256005.299344 15.141161 0.002505
1614256005.365344 15.140663 0.002504
1614256005.464344 15.140519 0.002506
1614256005.563345 15.140561 0.002506
1614256005.662345 15.141479 0.002504
1614256005.761345 15.141978 0.002506
1614256005.860345 15.141507 0.002506
1614256005.992346 15.141177 0.002505
1614256006.124346 15.141580 0.002504
1614256006.223346 15.142192 0.002502
1614256006.322346 15.142505 0.002505
1614256006.454347 15.142884 0.002505
1614256006.553347 15.142955 0.002502
1614256006.652347 15.142661 0.002506
1614256006.751347 15.142562 0.002505
1614256006.850348 15.142731 0.002503
1614256006.949348 15.142978 0.002505
1614256007.048348 15.143030 0.002497
1614256007.147348 15.143369 0.002504
1614256007.279348 15.143976 0.002504
1614256007.411349 15.144016 0.002504
1614256007.510349 15.144711 0.002505
1614256007.609349 15.144111 0.002504
1614256007.708350 15.144061 0.002505
1614256007.807350 15.144611 0.002504
1614256007.906350 15.145211 0.002505
1614256008.005350 15.145325 0.002504
1614256008.104351 15.145433 0.002505
1614256008.203351 15.145599 0.002503
1614256008.335351 15.145530 0.002505
1614256008.467351 15.146555 0.002503
1614256008.599352 15.147162 0.002504
1614256008.731352 15.147694 0.002503
1614256008.863352 15.148529 0.002504
1614256008.995353 15.148876 0.002504
1614256009.127353 15.149872 0.002502
1614256009.259353 15.149759 0.002503
1614256009.391354 15.150177 0.002504
1614256009.490354 15.149703 0.002502
1614256009.655354 15.150152 0.002504
1614256009.820354 15.150660 0.002504
1614256010.051355 15.151946 0.002502
1614256010.249356 15.151330 0.002504
1614256010.414356 15.152028 0.002503
1614256010.546356 15.152315 0.002504
1614256010.678356 15.152636 0.002503
1614256010.777357 15.152354 0.002504
1614256010.876357 15.152415 0.002504
1614256010.975357 15.152941 0.002504
1614256011.107358 15.153134 0.002504
1614256011.239358 15.152942 0.002504
1614256011.404358 15.152936 0.002504
1614256011.536359 15.153142 0.002502
1614256011.701359 15.153566 0.002504
1614256011.866359 15.153550 0.002503
1614256012.064360 15.153827 0.002503
1614256012.262360 15.153851 0.002503
1614256012.460361 15.154268 0.002504
1614256012.790362 15.154232 0.002503
1614256013.087362 15.154327 0.002502
1614256013.483363 15.153834 0.002503
1614256013.780364 15.153722 0.002504
1614256014.077365 15.153288 0.002504
1614256014.308365 15.152791 0.002504
1614256014.539366 15.152704 0.002504
1614256014.737366 15.152517 0.002504
1614256014.869367 15.152102 0.002504
1614256014.968367 15.151396 0.002504
1614256015.133367 15.152146 0.002504
1614256015.298368 15.151747 0.002504
1614256015.463368 15.151468 0.002504
1614256015.628368 15.151369 0.002503
1614256015.793369 15.151542 0.002503
1614256015.958369 15.151132 0.002504
1614256016.123369 15.150274 0.002503
1614256016.288370 15.150535 0.002503
1614256016.453370 15.150306 0.002503
1614256016.618371 15.150580 0.002500
1614256016.750371 15.149996 0.002504
1614256016.882371 15.150160 0.002499
1614256017.014372 15.149861 0.002501
1614256017.146372 15.149248 0.002504
1614256017.245372 15.148856 0.002503
1614256017.344372 15.149226 0.002504
1614256017.443372 15.149145 0.002501
1614256017.542373 15.149099 0.002499
1614256017.674373 15.148747 0.002503
1614256017.773373 15.148259 0.002503
1614256017.872374 15.148060 0.002503
1614256017.971374 15.148368 0.002501
1614256018.070374 15.148341 0.002500
1614256018.169374 15.148158 0.002503
1614256018.268374 15.147771 0.002503
1614256018.367375 15.148005 0.002503
1614256018.466375 15.147890 0.002503
1614256018.565375 15.147629 0.002503
1614256018.664376 15.146878 0.002501
1614256018.763376 15.147040 0.002503
1614256018.895376 15.145871 0.002500
1614256018.994376 15.145394 0.002500
1614256019.126376 15.145797 0.002502
1614256019.258377 15.145815 0.002503
1614256019.357377 15.145300 0.002503
1614256019.489377 15.144844 0.002503
1614256019.588378 15.143982 0.002502
1614256019.687378 15.143669 0.002502
1614256019.819378 15.143197 0.002502
1614256019.951378 15.142629 0.002502
1614256020.083379 15.142076 0.002502
1614256020.215379 15.141216 0.002500
1614256020.347379 15.140200 0.002502
1614256020.479380 15.139207 0.002502
1614256020.611380 15.138414 0.002502
1614256020.743380 15.137861 0.002501
1614256020.875381 15.137176 0.002502
1614256021.007381 15.136250 0.002502
1614256021.106381 15.135616 0.002501
1614256021.238382 15.135160 0.002501
1614256021.370382 15.134837 0.002502
1614256021.502382 15.133919 0.002501
1614256021.634382 15.134026 0.002502
1614256021.733383 15.133822 0.002501
1614256021.832383 15.133101 0.002501
1614256021.931383 15.132468 0.002501
1614256022.030383 15.132119 0.002502
1614256022.129384 15.131650 0.002500
1614256022.228384 15.131464 0.002500
1614256022.294384 15.131227 0.002500
1614256022.360384 15.131191 0.002502
1614256022.426384 15.131088 0.002501
1614256022.492384 15.130832 0.002500
1614256022.558385 15.131087 0.002501
1614256022.624385 15.130875 0.002500
1614256022.690385 15.130526 0.002501
1614256022.756385 15.130368 0.002501
1614256022.822385 15.130228 0.002501
1614256022.921386 15.130148 0.002501
1614256022.987386 15.129741 0.002501
1614256023.053386 15.129707 0.002501
1614256023.119386 15.129600 0.002501
1614256023.185386 15.129480 0.002501
1614256023.251386 15.129362 0.002501
1614256023.317386 15.128935 0.002500
1614256023.383387 15.128564 0.002501
1614256023.482387 15.128350 0.002501
1614256023.548387 15.128168 0.002500
1614256023.614387 15.127732 0.002501
1614256023.680387 15.127495 0.002500
1614256023.746387 15.127133 0.002500
1614256023.812387 15.126936 0.002500
1614256023.878388 15.126752 0.002500
1614256023.944388 15.126419 0.002500
1614256024.010388 15.125728 0.002500
1614256024.076388 15.125036 0.002500
1614256024.142388 15.124211 0.002500
1614256024.241389 15.122739 0.002500
1614256024.340389 15.121921 0.002500
1614256024.439389 15.121212 0.002500
1614256024.538389 15.120689 0.002499
1614256024.637390 15.119771 0.002500
1614256024.736390 15.119057 0.002499
1614256024.802390 15.118865 0.002500
1614256024.868390 15.118480 0.002500
1614256024.934390 15.118091 0.002500
1614256025.000390 15.117551 0.002500
1614256025.066391 15.117168 0.002500
1614256025.165391 15.116578 0.002500
1614256025.264391 15.115913 0.002500
1614256025.363391 15.115412 0.002499
1614256025.462391 15.114807 0.002500
1614256025.561392 15.114346 0.002499
1614256025.660392 15.113900 0.002499
1614256025.759392 15.113676 0.002500
1614256025.858392 15.112918 0.002500
1614256025.957393 15.112269 0.002499
1614256026.023393 15.111962 0.002499
1614256026.089393 15.112047 0.002499
1614256026.155393 15.111765 0.002499
1614256026.221393 15.111215 0.002499
1614256026.287393 15.110929 0.002499
1614256026.353393 15.109877 0.002499
1614256026.452394 15.109712 0.002499
1614256026.551394 15.109625 0.002499
1614256026.650394 15.108992 0.002499
1614256026.749394 15.108553 0.002499
1614256026.848395 15.108087 0.002499
1614256026.914395 15.108075 0.002499
1614256026.980395 15.107923 0.002499
1614256027.046395 15.107541 0.002499
1614256027.112395 15.107349 0.002499
1614256027.178396 15.107555 0.002499
1614256027.244395 15.107430 0.002499
1614256027.310396 15.107342 0.002499
1614256027.376396 15.106954 0.002499
1614256027.442396 15.106751 0.002499
1614256027.541396 15.106578 0.002499
1614256027.640396 15.106382 0.002499
1614256027.739397 15.106253 0.002499
1614256027.838397 15.106335 0.002499
1614256027.937397 15.105986 0.002499
1614256028.036397 15.105684 0.002499
1614256028.102397 15.105727 0.002499
1614256028.168398 15.105275 0.002497
1614256028.234398 15.105095 0.002499
1614256028.300398 15.104939 0.002499
1614256028.399398 15.104621 0.002499
1614256028.498399 15.104765 0.002499
1614256028.630399 15.104192 0.002498
1614256028.729399 15.104173 0.002499
1614256028.828399 15.104192 0.002499
1614256028.927399 15.104186 0.002498
1614256029.026399 15.104112 0.002498
1614256029.125400 15.103968 0.002498
1614256029.224400 15.103669 0.002498
1614256029.323400 15.103437 0.002498
1614256029.422400 15.103054 0.002498
1614256029.521401 15.103029 0.002498
1614256029.620401 15.102591 0.002498
1614256029.719401 15.102368 0.002497
1614256029.818402 15.102378 0.002498
1614256029.917402 15.102207 0.002498
1614256030.016402 15.101778 0.002498
1614256030.115402 15.101775 0.002498
1614256030.214402 15.101667 0.002498
1614256030.280402 15.101393 0.002498
1614256030.379403 15.101444 0.002498
1614256030.478403 15.101414 0.002498
1614256030.577403 15.101278 0.002498
1614256030.676404 15.101381 0.002497
1614256030.775404 15.100967 0.002498
1614256030.874404 15.100825 0.002498
1614256030.973404 15.100708 0.002498
1614256031.072404 15.100731 0.002498
1614256031.138405 15.100015 0.002498
1614256031.237405 15.099975 0.002498
1614256031.336405 15.099821 0.002498
1614256031.435405 15.099581 0.002498
1614256031.501405 15.099442 0.002498
1614256031.567405 15.099280 0.002498
1614256031.633406 15.099335 0.002498
1614256031.699406 15.099211 0.002497
1614256031.765406 15.099087 0.002498
1614256031.831406 15.098868 0.002498
1614256031.897407 15.098614 0.002498
1614256031.963407 15.098568 0.002498
1614256032.029407 15.097950 0.002497
1614256032.128407 15.097574 0.002498
1614256032.227407 15.097069 0.002498
1614256032.326407 15.097035 0.002498
1614256032.425407 15.096876 0.002498
1614256032.524408 15.096736 0.002498
1614256032.623408 15.096665 0.002498
1614256032.689408 15.096444 0.002498
1614256032.788408 15.096374 0.002498
1614256032.887409 15.095989 0.002498
1614256032.986409 15.095905 0.002498
1614256033.085409 15.095800 0.002498
1614256033.151409 15.095711 0.002498
1614256033.217410 15.095450 0.002497
1614256033.283410 15.095377 0.002497
1614256033.349410 15.095000 0.002498
1614256033.415410 15.094820 0.002498
1614256033.481410 15.094835 0.002497
1614256033.547410 15.094591 0.002498
1614256033.646410 15.094162 0.002498
1614256033.745410 15.093545 0.002497
1614256033.844411 15.093022 0.002497
1614256033.976411 15.092557 0.002498
1614256034.075412 15.092249 0.002498
1614256034.174412 15.091907 0.002497
1614256034.273412 15.091689 0.002497
1614256034.372412 15.091539 0.002497
1614256034.471412 15.091554 0.002497
1614256034.570413 15.091127 0.002498
1614256034.669413 15.090920 0.002497
1614256034.735413 15.090681 0.002498
1614256034.834413 15.090425 0.002498
1614256034.933413 15.090049 0.002497
1614256035.032414 15.089969 0.002498
1614256035.131414 15.089921 0.002497
1614256035.197414 15.089879 0.002498
1614256035.263414 15.089563 0.002497
1614256035.329414 15.089329 0.002497
1614256035.395415 15.088945 0.002497
1614256035.494415 15.088725 0.002497
1614256035.593415 15.088892 0.002497
1614256035.692415 15.089162 0.002498
1614256035.791415 15.088999 0.002497
1614256035.890416 15.088131 0.002497
1614256036.022416 15.088041 0.002497
1614256036.187416 15.087772 0.002497
1614256036.352417 15.087219 0.002498
1614256036.517417 15.086722 0.002497
1614256036.682418 15.086512 0.002497
1614256036.847418 15.086166 0.002497
1614256036.979418 15.086045 0.002497
1614256037.111419 15.085883 0.002497
1614256037.243419 15.085701 0.002497
1614256037.408419 15.085631 0.002497
1614256037.606420 15.085049 0.002497
1614256037.804420 15.084528 0.002497
1614256037.969421 15.084216 0.002497
1614256038.134421 15.084299 0.002497
1614256038.332422 15.084276 0.002497
1614256038.530422 15.084266 0.002497
1614256038.695422 15.084029 0.002497
1614256038.860423 15.083423 0.002497
1614256039.025423 15.082966 0.002497
1614256039.223424 15.083241 0.002497
1614256039.487424 15.082903 0.002497
1614256039.751425 15.082431 0.002497
1614256040.048426 15.082069 0.002497
1614256040.246426 15.082104 0.002497
1614256040.444427 15.081717 0.002497
1614256040.642427 15.081045 0.002497
1614256040.807427 15.081218 0.002497
1614256040.972428 15.081027 0.002497
1614256041.137428 15.081088 0.002497
1614256041.302429 15.080980 0.002497
1614256041.434429 15.080625 0.002496
1614256041.566429 15.080405 0.002497
1614256041.731430 15.080398 0.002497
1614256041.929430 15.080718 0.002497
1614256042.094430 15.080915 0.002497
1614256042.292431 15.080913 0.002496
1614256042.490431 15.080542 0.002497
1614256042.688432 15.080414 0.002497
1614256042.886432 15.080338 0.002497
1614256043.084433 15.080218 0.002497
1614256043.249433 15.080199 0.002497
1614256043.414433 15.079959 0.002497
1614256043.612434 15.079899 0.002497
1614256043.843435 15.079693 0.002496
1614256044.074435 15.079988 0.002496
1614256044.338436 15.079736 0.002496
1614256044.635436 15.079658 0.002496
1614256044.899437 15.079589 0.002496
1614256045.196438 15.079800 0.002496
1614256045.493438 15.079795 0.002496
1614256045.757439 15.080144 0.002496
1614256045.988440 15.080323 0.002496
1614256046.219440 15.080676 0.002496
1614256046.450441 15.080645 0.002496
1614256046.714441 15.080931 0.002495
1614256046.945442 15.080909 0.002495
1614256047.143442 15.081253 0.002495
1614256047.374443 15.081294 0.002495
1614256047.572443 15.081391 0.002494
1614256047.737444 15.081550 0.002494
1614256047.968444 15.081863 0.002494
1614256048.199445 15.082275 0.002495
1614256048.430445 15.082796 0.002495
1614256048.628446 15.082835 0.002494
1614256048.793446 15.082988 0.002495
1614256048.991446 15.083311 0.002495
1614256049.189447 15.083283 0.002495
1614256049.354447 15.083596 0.002494
1614256049.552448 15.084045 0.002494
1614256049.750448 15.084158 0.002494
1614256049.915449 15.084130 0.002494
1614256050.047449 15.084246 0.002493
1614256050.179449 15.084372 0.002493
1614256050.278450 15.084806 0.002494
1614256050.410450 15.084616 0.002493
1614256050.542450 15.084995 0.002494
1614256050.641450 15.085320 0.002494
1614256050.773451 15.085347 0.002494
1614256050.872451 15.085672 0.002494
1614256051.037451 15.085967 0.002494
1614256051.202452 15.085930 0.002494
1614256051.334452 15.086268 0.002494
1614256051.466453 15.086372 0.002493
1614256051.598453 15.086858 0.002494
1614256051.730453 15.086963 0.002494
1614256051.829453 15.086992 0.002494
1614256051.928453 15.087015 0.002493
1614256052.060454 15.087349 0.002494
1614256052.192454 15.087315 0.002493
1614256052.324454 15.087194 0.002494
1614256052.456455 15.087220 0.002494
1614256052.555455 15.087290 0.002494
1614256052.654455 15.087179 0.002494
1614256052.753455 15.087127 0.002494
1614256052.819455 15.086823 0.002493
1614256052.885456 15.086932 0.002494
1614256052.951456 15.087167 0.002494
1614256053.017456 15.087263 0.002494
1614256053.083456 15.087319 0.002494
1614256053.149457 15.087331 0.002494
1614256053.215456 15.087424 0.002493
1614256053.281457 15.087126 0.002494
1614256053.347457 15.086979 0.002492
1614256053.413457 15.087081 0.002493
1614256053.479457 15.087114 0.002493
1614256053.545457 15.087055 0.002494
1614256053.611458 15.086916 0.002494
1614256053.677458 15.086989 0.002494
1614256053.743458 15.087140 0.002494
1614256053.809458 15.087012 0.002494
1614256053.908458 15.086988 0.002494
1614256054.007458 15.087183 0.002494
1614256054.139459 15.087389 0.002493
1614256054.238459 15.087409 0.002493
1614256054.337459 15.087501 0.002493
1614256054.436459 15.087449 0.002493
1614256054.535460 15.087731 0.002492
1614256054.634460 15.087608 0.002494
1614256054.766460 15.087977 0.002493
1614256054.898460 15.088533 0.002493
1614256055.030461 15.088562 0.002493
1614256055.162461 15.088594 0.002493
1614256055.294461 15.088719 0.002493
1614256055.426462 15.088909 0.002493
1614256055.525462 15.089037 0.002494
1614256055.657462 15.089288 0.002493
1614256055.789463 15.089398 0.002493
1614256055.888463 15.089570 0.002493
1614256055.987463 15.089724 0.002493
1614256056.086463 15.089968 0.002493
1614256056.185464 15.089962 0.002493
1614256056.284464 15.090180 0.002492
1614256056.383464 15.090231 0.002492
1614256056.482464 15.090158 0.002493
1614256056.581464 15.090214 0.002493
1614256056.680465 15.090351 0.002493
1614256056.779465 15.090511 0.002493
1614256056.878465 15.090608 0.002493
1614256056.977465 15.090556 0.002492
1614256057.076466 15.090575 0.002493
1614256057.175466 15.090782 0.002494
1614256057.241466 15.090926 0.002494
1614256057.307466 15.090990 0.002491
1614256057.373466 15.091053 0.002494
1614256057.439466 15.091170 0.002493
1614256057.505467 15.091245 0.002493
1614256057.571467 15.091177 0.002491
1614256057.670467 15.091399 0.002493
1614256057.769467 15.091532 0.002493
1614256057.868468 15.091703 0.002493
1614256057.967468 15.091754 0.002493
1614256058.066468 15.091465 0.002494
1614256058.165468 15.091556 0.002492
1614256058.264468 15.091793 0.002493
1614256058.363469 15.091951 0.002493
1614256058.462469 15.091995 0.002493
1614256058.561469 15.092114 0.002492
1614256058.660469 15.092096 0.002493
1614256058.759470 15.092231 0.002493
1614256058.858470 15.092351 0.002493
1614256058.924470 15.092250 0.002493
1614256059.023470 15.092147 0.002493
1614256059.122470 15.092331 0.002493
1614256059.254471 15.092700 0.002493
1614256059.386471 15.092298 0.002493
1614256059.518471 15.092208 0.002492
1614256059.650472 15.092281 0.002493
1614256059.749472 15.092483 0.002493
1614256059.848472 15.092484 0.002493
1614256059.947472 15.092355 0.002493
1614256060.046473 15.092414 0.002493
1614256060.145473 15.092053 0.002493
1614256060.244473 15.092309 0.002493
1614256060.343473 15.091925 0.002493
1614256060.442473 15.091401 0.002493
1614256060.574474 15.091635 0.002492
1614256060.706474 15.091410 0.002492
1614256060.805474 15.090708 0.002493
1614256060.904475 15.090829 0.002493
1614256061.003475 15.090561 0.002493
1614256061.102475 15.090188 0.002493
1614256061.234476 15.090265 0.002493
1614256061.366476 15.089900 0.002493
1614256061.498476 15.089689 0.002493
1614256061.597476 15.090210 0.002493
1614256061.729477 15.089717 0.002493
1614256061.861477 15.089258 0.002493
1614256061.960477 15.089626 0.002493
1614256062.059477 15.089892 0.002493
1614256062.158478 15.089642 0.002493
1614256062.257478 15.089046 0.002493
1614256062.356478 15.088991 0.002493
1614256062.488478 15.088969 0.002493
1614256062.620479 15.089215 0.002493
1614256062.752479 15.089066 0.002492
1614256062.851479 15.089092 0.002493
1614256062.983479 15.089254 0.002493
1614256063.082480 15.089261 0.002493
1614256063.181480 15.089588 0.002492
1614256063.280480 15.089681 0.002493
1614256063.379480 15.089759 0.002493
1614256063.478481 15.089837 0.002493
1614256063.577481 15.090002 0.002493
1614256063.676481 15.090189 0.002493
1614256063.775481 15.090284 0.002493
1614256063.874482 15.090445 0.002493
1614256063.973482 15.090563 0.002493
1614256064.072482 15.090673 0.002493
1614256064.171482 15.090930 0.002493
1614256064.270483 15.091111 0.002493
1614256064.369483 15.091231 0.002493
1614256064.468483 15.091529 0.002493
1614256064.567483 15.091543 0.002493
1614256064.666483 15.091781 0.002493
1614256064.765484 15.091975 0.002493
1614256064.864484 15.092119 0.002493
1614256064.930484 15.092218 0.002493
1614256065.029484 15.092426 0.002493
1614256065.128485 15.092510 0.002493
1614256065.227485 15.092672 0.002492
1614256065.326485 15.092915 0.002492
1614256065.425485 15.093056 0.002492
1614256065.524485 15.093056 0.002490
1614256065.623486 15.093186 0.002492
1614256065.722486 15.093233 0.002493
1614256065.821486 15.093157 0.002493
1614256065.920486 15.093207 0.002493
1614256066.019487 15.093303 0.002493
1614256066.118487 15.093345 0.002493
1614256066.250487 15.094242 0.002493
1614256066.349487 15.093328 0.002491
1614256066.448488 15.093291 0.002491
1614256066.547488 15.093245 0.002493
1614256066.646488 15.093435 0.002493
1614256066.745488 15.093539 0.002491
1614256066.844489 15.093566 0.002493
1614256066.943489 15.093676 0.002493
1614256067.042489 15.093670 0.002493
1614256067.141490 15.093761 0.002493
1614256067.240489 15.093790 0.002493
1614256067.339490 15.093747 0.002492
1614256067.438490 15.093694 0.002491
1614256067.537490 15.093679 0.002492
1614256067.603491 15.093805 0.002493
1614256067.702491 15.093830 0.002492
1614256067.801491 15.093734 0.002493
1614256067.900491 15.093790 0.002493
1614256067.999491 15.093874 0.002493
1614256068.098492 15.093955 0.002491
1614256068.197492 15.093867 0.002492
1614256068.296492 15.093850 0.002492
1614256068.395492 15.093848 0.002493
1614256068.494493 15.093693 0.002491
1614256068.593493 15.093590 0.002491
1614256068.692493 15.093218 0.002490
1614256068.824493 15.093173 0.002487
1614256068.923494 15.093411 0.002492
1614256069.022494 15.093175 0.002491
1614256069.121494 15.092517 0.002492
1614256069.220494 15.092054 0.002492
1614256069.319494 15.091729 0.002491
1614256069.418495 15.091143 0.002490
1614256069.517495 15.089960 0.002489
1614256069.649495 15.090083 0.002490
1614256069.781496 15.088705 0.002491
1614256069.913496 15.087830 0.002493
1614256070.045496 15.087354 0.002491
1614256070.210496 15.085560 0.002492
1614256070.342497 15.085700 0.002490
1614256070.408497 15.085964 0.002491
1614256070.540497 15.085256 0.002493
1614256070.705498 15.084637 0.002493
1614256070.936498 15.082404 0.002492
1614256071.134499 15.083059 0.002488
1614256071.299499 15.085490 0.002488
1614256071.464499 15.085385 0.002493
1614256071.629500 15.084584 0.002492
1614256071.794500 15.083445 0.002492
1614256071.992501 15.084187 0.002486
1614256072.190501 15.085078 0.002488
1614256072.388502 15.086813 0.002486
1614256072.553502 15.088050 0.002486
1614256072.718502 15.088015 0.002483
1614256072.883503 15.088415 0.002492
1614256073.048503 15.089312 0.002492
1614256073.246504 15.089573 0.002493
1614256073.444504 15.091130 0.002475
1614256073.609504 15.090931 0.002490
1614256073.774505 15.090778 0.002487
1614256073.906505 15.091929 0.002492
1614256074.038506 15.092617 0.002482
1614256074.170506 15.093072 0.002489
1614256074.302506 15.093775 0.002489
1614256074.467507 15.094418 0.002492
1614256074.599507 15.095044 0.002491
1614256074.731507 15.095671 0.002491
1614256074.863508 15.095292 0.002493
1614256074.995508 15.095526 0.002491
1614256075.127508 15.094742 0.002493
1614256075.259508 15.095325 0.002490
1614256075.358509 15.095194 0.002492
1614256075.490509 15.094410 0.002492
1614256075.589509 15.093330 0.002492
1614256075.688509 15.093875 0.002492
1614256075.787510 15.093874 0.002492
1614256075.919510 15.094089 0.002493
1614256076.018510 15.093961 0.002492
1614256076.183511 15.094054 0.002493
1614256076.315511 15.094224 0.002492
1614256076.414511 15.094072 0.002492
1614256076.546512 15.095209 0.002492
1614256076.645512 15.095313 0.002493
1614256076.777512 15.095079 0.002491
1614256076.909513 15.094784 0.002493
1614256077.041513 15.094020 0.002493
1614256077.173513 15.093320 0.002491
1614256077.305513 15.093274 0.002492
1614256077.404514 15.093321 0.002491
1614256077.536514 15.093858 0.002493
1614256077.635514 15.093896 0.002493
1614256077.734514 15.093292 0.002493
1614256077.833514 15.093540 0.002493
1614256077.932515 15.093470 0.002493
1614256078.031515 15.093173 0.002492
1614256078.130515 15.093677 0.002493
1614256078.196515 15.093726 0.002492
1614256078.295516 15.093817 0.002493
1614256078.361516 15.093733 0.002492
1614256078.427516 15.094190 0.002493
1614256078.493516 15.093958 0.002493
1614256078.559516 15.093926 0.002493
1614256078.625517 15.093953 0.002492
1614256078.691517 15.094092 0.002493
1614256078.757517 15.094057 0.002493
1614256078.823517 15.094335 0.002493
1614256078.889517 15.094293 0.002493
1614256078.988517 15.094853 0.002493
1614256079.054518 15.095094 0.002493
1614256079.120518 15.095155 0.002493
1614256079.219518 15.095628 0.002493
1614256079.318518 15.096031 0.002493
1614256079.384518 15.096023 0.002493
1614256079.483518 15.096023 0.002493
1614256079.582519 15.096176 0.002493
1614256079.681519 15.096361 0.002493
1614256079.747519 15.096353 0.002492
1614256079.813519 15.096624 0.002493
1614256079.879519 15.096618 0.002492
1614256079.945520 15.096804 0.002492
1614256080.011520 15.096702 0.002492
1614256080.077520 15.096830 0.002493
1614256080.176520 15.096942 0.002493
1614256080.242520 15.097389 0.002492
1614256080.308521 15.097329 0.002493
1614256080.374521 15.097686 0.002493
1614256080.440521 15.097397 0.002493
1614256080.506521 15.096726 0.002493
1614256080.572521 15.096478 0.002493
1614256080.638521 15.096256 0.002492
1614256080.704521 15.095955 0.002492
1614256080.803522 15.095716 0.002491
1614256080.902522 15.095587 0.002492
1614256081.001522 15.095514 0.002492
1614256081.067522 15.095760 0.002492
1614256081.133522 15.096107 0.002492
1614256081.232522 15.096279 0.002491
1614256081.331523 15.096429 0.002492
1614256081.430523 15.096447 0.002492
1614256081.529523 15.096189 0.002492
1614256081.628524 15.096007 0.002493
1614256081.727524 15.096034 0.002493
1614256081.826524 15.095723 0.002492
1614256081.892524 15.095686 0.002491
1614256081.991524 15.095611 0.002492
1614256082.057524 15.095614 0.002493
1614256082.123525 15.095434 0.002493
1614256082.189525 15.095379 0.002493
1614256082.255525 15.095190 0.002492
1614256082.354525 15.095309 0.002493
1614256082.453525 15.095272 0.002492
1614256082.552526 15.095192 0.002492
1614256082.651526 15.094956 0.002492
1614256082.717526 15.094929 0.002492
1614256082.783526 15.094812 0.002493
1614256082.849526 15.094845 0.002492
1614256082.948527 15.094598 0.002493
1614256083.047527 15.094789 0.002492
1614256083.146527 15.094778 0.002493
1614256083.245527 15.094734 0.002492
1614256083.311527 15.094820 0.002492
1614256083.377527 15.094506 0.002492
1614256083.443528 15.094419 0.002493
1614256083.509528 15.094126 0.002492
1614256083.608528 15.094082 0.002493
1614256083.707528 15.093985 0.002491
1614256083.806529 15.093717 0.002492
1614256083.905529 15.093607 0.002492
1614256084.004529 15.093761 0.002492
1614256084.103529 15.093493 0.002492
1614256084.202529 15.093421 0.002492
1614256084.268530 15.093449 0.002491
1614256084.334530 15.093374 0.002492
1614256084.400530 15.093322 0.002491
1614256084.466530 15.093169 0.002492
1614256084.532530 15.093026 0.002492
1614256084.598530 15.093184 0.002492
1614256084.664531 15.093099 0.002492
1614256084.763531 15.092971 0.002492
1614256084.862531 15.092762 0.002492
1614256084.961531 15.092635 0.002493
1614256085.060531 15.092606 0.002492
1614256085.159532 15.092442 0.002493
1614256085.225532 15.092380 0.002492
1614256085.324532 15.092224 0.002492
1614256085.423532 15.091943 0.002492
1614256085.522533 15.091926 0.002492
1614256085.621533 15.091942 0.002492
1614256085.720533 15.091730 0.002492
1614256085.819533 15.091636 0.002491
1614256085.918534 15.091543 0.002492
1614256086.017534 15.091478 0.002492
1614256086.116534 15.091317 0.002492
1614256086.215534 15.091058 0.002492
1614256086.314534 15.090879 0.002492
1614256086.413535 15.090776 0.002492
1614256086.512535 15.090512 0.002492
1614256086.611535 15.090374 0.002491
1614256086.710536 15.090268 0.002492
1614256086.809536 15.090298 0.002492
1614256086.908536 15.090135 0.002492
1614256087.007536 15.090027 0.002492
1614256087.106536 15.090217 0.002492
1614256087.238537 15.090210 0.002492
1614256087.370537 15.090054 0.002492
1614256087.469537 15.089942 0.002492
1614256087.601537 15.090034 0.002492
1614256087.733537 15.089932 0.002491
1614256087.832538 15.089843 0.002492
1614256087.964538 15.089844 0.002492
1614256088.096538 15.089749 0.002492
1614256088.228539 15.089676 0.002490
1614256088.360539 15.089769 0.002492
1614256088.525540 15.089810 0.002492
1614256088.690540 15.089797 0.002492
1614256088.855540 15.089877 0.002492
1614256089.020541 15.089804 0.002491
1614256089.185541 15.089780 0.002492
1614256089.383542 15.089760 0.002492
1614256089.548542 15.089915 0.002492
1614256089.746542 15.090071 0.002492
1614256089.977543 15.090111 0.002492
1614256090.208544 15.090313 0.002492
1614256090.406544 15.090418 0.002492
1614256090.604544 15.090461 0.002492
1614256090.802545 15.090756 0.002492
1614256091.000545 15.090618 0.002492
1614256091.198546 15.090846 0.002492
1614256091.396546 15.091199 0.002492
1614256091.594547 15.091518 0.002492
1614256091.792547 15.091821 0.002492
1614256091.957547 15.091808 0.002492
1614256092.122548 15.091853 0.002492
1614256092.287548 15.091879 0.002492
1614256092.452549 15.091918 0.002492
1614256092.584549 15.091829 0.002492
1614256092.716549 15.091741 0.002491
1614256092.848550 15.091844 0.002492
1614256092.980550 15.091869 0.002492
1614256093.112550 15.092036 0.002492
1614256093.244551 15.092163 0.002492
1614256093.376551 15.092256 0.002492
1614256093.508551 15.092317 0.002491
1614256093.607552 15.092225 0.002492
1614256093.706552 15.092319 0.002492
1614256093.805552 15.092472 0.002492
1614256093.904552 15.092674 0.002492
1614256094.003552 15.092792 0.002492
1614256094.102553 15.092574 0.002492
1614256094.234553 15.092532 0.002492
1614256094.333553 15.092443 0.002492
1614256094.432553 15.092086 0.002492
1614256094.531554 15.092364 0.002492
1614256094.630554 15.092707 0.002492
1614256094.762554 15.092737 0.002492
1614256094.861554 15.092626 0.002492
1614256094.960555 15.093044 0.002491
1614256095.059555 15.092787 0.002491
1614256095.191555 15.092664 0.002492
1614256095.290555 15.092549 0.002492
1614256095.389556 15.092555 0.002492
1614256095.521556 15.092334 0.002492
1614256095.653556 15.092455 0.002492
1614256095.752557 15.092437 0.002492
1614256095.851557 15.092344 0.002492
1614256095.950557 15.092378 0.002492
1614256096.049557 15.092519 0.002491
1614256096.148557 15.092526 0.002492
1614256096.247558 15.092577 0.002492
1614256096.346558 15.092484 0.002492
1614256096.445558 15.092499 0.002492
1614256096.544558 15.092368 0.002492
1614256096.643559 15.092353 0.002492
1614256096.742559 15.092470 0.002492
1614256096.841559 15.092410 0.002492
1614256096.940559 15.092522 0.002492
1614256097.039559 15.092472 0.002492
1614256097.138560 15.092527 0.002492
1614256097.237560 15.092652 0.002492
1614256097.336560 15.092391 0.002492
1614256097.468560 15.092178 0.002492
1614256097.600561 15.092040 0.002492
1614256097.732561 15.091875 0.002492
1614256097.864561 15.091781 0.002492
1614256097.930562 15.091726 0.002491
1614256097.996562 15.091555 0.002492
1614256098.062562 15.091513 0.002492
1614256098.128562 15.091558 0.002492
1614256098.194562 15.091440 0.002491
1614256098.260562 15.091300 0.002492
1614256098.326563 15.091113 0.002491
1614256098.392563 15.091081 0.002492
1614256098.491563 15.090934 0.002492
1614256098.590563 15.090898 0.002490
1614256098.689563 15.091188 0.002492
1614256098.788564 15.091640 0.002491
1614256098.854564 15.091170 0.002491
1614256098.953564 15.091143 0.002491
1614256099.052564 15.091013 0.002492
1614256099.184565 15.090634 0.002491
1614256099.316565 15.090537 0.002491
1614256099.448565 15.090718 0.002491
1614256099.580565 15.090522 0.002491
1614256099.712566 15.090536 0.002492
1614256099.844566 15.090395 0.002491
1614256099.943566 15.090412 0.002491
1614256100.042567 15.090319 0.002491
1614256100.141567 15.090495 0.002491
1614256100.273567 15.090500 0.002491
1614256100.438567 15.090274 0.002491
1614256100.570568 15.089827 0.002491
1614256100.702568 15.089887 0.002491
1614256100.801568 15.089757 0.002491
1614256100.900568 15.090017 0.002491
1614256100.999569 15.089697 0.002491
1614256101.131569 15.089383 0.002491
1614256101.230569 15.089296 0.002491
1614256101.329570 15.089258 0.002491
1614256101.428570 15.089233 0.002491
1614256101.527570 15.089235 0.002491
1614256101.626570 15.089101 0.002491
1614256101.725571 15.088832 0.002490
1614256101.824571 15.088690 0.002491
1614256101.956571 15.088591 0.002491
1614256102.055571 15.088665 0.002491
1614256102.154572 15.088718 0.002491
1614256102.253572 15.088625 0.002491
1614256102.352572 15.088486 0.002491
1614256102.451572 15.088265 0.002491
1614256102.550573 15.088318 0.002491
1614256102.649573 15.088365 0.002491
1614256102.748573 15.088271 0.002491
1614256102.847573 15.088145 0.002491
1614256102.946573 15.087946 0.002491
1614256103.045574 15.088375 0.002491
1614256103.144574 15.088433 0.002491
1614256103.243574 15.088615 0.002491
1614256103.342574 15.088732 0.002491
1614256103.441575 15.088705 0.002489
1614256103.540575 15.088249 0.002491
1614256103.639575 15.088418 0.002491
1614256103.738575 15.088076 0.002491
1614256103.837575 15.087694 0.002491
1614256103.936576 15.087765 0.002491
1614256104.035576 15.087676 0.002491
1614256104.167576 15.087645 0.002491
1614256104.266576 15.088090 0.002489
1614256104.398577 15.087897 0.002491
1614256104.530577 15.087234 0.002491
1614256104.695578 15.088300 0.002491
1614256104.893578 15.087555 0.002491
1614256105.058578 15.087280 0.002491
1614256105.190579 15.086490 0.002491
1614256105.322579 15.085446 0.002491
1614256105.454579 15.084678 0.002491
1614256105.586580 15.083573 0.002491
1614256105.718580 15.083157 0.002491
1614256105.850580 15.083570 0.002490
1614256106.015581 15.082007 0.002491
1614256106.213581 15.080162 0.002491
1614256106.411582 15.078880 0.002491
1614256106.642582 15.077786 0.002491
1614256106.840583 15.077476 0.002491
1614256107.038583 15.077354 0.002491
1614256107.203583 15.077795 0.002491
1614256107.401584 15.077973 0.002491
1614256107.566584 15.078409 0.002491
1614256107.731585 15.078730 0.002491
1614256107.896585 15.079054 0.002491
1614256108.028585 15.079616 0.002491
1614256108.193586 15.080058 0.002491
1614256108.391586 15.080020 0.002491
1614256108.523587 15.080050 0.002491
1614256108.688587 15.079738 0.002491
1614256108.820587 15.079399 0.002491
1614256108.952588 15.079489 0.002491
1614256109.084588 15.079084 0.002491
1614256109.183588 15.078619 0.002491
1614256109.315588 15.078890 0.002491
1614256109.447589 15.079105 0.002491
1614256109.579589 15.079265 0.002491
1614256109.678589 15.079555 0.002491
1614256109.777590 15.079745 0.002491
1614256109.876590 15.079572 0.002491
1614256109.975590 15.079716 0.002491
1614256110.107590 15.079546 0.002491
1614256110.239591 15.079383 0.002491
1614256110.404591 15.079315 0.002491
1614256110.503591 15.079397 0.002491
1614256110.635592 15.078858 0.002491
1614256110.767592 15.078662 0.002491
1614256110.932592 15.078323 0.002491
1614256111.064593 15.078334 0.002491
1614256111.163593 15.078279 0.002491
1614256111.262593 15.078202 0.002491
1614256111.361593 15.078307 0.002491
1614256111.460593 15.078306 0.002490
1614256111.559594 15.078488 0.002491
1614256111.658594 15.078234 0.002491
1614256111.757594 15.078328 0.002491
1614256111.856594 15.078355 0.002491
1614256111.988595 15.077881 0.002491
1614256112.120595 15.077846 0.002491
1614256112.252595 15.077669 0.002491
1614256112.384596 15.077604 0.002490
1614256112.483596 15.077785 0.002491
1614256112.582596 15.077820 0.002491
1614256112.714596 15.077787 0.002491
1614256112.846597 15.076883 0.002491
1614256112.978597 15.076716 0.002491
1614256113.110597 15.076636 0.002491
1614256113.242598 15.076148 0.002491
1614256113.407598 15.075950 0.002491
1614256113.572598 15.075683 0.002491
1614256113.704599 15.075895 0.002491
1614256113.869599 15.076994 0.002491
1614256114.001600 15.077081 0.002491
1614256114.133600 15.077549 0.002491
1614256114.265600 15.078030 0.002491
1614256114.463601 15.077854 0.002491
1614256114.628601 15.077448 0.002491
1614256114.760601 15.077595 0.002491
1614256114.925601 15.078554 0.002491
1614256115.057602 15.078973 0.002491
1614256115.222602 15.078823 0.002491
1614256115.354603 15.078707 0.002491
1614256115.486603 15.078829 0.002491
1614256115.618603 15.079056 0.002491
1614256115.750603 15.079031 0.002491
1614256115.882604 15.078894 0.002491
1614256115.981604 15.078751 0.002491
1614256116.080604 15.078632 0.002491
1614256116.212605 15.078523 0.002491
1614256116.377605 15.078599 0.002491
1614256116.542606 15.078389 0.002491
1614256116.674606 15.078419 0.002491
1614256116.806606 15.078045 0.002491
1614256117.004606 15.077802 0.002491
1614256117.136607 15.077706 0.002491
1614256117.301607 15.077454 0.002491
1614256117.466608 15.076496 0.002491
1614256117.598608 15.075949 0.002491
1614256117.730608 15.075532 0.002491
1614256117.862609 15.074892 0.002491
1614256117.994609 15.074089 0.002491
1614256118.126609 15.073388 0.002491
1614256118.258609 15.072567 0.002491
1614256118.390610 15.071279 0.002491
1614256118.522610 15.070617 0.002491
1614256118.654610 15.069938 0.002491
1614256118.786611 15.069339 0.002491
1614256118.885611 15.069080 0.002491
1614256119.017611 15.068470 0.002491
1614256119.149611 15.068344 0.002491
1614256119.248612 15.067959 0.002491
1614256119.347612 15.068035 0.002491
1614256119.446612 15.068018 0.002491
1614256119.545613 15.068186 0.002491
1614256119.644613 15.067996 0.002491
1614256119.743613 15.068019 0.002491
1614256119.842613 15.068460 0.002491
1614256119.941614 15.068595 0.002491
1614256120.040614 15.068720 0.002491
1614256120.205614 15.068731 0.002491
1614256120.337614 15.068800 0.002491
1614256120.502615 15.068947 0.002491
1614256120.634615 15.069264 0.002491
1614256120.766615 15.069699 0.002491
1614256120.898616 15.069872 0.002491
1614256121.030616 15.070168 0.002491
1614256121.162616 15.070597 0.002491
1614256121.294616 15.070871 0.002491
1614256121.426617 15.071259 0.002491
1614256121.558617 15.071533 0.002491
1614256121.690618 15.071722 0.002491
1614256121.822618 15.071977 0.002491
1614256121.954618 15.072244 0.002490
1614256122.086618 15.072471 0.002491
1614256122.185619 15.072971 0.002491
1614256122.317619 15.073011 0.002491
1614256122.416619 15.073149 0.002491
1614256122.515620 15.073196 0.002491
1614256122.614620 15.073491 0.002491
1614256122.746620 15.073723 0.002491
1614256122.878620 15.073825 0.002491
1614256123.043621 15.074531 0.002491
1614256123.208621 15.074982 0.002491
1614256123.373621 15.075280 0.002491
1614256123.538622 15.075530 0.002491
1614256123.736622 15.075995 0.002490
1614256123.901623 15.076210 0.002491
1614256124.033623 15.076472 0.002491
1614256124.198623 15.076669 0.002491
1614256124.396624 15.077068 0.002491
1614256124.627624 15.077682 0.002491
1614256124.858625 15.078274 0.002491
1614256125.122626 15.078965 0.002491
1614256125.419626 15.078919 0.002491
1614256125.716627 15.078548 0.002491
1614256125.815627 15.079055 0.002490
1614256126.013628 15.079307 0.002491
1614256126.343628 15.078299 0.002490
1614256126.739629 15.076112 0.002491
1614256127.135630 15.074623 0.002490
1614256127.465631 15.074276 0.002491
1614256127.696632 15.074861 0.002491
1614256127.927632 15.075712 0.002491
1614256128.125633 15.076519 0.002491
1614256128.290633 15.077665 0.002491
1614256128.455633 15.077682 0.002490
1614256128.587634 15.077777 0.002491
1614256128.719634 15.077885 0.002491
1614256128.851634 15.078107 0.002491
1614256128.983634 15.077853 0.002491
1614256129.115635 15.078025 0.002491
1614256129.247635 15.078118 0.002491
1614256129.346635 15.078357 0.002491
1614256129.445636 15.077889 0.002491
1614256129.544636 15.077884 0.002491
1614256129.643636 15.077901 0.002491
1614256129.742636 15.077831 0.002491
1614256129.841637 15.076945 0.002490
1614256129.940637 15.077540 0.002490
1614256130.039637 15.077395 0.002491
1614256130.138637 15.076717 0.002491
1614256130.237637 15.076449 0.002491
1614256130.369638 15.076331 0.002491
1614256130.501638 15.075944 0.002491
1614256130.633638 15.075699 0.002491
1614256130.765639 15.076255 0.002491
1614256130.897639 15.075861 0.002491
1614256131.029639 15.075921 0.002490
1614256131.161640 15.076172 0.002491
1614256131.293640 15.076646 0.002491
1614256131.425640 15.076685 0.002491
1614256131.524641 15.076972 0.002491
1614256131.623641 15.077001 0.002491
1614256131.722641 15.077322 0.002491
1614256131.821641 15.077422 0.002491
1614256131.953641 15.078002 0.002491
1614256132.052642 15.078113 0.002491
1614256132.151642 15.078149 0.002491
1614256132.283642 15.078112 0.002491
1614256132.415643 15.078052 0.002491
1614256132.547643 15.078463 0.002491
1614256132.679643 15.078642 0.002491
1614256132.811643 15.078917 0.002491
1614256132.943644 15.079302 0.002491
1614256133.075644 15.079498 0.002491
1614256133.174644 15.079480 0.002490
1614256133.273644 15.079770 0.002491
1614256133.372645 15.079803 0.002491
1614256133.471645 15.079605 0.002491
1614256133.570645 15.079386 0.002490
1614256133.669646 15.079163 0.002491
1614256133.768646 15.079156 0.002490
1614256133.867646 15.079430 0.002491
1614256133.966646 15.079573 0.002490
1614256134.065647 15.079819 0.002491
1614256134.131647 15.079542 0.002490
1614256134.197647 15.079505 0.002490
1614256134.296647 15.079650 0.002490
1614256134.395647 15.079647 0.002490
1614256134.494648 15.079591 0.002491
1614256134.593648 15.079673 0.002491
1614256134.692648 15.080080 0.002490
1614256134.758648 15.080350 0.002490
1614256134.857648 15.080287 0.002491
1614256134.956648 15.080303 0.002490
1614256135.055649 15.080362 0.002491
1614256135.154649 15.080663 0.002491
1614256135.286649 15.080960 0.002490
1614256135.385650 15.081350 0.002490
1614256135.484650 15.081457 0.002490
1614256135.583650 15.081708 0.002490
1614256135.682650 15.081876 0.002490
1614256135.781651 15.082185 0.002490
1614256135.880651 15.082285 0.002490
1614256136.012651 15.082682 0.002490
1614256136.144651 15.082852 0.002490
1614256136.276652 15.082899 0.002490
1614256136.375652 15.083012 0.002490
1614256136.474652 15.083176 0.002490
1614256136.573653 15.083379 0.002490
1614256136.672652 15.083514 0.002490
1614256136.771653 15.083623 0.002490
1614256136.870653 15.083624 0.002490
1614256136.969653 15.083829 0.002490
1614256137.068654 15.083930 0.002490
1614256137.167654 15.084162 0.002490
1614256137.266654 15.084234 0.002490
1614256137.365654 15.084360 0.002490
1614256137.464654 15.084496 0.002490
1614256137.563655 15.084603 0.002490
1614256137.662655 15.084825 0.002490
1614256137.761655 15.084770 0.002490
1614256137.860656 15.084779 0.002490
1614256137.959656 15.085030 0.002490
1614256138.058656 15.085213 0.002490
1614256138.190656 15.085400 0.002490
1614256138.322657 15.085485 0.002490
1614256138.454657 15.085562 0.002490
1614256138.586657 15.085982 0.002490
1614256138.718657 15.086092 0.002490
1614256138.817658 15.086028 0.002490
1614256138.949658 15.085815 0.002490
1614256139.081658 15.086123 0.002490
1614256139.180659 15.086357 0.002490
1614256139.279659 15.086540 0.002490
1614256139.378659 15.086440 0.002490
1614256139.477659 15.086444 0.002490
1614256139.576660 15.086380 0.002490
1614256139.675660 15.086626 0.002490
1614256139.774660 15.086773 0.002490
1614256139.873660 15.086924 0.002490
1614256139.972661 15.086979 0.002490
1614256140.071661 15.087334 0.002490
1614256140.170661 15.087364 0.002490
1614256140.269661 15.087672 0.002490
1614256140.368661 15.087707 0.002490
1614256140.467662 15.087878 0.002490
1614256140.566662 15.087680 0.002490
1614256140.665662 15.087724 0.002490
1614256140.764663 15.087941 0.002490
1614256140.896663 15.087938 0.002490
1614256140.995663 15.088006 0.002490
1614256141.094663 15.088469 0.002490
1614256141.226663 15.088796 0.002490
1614256141.358664 15.088933 0.002490
1614256141.490664 15.089182 0.002490
1614256141.589664 15.089658 0.002489
1614256141.688665 15.089498 0.002490
1614256141.820665 15.089691 0.002490
1614256141.919665 15.089818 0.002490
1614256142.018666 15.089639 0.002490
1614256142.117666 15.089867 0.002489
1614256142.249666 15.089612 0.002490
1614256142.348666 15.089481 0.002490
1614256142.447666 15.089370 0.002490
1614256142.546667 15.089295 0.002490
1614256142.645667 15.089061 0.002490
1614256142.777667 15.089229 0.002490
1614256142.909667 15.089414 0.002490
1614256143.041668 15.089450 0.002490
1614256143.173668 15.089851 0.002490
1614256143.305668 15.090146 0.002490
1614256143.437669 15.090696 0.002490
1614256143.569669 15.090770 0.002490
1614256143.701669 15.090824 0.002490
1614256143.800670 15.091116 0.002490
1614256143.932670 15.091543 0.002490
1614256144.031670 15.091925 0.002490
1614256144.130670 15.092389 0.002490
1614256144.262671 15.092662 0.002490
1614256144.394671 15.093087 0.002489
1614256144.526671 15.093341 0.002489
1614256144.658672 15.093306 0.002490
1614256144.790672 15.093705 0.002490
1614256144.922672 15.093992 0.002490
1614256145.054673 15.094619 0.002490
1614256145.186673 15.095965 0.002489
1614256145.285673 15.095986 0.002490
1614256145.417674 15.095982 0.002489
1614256145.549674 15.096455 0.002489
1614256145.681674 15.096935 0.002489
1614256145.813674 15.096710 0.002490
1614256145.978675 15.096982 0.002489
1614256146.143675 15.098087 0.002489
1614256146.341676 15.098289 0.002490
1614256146.506676 15.099124 0.002489
1614256146.671676 15.098821 0.002490
1614256146.869677 15.098325 0.002489
