DelayedMarginalization 0.00141923 9.10223e-07 0.0112692 1920
DelayedMarginalizationOnly 0.00067861 4.29938e-07 0.00555595 1920
EF-marginalizeFrame 0.00178751 9.55786e-07 0.0116047 1920
FullSystem::trackNewCoarse 0.00539227 1.21534e-05 0.0305431 6644
FullSystem::trackNewCoarseNoIMU 0.00196432 7.90152e-07 0.0075165 169
FullSystemOptimize 0.131358 0.000635583 0.224368 1926
GraphUnrolling 0.023946 0.000402694 0.0381357 2
IMUInitAddPose 3.4806e-05 3.13997e-09 0.00131583 1926
IMUInitOptimize 0.0415702 0.000502714 0.0767298 26
IMUIntegration::finishKeyframeOperations 4.96081e-05 2.08125e-09 0.00134033 1895
InitializerFirstFrame 0.0250439 -nan 0.0250439 1
InitializerOtherFrames 0.0253269 0.00026118 0.0855666 143
MainMarginalization 0.00161483 9.20685e-07 0.0114532 1920
MarginalizationReplacementBuildGraph 0.00358839 -nan 0.00358839 1
MarginalizationReplacementReplaceGraph 0.0382993 -nan 0.0382993 1
MarginalizeMainGraph 0.00073938 3.57038e-07 0.00826192 1920
PGBA 0.0426501 -nan 0.0426501 1
PGBAFull 0.0252704 0.00101914 0.0478441 2
PrepareGraphForMainOptimization 0.0240689 0.000403043 0.0382648 2
VisualMarginalization 3.00591e-05 4.42011e-09 0.00124643 1920
activatePointsMT 0.00438933 4.16875e-06 0.0161102 1926
addActiveFrame 0.0538571 0.00476949 0.259349 6957
addIMUData 0.00099575 9.46626e-07 0.0154584 6644
addIMUDataToBA 0.000107101 9.49999e-09 0.00218621 6956
addKeyframeToBA 5.17346e-05 1.2977e-09 0.00124283 1926
afterCoarseTracking 2.72868e-07 1.40262e-13 2.6178e-05 6813
baIteration 0.0237802 3.10238e-05 0.0585654 9852
baMatrixInversion 0.000169351 8.32648e-09 0.00252676 9852
baUpdateBuildHessians 0.000594929 3.25582e-07 0.00973583 9852
coarseTrackingIteration 0.000585537 8.45271e-07 0.010196 47843
computeBAUpdate 0.000860851 3.48127e-07 0.0107826 9852
computeCoarseUpdate 0.000319982 5.21652e-07 0.00773264 46484
computeFactorForCoarseGraphAndMarginalCovariances 0.00230095 6.79029e-07 0.0108213 1895
convertHAndBFromDSO 0.000102533 3.87549e-09 0.00208119 17513
debugPlot 1.22251e-07 5.30005e-15 8.71e-07 1926
debugPlotIDepthMap 3.77837e-07 2.25913e-14 2.023e-06 1926
debugPlotIDepthMapFloat 3.30841e-08 4.65638e-16 4.01e-07 1926
deliverTrackedFrame 0.046626 0.00479969 0.253323 6814
flagFramesForMarginalization 1.9107e-06 1.33499e-12 3.7739e-05 1926
fullCoarseTracking 0.00673066 2.17468e-05 0.0795571 6813
initObjectsAndMakeImage 0.00106724 1.13581e-07 0.00378218 6957
makeKeyframe 0.154751 0.000651276 0.253261 1926
makeKeyframeChangeTrackingRef 0.00185886 7.66765e-08 0.00427586 1926
makeNewTraces 0.00343411 1.56655e-07 0.00643767 1926
makeNonKeyframe 0.00391032 1.77558e-06 0.00896769 4888
marginalizeAndRemovePoints 0.00349384 7.66943e-07 0.00833767 1926
marginalizeFrame 0.00355899 1.23663e-06 0.0140764 1920
marginalizeFrameOverhead 0.00176742 1.70326e-07 0.00492671 1920
marginalizeFrames 0.00356194 1.37169e-06 0.0140899 1926
newFrameAndNewResidualsForOldPoints 0.000978132 5.13353e-08 0.0028609 1926
printBiases 7.92591e-06 1.0662e-09 0.000955225 1926
printEigenValLine 1.6058e-07 9.37239e-14 1.3515e-05 1926
printLogLine 0.000141248 7.93249e-08 0.00369388 1926
publishInMakeKeyframe 1.45128e-07 6.48549e-15 1.052e-06 1926
removeOutliers 0.000167179 4.88034e-09 0.00153856 1926
swapTrackingRef 0.00017888 1.10036e-07 0.00304143 1926
timeMeasurement 1.42699e-06 1.17381e-11 0.000178285 6957
traceNewCoarse 0.00354515 1.6693e-06 0.008954 6814
updateBAValues 1.10052e-05 4.42579e-11 0.000265722 18095
zero 1.55164e-07 1.08345e-12 8.3241e-05 6957
