1591949474.678404 -0.064222  0.007945 -0.000001 0.002209 0.000392 0.000000
1591949474.810405 -0.063522  0.007829 -0.000000 0.001910 0.000376 0.000000
1591949474.975405 -0.062966  0.007711 -0.000001 0.001609 0.000355 0.000000
1591949475.107405 -0.062366  0.007616 -0.000001 0.001426 0.000343 0.000000
1591949475.272406 -0.061559  0.007508 -0.000001 0.001241 0.000333 0.000000
1591949475.404406 -0.060735  0.007448 -0.000001 0.001107 0.000322 0.000000
1591949475.503406 -0.059921  0.007494 -0.000001 0.001014 0.000312 0.000000
1591949475.635406 -0.059171  0.007469 -0.000001 0.000917 0.000301 0.000000
1591949475.767407 -0.058388  0.007488 -0.000001 0.000824 0.000291 0.000000
1591949475.866407 -0.057568  0.007589 -0.000001 0.000760 0.000283 0.000000
1591949475.965407 -0.056796  0.007726 -0.000001 0.000700 0.000275 0.000000
1591949476.064408 -0.056156  0.007875 -0.000001 0.000654 0.000269 0.000000
1591949476.163408 -0.055476  0.008023 -0.000001 0.000613 0.000264 0.000000
1591949476.262408 -0.054782  0.008193 -0.000001 0.000572 0.000257 0.000000
1591949476.394408 -0.054143  0.008324 -0.000001 0.000520 0.000249 0.000000
1591949476.526409 -0.053683  0.008410 -0.000002 0.000475 0.000243 0.000000
1591949476.625409 -0.053114  0.008541 -0.000002 0.000445 0.000238 0.000000
1591949476.724409 -0.052482  0.008735 -0.000001 0.000418 0.000233 0.000000
1591949476.823409 -0.051864  0.008919 -0.000001 0.000395 0.000229 0.000000
1591949476.955410 -0.051257  0.009133 -0.000001 0.000364 0.000223 0.000000
1591949477.087410 -0.050838  0.009254 -0.000001 0.000334 0.000217 0.000000
1591949477.219410 -0.050411  0.009371 -0.000001 0.000305 0.000210 0.000000
1591949477.351411 -0.050203  0.009453 -0.000001 0.000277 0.000202 0.000000
1591949477.483411 -0.049821  0.009606 -0.000001 0.000255 0.000196 0.000000
1591949477.615411 -0.049489  0.009727 -0.000001 0.000235 0.000190 0.000000
1591949477.747412 -0.049215  0.009805 -0.000001 0.000216 0.000183 0.000000
1591949477.912412 -0.049011  0.009862 -0.000001 0.000194 0.000174 0.000000
1591949478.044412 -0.048824  0.009891 -0.000000 0.000179 0.000167 0.000000
1591949478.143413 -0.048752  0.009894 -0.000000 0.000172 0.000164 0.000000
1591949478.242413 -0.048646  0.009932 -0.000000 0.000163 0.000160 0.000000
1591949478.341413 -0.048587  0.009928 -0.000000 0.000155 0.000156 0.000000
1591949478.473413 -0.048561  0.009889  0.000000 0.000147 0.000152 0.000000
1591949478.572414 -0.048554  0.009847  0.000000 0.000140 0.000148 0.000000
1591949478.704414 -0.048572  0.009777  0.000000 0.000131 0.000143 0.000000
1591949478.869414 -0.048562  0.009755  0.000000 0.000122 0.000137 0.000000
1591949479.067415 -0.048548  0.009711  0.000000 0.000113 0.000132 0.000000
1591949479.199415 -0.048545  0.009665  0.000000 0.000107 0.000128 0.000000
1591949479.364415 -0.048555  0.009595  0.000000 0.000101 0.000123 0.000000
1591949479.496416 -0.048559  0.009546  0.000000 0.000097 0.000120 0.000000
1591949479.628416 -0.048572  0.009505  0.000000 0.000093 0.000117 0.000000
1591949479.727416 -0.048608  0.009433  0.000000 0.000091 0.000115 0.000000
1591949479.826417 -0.048623  0.009387  0.000000 0.000089 0.000113 0.000000
1591949479.925417 -0.048602  0.009442  0.000000 0.000088 0.000113 0.000000
1591949480.024417 -0.048596  0.009420 -0.000000 0.000086 0.000111 0.000000
1591949480.156417 -0.048610  0.009379 -0.000000 0.000084 0.000109 0.000000
1591949480.288418 -0.048604  0.009355  0.000000 0.000082 0.000107 0.000000
1591949480.420418 -0.048585  0.009387 -0.000000 0.000080 0.000105 0.000000
1591949480.552418 -0.048571  0.009369  0.000000 0.000078 0.000103 0.000000
1591949480.618418 -0.048556  0.009376  0.000000 0.000077 0.000103 0.000000
1591949480.750419 -0.048529  0.009397 -0.000000 0.000076 0.000101 0.000000
1591949480.882419 -0.048535  0.009349  0.000000 0.000075 0.000100 0.000000
1591949481.014420 -0.048533  0.009346  0.000000 0.000074 0.000099 0.000000
1591949481.113420 -0.048530  0.009331  0.000000 0.000073 0.000098 0.000000
1591949481.212420 -0.048530  0.009327  0.000000 0.000072 0.000097 0.000000
1591949481.344420 -0.048547  0.009270 -0.000000 0.000071 0.000096 0.000000
1591949481.476420 -0.048565  0.009242  0.000000 0.000070 0.000095 0.000000
1591949481.608421 -0.048567  0.009245 -0.000000 0.000069 0.000094 0.000000
1591949481.740421 -0.048563  0.009259  0.000000 0.000068 0.000093 0.000000
1591949481.872421 -0.048545  0.009266 -0.000000 0.000067 0.000092 0.000000
1591949482.004422 -0.048553  0.009234  0.000000 0.000066 0.000091 0.000000
1591949482.136422 -0.048536  0.009273  0.000000 0.000066 0.000090 0.000000
1591949482.235422 -0.048515  0.009290  0.000000 0.000065 0.000090 0.000000
1591949482.334423 -0.048511  0.009283  0.000000 0.000065 0.000089 0.000000
1591949482.433423 -0.048517  0.009254  0.000000 0.000064 0.000089 0.000000
1591949482.532423 -0.048533  0.009215  0.000000 0.000064 0.000088 0.000000
1591949482.631423 -0.048531  0.009219 -0.000000 0.000063 0.000088 0.000000
1591949482.730423 -0.048528  0.009222  0.000000 0.000063 0.000087 0.000000
1591949482.829424 -0.048530  0.009209  0.000000 0.000063 0.000087 0.000000
1591949482.928424 -0.048547  0.009170  0.000000 0.000063 0.000087 0.000000
1591949483.027424 -0.048548  0.009171  0.000000 0.000062 0.000086 0.000000
1591949483.126424 -0.048546  0.009176  0.000000 0.000062 0.000086 0.000000
1591949483.225425 -0.048530  0.009198 -0.000000 0.000062 0.000086 0.000000
1591949483.357425 -0.048526  0.009191 -0.000000 0.000062 0.000085 0.000000
1591949483.489425 -0.048509  0.009212  0.000000 0.000061 0.000085 0.000000
1591949483.588425 -0.048511  0.009191  0.000000 0.000061 0.000085 0.000000
1591949483.720426 -0.048511  0.009189 -0.000000 0.000061 0.000084 0.000000
1591949483.852426 -0.048505  0.009203  0.000000 0.000060 0.000084 0.000000
1591949483.951426 -0.048500  0.009209 -0.000000 0.000060 0.000084 0.000000
1591949484.050427 -0.048499  0.009199  0.000000 0.000060 0.000083 0.000000
1591949484.149427 -0.048498  0.009195 -0.000000 0.000060 0.000083 0.000000
1591949484.248427 -0.048501  0.009190  0.000000 0.000059 0.000083 0.000000
1591949484.380427 -0.048500  0.009189  0.000000 0.000059 0.000083 0.000000
1591949484.479428 -0.048504  0.009181 -0.000000 0.000059 0.000082 0.000000
1591949484.611428 -0.048513  0.009162 -0.000000 0.000059 0.000082 0.000000
1591949484.710428 -0.048523  0.009147  0.000000 0.000059 0.000082 0.000000
1591949484.809428 -0.048547  0.009103 -0.000000 0.000059 0.000082 0.000000
1591949484.908428 -0.048550  0.009123 -0.000000 0.000058 0.000081 0.000000
1591949485.007429 -0.048551  0.009124  0.000000 0.000058 0.000081 0.000000
1591949485.106429 -0.048560  0.009101 -0.000000 0.000058 0.000081 0.000000
1591949485.172429 -0.048575  0.009070  0.000000 0.000058 0.000081 0.000000
1591949485.238430 -0.048573  0.009101 -0.000000 0.000058 0.000081 0.000000
1591949485.304430 -0.048576  0.009081  0.000000 0.000058 0.000080 0.000000
1591949485.370430 -0.048573  0.009105  0.000000 0.000058 0.000081 0.000000
1591949485.436430 -0.048572  0.009091  0.000000 0.000058 0.000080 0.000000
1591949485.502430 -0.048570  0.009089  0.000000 0.000058 0.000080 0.000000
1591949485.568430 -0.048572  0.009079  0.000000 0.000058 0.000080 0.000000
1591949485.634430 -0.048574  0.009070  0.000000 0.000057 0.000080 0.000000
1591949485.700431 -0.048576  0.009065  0.000000 0.000057 0.000080 0.000000
1591949485.766431 -0.048587  0.009032  0.000000 0.000057 0.000079 0.000000
1591949485.832431 -0.048598  0.009008  0.000000 0.000057 0.000079 0.000000
1591949485.931431 -0.048602  0.009011  0.000000 0.000057 0.000079 0.000000
1591949486.030431 -0.048609  0.009000 -0.000000 0.000057 0.000078 0.000000
1591949486.129431 -0.048607  0.009013 -0.000000 0.000057 0.000078 0.000000
1591949486.228432 -0.048602  0.009019  0.000000 0.000056 0.000077 0.000000
1591949486.360432 -0.048594  0.009036  0.000000 0.000056 0.000077 0.000000
1591949486.492432 -0.048597  0.009015  0.000000 0.000056 0.000076 0.000000
1591949486.591432 -0.048601  0.009002  0.000000 0.000056 0.000076 0.000000
1591949486.690433 -0.048601  0.009006  0.000000 0.000056 0.000075 0.000000
1591949486.789433 -0.048603  0.008993  0.000000 0.000056 0.000074 0.000000
1591949486.888433 -0.048612  0.008973 -0.000000 0.000055 0.000074 0.000000
1591949486.954433 -0.048610  0.008990 -0.000000 0.000055 0.000073 0.000000
1591949487.020433 -0.048605  0.009001  0.000000 0.000055 0.000073 0.000000
1591949487.086434 -0.048604  0.008992  0.000000 0.000055 0.000073 0.000000
1591949487.152434 -0.048599  0.008998  0.000000 0.000055 0.000072 0.000000
1591949487.218434 -0.048596  0.009009 -0.000000 0.000055 0.000072 0.000000
1591949487.284434 -0.048590  0.009010  0.000000 0.000055 0.000071 0.000000
1591949487.350434 -0.048586  0.009009  0.000000 0.000055 0.000071 0.000000
1591949487.416435 -0.048581  0.009026  0.000000 0.000055 0.000070 0.000000
1591949487.482435 -0.048579  0.009026 -0.000000 0.000054 0.000070 0.000000
1591949487.581435 -0.048573  0.009045 -0.000000 0.000054 0.000069 0.000000
1591949487.680435 -0.048570  0.009026 -0.000000 0.000054 0.000069 0.000000
1591949487.779435 -0.048566  0.009029  0.000000 0.000054 0.000068 0.000000
1591949487.878436 -0.048561  0.009031 -0.000000 0.000054 0.000067 0.000000
1591949487.977436 -0.048554  0.009042 -0.000000 0.000054 0.000066 0.000000
1591949488.076436 -0.048552  0.009026  0.000000 0.000054 0.000066 0.000000
1591949488.175436 -0.048553  0.009008 -0.000000 0.000053 0.000065 0.000000
1591949488.274436 -0.048549  0.009012 -0.000000 0.000053 0.000064 0.000000
1591949488.373437 -0.048544  0.009022  0.000000 0.000053 0.000064 0.000000
1591949488.472437 -0.048538  0.009033  0.000000 0.000053 0.000064 0.000000
1591949488.571437 -0.048535  0.009026 -0.000000 0.000053 0.000063 0.000000
1591949488.670437 -0.048531  0.009026  0.000000 0.000053 0.000063 0.000000
1591949488.769438 -0.048529  0.009018  0.000000 0.000053 0.000062 0.000000
1591949488.868438 -0.048534  0.008984  0.000000 0.000053 0.000062 0.000000
1591949488.967438 -0.048541  0.008964 -0.000000 0.000053 0.000062 0.000000
1591949489.099438 -0.048538  0.008982  0.000000 0.000053 0.000061 0.000000
1591949489.231439 -0.048537  0.008973 -0.000000 0.000053 0.000061 0.000000
1591949489.363439 -0.048537  0.008969  0.000000 0.000052 0.000060 0.000000
1591949489.495439 -0.048531  0.008980  0.000000 0.000052 0.000060 0.000000
1591949489.660440 -0.048523  0.008996  0.000000 0.000052 0.000059 0.000000
1591949489.792440 -0.048522  0.008987 -0.000000 0.000052 0.000059 0.000000
1591949489.957441 -0.048519  0.008985 -0.000000 0.000052 0.000059 0.000000
1591949490.089441 -0.048520  0.008980  0.000000 0.000052 0.000059 0.000000
1591949490.221441 -0.048524  0.008963  0.000000 0.000052 0.000058 0.000000
1591949490.353441 -0.048519  0.008976  0.000000 0.000052 0.000058 0.000000
1591949490.485442 -0.048525  0.008951 -0.000000 0.000052 0.000058 0.000000
1591949490.617442 -0.048520  0.008981 -0.000000 0.000052 0.000058 0.000000
1591949490.749442 -0.048522  0.008959 -0.000000 0.000052 0.000058 0.000000
1591949490.881443 -0.048523  0.008957  0.000000 0.000052 0.000058 0.000000
1591949490.980443 -0.048528  0.008947  0.000000 0.000052 0.000058 0.000000
1591949491.079443 -0.048525  0.008956  0.000000 0.000052 0.000058 0.000000
1591949491.178443 -0.048522  0.008964  0.000000 0.000052 0.000058 0.000000
1591949491.277444 -0.048523  0.008957  0.000000 0.000052 0.000058 0.000000
1591949491.376444 -0.048528  0.008944  0.000000 0.000052 0.000058 0.000000
1591949491.475444 -0.048532  0.008941  0.000000 0.000051 0.000058 0.000000
1591949491.574445 -0.048535  0.008936  0.000000 0.000051 0.000058 0.000000
1591949491.673445 -0.048535  0.008940 -0.000000 0.000051 0.000057 0.000000
1591949491.772445 -0.048533  0.008945  0.000000 0.000051 0.000057 0.000000
1591949491.871445 -0.048536  0.008934  0.000000 0.000051 0.000057 0.000000
1591949491.970445 -0.048540  0.008934 -0.000000 0.000051 0.000057 0.000000
1591949492.069446 -0.048541  0.008936 -0.000000 0.000051 0.000057 0.000000
1591949492.168446 -0.048542  0.008931  0.000000 0.000051 0.000057 0.000000
1591949492.234446 -0.048547  0.008925 -0.000000 0.000051 0.000057 0.000000
1591949492.300446 -0.048550  0.008924 -0.000000 0.000051 0.000057 0.000000
1591949492.366446 -0.048551  0.008922 -0.000000 0.000051 0.000057 0.000000
1591949492.432446 -0.048552  0.008922  0.000000 0.000051 0.000057 0.000000
1591949492.498447 -0.048556  0.008915 -0.000000 0.000051 0.000057 0.000000
1591949492.564447 -0.048559  0.008912 -0.000000 0.000051 0.000057 0.000000
1591949492.630447 -0.048560  0.008914 -0.000000 0.000051 0.000057 0.000000
1591949492.696447 -0.048561  0.008915  0.000000 0.000051 0.000057 0.000000
1591949492.762447 -0.048563  0.008913 -0.000000 0.000051 0.000057 0.000000
1591949492.828448 -0.048561  0.008918 -0.000000 0.000051 0.000057 0.000000
1591949492.894448 -0.048560  0.008919 -0.000000 0.000051 0.000057 0.000000
1591949492.993448 -0.048561  0.008914  0.000000 0.000051 0.000057 0.000000
1591949493.059448 -0.048561  0.008918 -0.000000 0.000051 0.000057 0.000000
1591949493.125448 -0.048560  0.008921 -0.000000 0.000051 0.000057 0.000000
1591949493.191448 -0.048558  0.008920 -0.000000 0.000051 0.000057 0.000000
1591949493.257448 -0.048558  0.008918  0.000000 0.000051 0.000057 0.000000
1591949493.323449 -0.048558  0.008918 -0.000000 0.000051 0.000057 0.000000
1591949493.389449 -0.048559  0.008914  0.000000 0.000051 0.000057 0.000000
1591949493.455449 -0.048561  0.008912  0.000000 0.000051 0.000057 0.000000
1591949493.521449 -0.048562  0.008914 -0.000000 0.000051 0.000057 0.000000
1591949493.587449 -0.048565  0.008910 -0.000000 0.000051 0.000057 0.000000
1591949493.686449 -0.048570  0.008908 -0.000000 0.000051 0.000057 0.000000
1591949493.752450 -0.048569  0.008912  0.000000 0.000051 0.000057 0.000000
1591949493.818450 -0.048572  0.008916  0.000000 0.000051 0.000057 0.000000
1591949493.884450 -0.048564  0.008917 -0.000000 0.000051 0.000057 0.000000
1591949493.950450 -0.048565  0.008916  0.000000 0.000051 0.000057 0.000000
1591949494.016450 -0.048565  0.008914  0.000000 0.000051 0.000057 0.000000
1591949494.082450 -0.048568  0.008907 -0.000000 0.000051 0.000057 0.000000
1591949494.148451 -0.048568  0.008912 -0.000000 0.000051 0.000057 0.000000
1591949494.214451 -0.048570  0.008909 -0.000000 0.000051 0.000057 0.000000
1591949494.280451 -0.048571  0.008907  0.000000 0.000051 0.000057 0.000000
1591949494.346451 -0.048571  0.008911  0.000000 0.000051 0.000057 0.000000
1591949494.412451 -0.048574  0.008907  0.000000 0.000051 0.000057 0.000000
1591949494.478451 -0.048575  0.008907  0.000000 0.000051 0.000057 0.000000
1591949494.544451 -0.048580  0.008901 -0.000000 0.000051 0.000057 0.000000
1591949494.643452 -0.048585  0.008897  0.000000 0.000051 0.000057 0.000000
1591949494.709452 -0.048585  0.008903 -0.000000 0.000051 0.000057 0.000000
1591949494.775452 -0.048585  0.008902  0.000000 0.000051 0.000057 0.000000
1591949494.841452 -0.048585  0.008901  0.000000 0.000051 0.000057 0.000000
1591949494.907452 -0.048586  0.008900  0.000000 0.000051 0.000057 0.000000
1591949494.973453 -0.048587  0.008900  0.000000 0.000051 0.000057 0.000000
1591949495.039453 -0.048586  0.008904 -0.000000 0.000051 0.000057 0.000000
1591949495.105453 -0.048587  0.008900 -0.000000 0.000051 0.000057 0.000000
1591949495.171453 -0.048588  0.008900  0.000000 0.000051 0.000057 0.000000
1591949495.237453 -0.048588  0.008899 -0.000000 0.000051 0.000057 0.000000
1591949495.303453 -0.048589  0.008898  0.000000 0.000051 0.000057 0.000000
1591949495.369453 -0.048589  0.008899 -0.000000 0.000051 0.000057 0.000000
1591949495.435453 -0.048587  0.008904  0.000000 0.000051 0.000057 0.000000
1591949495.501454 -0.048587  0.008901  0.000000 0.000051 0.000057 0.000000
1591949495.567454 -0.048588  0.008901  0.000000 0.000051 0.000057 0.000000
1591949495.633454 -0.048588  0.008902  0.000000 0.000051 0.000057 0.000000
1591949495.699454 -0.048588  0.008903  0.000000 0.000051 0.000057 0.000000
1591949495.765454 -0.048588  0.008904 -0.000000 0.000051 0.000057 0.000000
1591949495.831455 -0.048589  0.008902 -0.000000 0.000051 0.000057 0.000000
1591949495.897455 -0.048591  0.008898  0.000000 0.000051 0.000057 0.000000
1591949495.963455 -0.048593  0.008898 -0.000000 0.000051 0.000057 0.000000
1591949496.029455 -0.048591  0.008904  0.000000 0.000051 0.000057 0.000000
1591949496.095455 -0.048592  0.008898 -0.000000 0.000051 0.000057 0.000000
1591949496.161455 -0.048594  0.008897 -0.000000 0.000051 0.000057 0.000000
1591949496.227455 -0.048593  0.008901  0.000000 0.000051 0.000057 0.000000
1591949496.293456 -0.048592  0.008902 -0.000000 0.000051 0.000057 0.000000
1591949496.359456 -0.048590  0.008903  0.000000 0.000051 0.000057 0.000000
1591949496.425456 -0.048590  0.008903 -0.000000 0.000051 0.000057 0.000000
1591949496.491456 -0.048591  0.008903  0.000000 0.000051 0.000057 0.000000
1591949496.557456 -0.048591  0.008902  0.000000 0.000051 0.000057 0.000000
1591949496.623456 -0.048592  0.008902 -0.000000 0.000051 0.000057 0.000000
1591949496.689457 -0.048593  0.008901 -0.000000 0.000051 0.000057 0.000000
1591949496.755457 -0.048594  0.008897 -0.000000 0.000051 0.000057 0.000000
1591949496.821457 -0.048597  0.008888 -0.000000 0.000051 0.000057 0.000000
1591949496.887457 -0.048600  0.008886 -0.000000 0.000051 0.000057 0.000000
1591949496.953457 -0.048602  0.008882 -0.000000 0.000051 0.000057 0.000000
1591949497.052458 -0.048603  0.008884 -0.000000 0.000051 0.000057 0.000000
1591949497.118458 -0.048597  0.008899  0.000000 0.000051 0.000057 0.000000
1591949497.184458 -0.048594  0.008901  0.000000 0.000051 0.000057 0.000000
1591949497.250458 -0.048590  0.008905  0.000000 0.000051 0.000057 0.000000
1591949497.316458 -0.048590  0.008906  0.000000 0.000051 0.000057 0.000000
1591949497.382458 -0.048589  0.008909  0.000000 0.000051 0.000057 0.000000
1591949497.448458 -0.048588  0.008910  0.000000 0.000051 0.000057 0.000000
1591949497.514458 -0.048589  0.008906  0.000000 0.000051 0.000057 0.000000
1591949497.580459 -0.048588  0.008910 -0.000000 0.000051 0.000057 0.000000
1591949497.679459 -0.048586  0.008917  0.000000 0.000051 0.000057 0.000000
1591949497.745459 -0.048587  0.008911 -0.000000 0.000051 0.000057 0.000000
1591949497.811459 -0.048587  0.008911 -0.000000 0.000051 0.000057 0.000000
1591949497.877460 -0.048585  0.008918 -0.000000 0.000051 0.000057 0.000000
1591949497.943460 -0.048585  0.008916  0.000000 0.000051 0.000057 0.000000
1591949498.009460 -0.048584  0.008926 -0.000000 0.000051 0.000057 0.000000
1591949498.075460 -0.048586  0.008917 -0.000000 0.000051 0.000057 0.000000
1591949498.141460 -0.048585  0.008924 -0.000000 0.000051 0.000057 0.000000
1591949498.207460 -0.048584  0.008920  0.000000 0.000051 0.000057 0.000000
1591949498.273460 -0.048583  0.008920 -0.000000 0.000050 0.000057 0.000000
1591949498.339460 -0.048582  0.008920  0.000000 0.000050 0.000057 0.000000
1591949498.405461 -0.048583  0.008914  0.000000 0.000050 0.000057 0.000000
1591949498.504461 -0.048583  0.008908 -0.000000 0.000050 0.000056 0.000000
1591949498.603461 -0.048583  0.008906 -0.000000 0.000050 0.000056 0.000000
1591949498.702461 -0.048580  0.008914  0.000000 0.000050 0.000056 0.000000
1591949498.801461 -0.048579  0.008912  0.000000 0.000050 0.000056 0.000000
1591949498.867462 -0.048578  0.008915 -0.000000 0.000050 0.000056 0.000000
1591949498.933462 -0.048578  0.008909 -0.000000 0.000050 0.000056 0.000000
1591949498.999462 -0.048577  0.008910  0.000000 0.000050 0.000056 0.000000
1591949499.065462 -0.048574  0.008920  0.000000 0.000050 0.000056 0.000000
1591949499.131462 -0.048572  0.008920 -0.000000 0.000050 0.000056 0.000000
1591949499.230463 -0.048573  0.008915  0.000000 0.000050 0.000056 0.000000
1591949499.296463 -0.048572  0.008916  0.000000 0.000050 0.000056 0.000000
1591949499.395463 -0.048570  0.008918  0.000000 0.000050 0.000056 0.000000
1591949499.494463 -0.048570  0.008917  0.000000 0.000050 0.000056 0.000000
1591949499.593463 -0.048567  0.008920  0.000000 0.000050 0.000056 0.000000
1591949499.659464 -0.048566  0.008925 -0.000000 0.000050 0.000056 0.000000
1591949499.725464 -0.048565  0.008922 -0.000000 0.000050 0.000056 0.000000
1591949499.791464 -0.048563  0.008923  0.000000 0.000050 0.000056 0.000000
1591949499.857464 -0.048565  0.008915  0.000000 0.000050 0.000056 0.000000
1591949499.923464 -0.048567  0.008913  0.000000 0.000050 0.000056 0.000000
1591949500.022465 -0.048566  0.008910 -0.000000 0.000050 0.000056 0.000000
1591949500.121464 -0.048563  0.008919  0.000000 0.000050 0.000056 0.000000
1591949500.220465 -0.048558  0.008927  0.000000 0.000050 0.000056 0.000000
1591949500.319465 -0.048556  0.008925  0.000000 0.000050 0.000056 0.000000
1591949500.418465 -0.048555  0.008928  0.000000 0.000050 0.000056 0.000000
1591949500.517466 -0.048552  0.008935  0.000000 0.000050 0.000056 0.000000
1591949500.616466 -0.048554  0.008926  0.000000 0.000050 0.000056 0.000000
1591949500.715466 -0.048556  0.008921  0.000000 0.000050 0.000056 0.000000
1591949500.814466 -0.048557  0.008921  0.000000 0.000050 0.000056 0.000000
1591949500.913467 -0.048555  0.008925  0.000000 0.000050 0.000056 0.000000
1591949501.012467 -0.048555  0.008920  0.000000 0.000050 0.000056 0.000000
1591949501.078467 -0.048555  0.008918  0.000000 0.000050 0.000056 0.000000
1591949501.177467 -0.048555  0.008918  0.000000 0.000050 0.000056 0.000000
1591949501.276468 -0.048554  0.008924 -0.000000 0.000050 0.000056 0.000000
1591949501.375468 -0.048553  0.008933 -0.000000 0.000050 0.000056 0.000000
1591949501.474468 -0.048550  0.008942  0.000000 0.000050 0.000056 0.000000
1591949501.573468 -0.048549  0.008947 -0.000000 0.000050 0.000056 0.000000
1591949501.672468 -0.048545  0.008960  0.000000 0.000050 0.000056 0.000000
1591949501.771469 -0.048543  0.008962  0.000000 0.000050 0.000055 0.000000
1591949501.870469 -0.048540  0.008973  0.000000 0.000050 0.000055 0.000000
1591949501.969469 -0.048539  0.008987  0.000000 0.000050 0.000055 0.000000
1591949502.068469 -0.048538  0.008999 -0.000000 0.000050 0.000055 0.000000
1591949502.134469 -0.048537  0.009003  0.000000 0.000050 0.000055 0.000000
1591949502.200469 -0.048537  0.009002  0.000000 0.000050 0.000055 0.000000
1591949502.266470 -0.048536  0.009011 -0.000000 0.000050 0.000055 0.000000
1591949502.365470 -0.048534  0.009031 -0.000000 0.000050 0.000055 0.000000
1591949502.464470 -0.048530  0.009056  0.000000 0.000050 0.000054 0.000000
1591949502.563470 -0.048528  0.009072  0.000000 0.000050 0.000054 0.000000
1591949502.662471 -0.048529  0.009076  0.000000 0.000050 0.000054 0.000000
1591949502.761471 -0.048527  0.009101  0.000000 0.000050 0.000054 0.000000
1591949502.893471 -0.048524  0.009124 -0.000000 0.000050 0.000054 0.000000
1591949503.025471 -0.048523  0.009155  0.000000 0.000050 0.000053 0.000000
1591949503.157472 -0.048522  0.009182  0.000000 0.000050 0.000053 0.000000
1591949503.289472 -0.048521  0.009211 -0.000000 0.000050 0.000053 0.000000
1591949503.421473 -0.048521  0.009238  0.000000 0.000050 0.000053 0.000000
1591949503.619473 -0.048521  0.009276 -0.000000 0.000050 0.000052 0.000000
1591949503.817473 -0.048523  0.009302  0.000000 0.000050 0.000052 0.000000
1591949504.015474 -0.048525  0.009324 -0.000000 0.000050 0.000052 0.000000
1591949504.180474 -0.048528  0.009338  0.000000 0.000050 0.000052 0.000000
1591949504.345474 -0.048531  0.009357 -0.000000 0.000050 0.000052 0.000000
1591949504.510475 -0.048532  0.009384 -0.000000 0.000050 0.000051 0.000000
1591949504.675475 -0.048535  0.009399  0.000000 0.000050 0.000051 0.000000
1591949504.840476 -0.048537  0.009409 -0.000000 0.000050 0.000051 0.000000
1591949505.005476 -0.048538  0.009418 -0.000000 0.000050 0.000051 0.000000
1591949505.137477 -0.048542  0.009433 -0.000000 0.000050 0.000051 0.000000
1591949505.269477 -0.048542  0.009442 -0.000000 0.000050 0.000051 0.000000
1591949505.434477 -0.048541  0.009461 -0.000000 0.000050 0.000051 0.000000
1591949505.566478 -0.048540  0.009472 -0.000000 0.000050 0.000051 0.000000
1591949505.698478 -0.048540  0.009487 -0.000000 0.000050 0.000050 0.000000
1591949505.830478 -0.048541  0.009490 -0.000000 0.000050 0.000050 0.000000
1591949505.962479 -0.048540  0.009512 -0.000000 0.000050 0.000050 0.000000
1591949506.094479 -0.048534  0.009525 -0.000000 0.000050 0.000050 0.000000
1591949506.226479 -0.048527  0.009532 -0.000000 0.000050 0.000050 0.000000
1591949506.358479 -0.048512  0.009544 -0.000000 0.000050 0.000050 0.000000
1591949506.490480 -0.048500  0.009551 -0.000000 0.000050 0.000049 0.000000
1591949506.622480 -0.048489  0.009566 -0.000000 0.000049 0.000049 0.000000
1591949506.754480 -0.048469  0.009577 -0.000000 0.000049 0.000049 0.000000
1591949506.886481 -0.048451  0.009594 -0.000000 0.000049 0.000049 0.000000
1591949507.018481 -0.048430  0.009609 -0.000000 0.000049 0.000048 0.000000
1591949507.150481 -0.048403  0.009629 -0.000000 0.000049 0.000048 0.000000
1591949507.282482 -0.048385  0.009634 -0.000000 0.000049 0.000048 0.000000
1591949507.414482 -0.048361  0.009651 -0.000000 0.000049 0.000047 0.000000
1591949507.546482 -0.048320  0.009689 -0.000000 0.000049 0.000047 0.000000
1591949507.678483 -0.048301  0.009699 -0.000000 0.000048 0.000047 0.000000
1591949507.810483 -0.048261  0.009727 -0.000000 0.000048 0.000046 0.000000
1591949507.942483 -0.048214  0.009760 -0.000000 0.000048 0.000046 0.000000
1591949508.074483 -0.048186  0.009779 -0.000000 0.000048 0.000046 0.000000
1591949508.206484 -0.048150  0.009808 -0.000000 0.000047 0.000046 0.000000
1591949508.338484 -0.048111  0.009838 -0.000001 0.000047 0.000045 0.000000
1591949508.437484 -0.048051  0.009884 -0.000000 0.000047 0.000045 0.000000
1591949508.569485 -0.048002  0.009909 -0.000000 0.000046 0.000045 0.000000
1591949508.701485 -0.047965  0.009924 -0.000000 0.000046 0.000044 0.000000
1591949508.833485 -0.047928  0.009941 -0.000000 0.000046 0.000044 0.000000
1591949508.965486 -0.047883  0.009972 -0.000000 0.000045 0.000044 0.000000
1591949509.097486 -0.047858  0.009979 -0.000000 0.000045 0.000043 0.000000
1591949509.229486 -0.047828  0.009989 -0.000000 0.000044 0.000043 0.000000
1591949509.328486 -0.047792  0.010004 -0.000000 0.000044 0.000043 0.000000
1591949509.460487 -0.047744  0.010017 -0.000000 0.000044 0.000042 0.000000
1591949509.592487 -0.047712  0.010023 -0.000000 0.000043 0.000042 0.000000
1591949509.724488 -0.047677  0.010035 -0.000000 0.000043 0.000042 0.000000
1591949509.823488 -0.047652  0.010044 -0.000000 0.000042 0.000041 0.000000
1591949509.922488 -0.047635  0.010058 -0.000000 0.000042 0.000041 0.000000
1591949510.054488 -0.047615  0.010054 -0.000000 0.000041 0.000041 0.000000
1591949510.186489 -0.047597  0.010048 -0.000000 0.000041 0.000040 0.000000
1591949510.285489 -0.047573  0.010050 -0.000000 0.000041 0.000040 0.000000
1591949510.417489 -0.047557  0.010039  0.000000 0.000040 0.000040 0.000000
1591949510.516489 -0.047550  0.010029  0.000000 0.000040 0.000040 0.000000
1591949510.615489 -0.047538  0.010028 -0.000000 0.000039 0.000039 0.000000
1591949510.714490 -0.047525  0.010018  0.000000 0.000039 0.000039 0.000000
1591949510.813490 -0.047510  0.010004  0.000000 0.000039 0.000039 0.000000
1591949510.912490 -0.047502  0.009991  0.000000 0.000038 0.000039 0.000000
1591949511.011491 -0.047494  0.009978  0.000000 0.000038 0.000038 0.000000
1591949511.143491 -0.047477  0.009960  0.000000 0.000037 0.000038 0.000000
1591949511.275491 -0.047460  0.009940  0.000000 0.000037 0.000038 0.000000
1591949511.407491 -0.047454  0.009932  0.000000 0.000037 0.000037 0.000000
1591949511.506492 -0.047441  0.009916  0.000000 0.000036 0.000037 0.000000
1591949511.605492 -0.047443  0.009905  0.000000 0.000036 0.000037 0.000000
1591949511.704492 -0.047451  0.009882  0.000000 0.000036 0.000036 0.000000
1591949511.803492 -0.047452  0.009876  0.000000 0.000035 0.000036 0.000000
1591949511.902493 -0.047447  0.009867  0.000000 0.000035 0.000036 0.000000
1591949512.001493 -0.047446  0.009858  0.000000 0.000035 0.000036 0.000000
1591949512.100493 -0.047441  0.009842  0.000000 0.000035 0.000036 0.000000
1591949512.199493 -0.047436  0.009829  0.000000 0.000034 0.000035 0.000000
1591949512.298493 -0.047432  0.009826  0.000000 0.000034 0.000035 0.000000
1591949512.397494 -0.047429  0.009824 -0.000000 0.000034 0.000035 0.000000
1591949512.496494 -0.047439  0.009811  0.000000 0.000034 0.000035 0.000000
1591949512.595494 -0.047442  0.009802  0.000000 0.000033 0.000034 0.000000
1591949512.694494 -0.047441  0.009799  0.000000 0.000033 0.000034 0.000000
1591949512.793495 -0.047443  0.009782  0.000000 0.000033 0.000034 0.000000
1591949512.859495 -0.047444  0.009771  0.000000 0.000033 0.000034 0.000000
1591949512.925495 -0.047448  0.009762  0.000000 0.000033 0.000034 0.000000
1591949512.991495 -0.047450  0.009772 -0.000000 0.000032 0.000034 0.000000
1591949513.057495 -0.047456  0.009767  0.000000 0.000032 0.000034 0.000000
1591949513.123495 -0.047460  0.009765  0.000000 0.000032 0.000033 0.000000
1591949513.189496 -0.047461  0.009760  0.000000 0.000032 0.000033 0.000000
1591949513.255496 -0.047465  0.009752  0.000000 0.000032 0.000033 0.000000
1591949513.354496 -0.047467  0.009754 -0.000000 0.000032 0.000033 0.000000
1591949513.420496 -0.047471  0.009751  0.000000 0.000032 0.000033 0.000000
1591949513.486496 -0.047475  0.009738  0.000000 0.000031 0.000033 0.000000
1591949513.552496 -0.047481  0.009744  0.000000 0.000031 0.000033 0.000000
1591949513.618497 -0.047482  0.009750 -0.000000 0.000031 0.000033 0.000000
1591949513.684497 -0.047486  0.009743  0.000000 0.000031 0.000033 0.000000
1591949513.750497 -0.047490  0.009747 -0.000000 0.000031 0.000032 0.000000
1591949513.816497 -0.047492  0.009746  0.000000 0.000031 0.000032 0.000000
1591949513.882497 -0.047496  0.009739  0.000000 0.000031 0.000032 0.000000
1591949513.948497 -0.047500  0.009736  0.000000 0.000031 0.000032 0.000000
1591949514.047498 -0.047506  0.009733  0.000000 0.000030 0.000032 0.000000
1591949514.146498 -0.047509  0.009735 -0.000000 0.000030 0.000032 0.000000
1591949514.245498 -0.047520  0.009731 -0.000000 0.000030 0.000032 0.000000
1591949514.344498 -0.047525  0.009741 -0.000000 0.000030 0.000032 0.000000
1591949514.410499 -0.047538  0.009754 -0.000000 0.000030 0.000032 0.000000
1591949514.476499 -0.047542  0.009761 -0.000000 0.000030 0.000032 0.000000
1591949514.542499 -0.047550  0.009755  0.000000 0.000030 0.000032 0.000000
1591949514.608499 -0.047557  0.009753  0.000000 0.000030 0.000031 0.000000
1591949514.674499 -0.047561  0.009754  0.000000 0.000030 0.000031 0.000000
1591949514.773499 -0.047574  0.009754  0.000000 0.000030 0.000031 0.000000
1591949514.872500 -0.047588  0.009750  0.000000 0.000029 0.000031 0.000000
1591949514.938500 -0.047592  0.009759 -0.000000 0.000029 0.000031 0.000000
1591949515.004500 -0.047590  0.009764 -0.000000 0.000029 0.000031 0.000000
1591949515.103500 -0.047589  0.009767  0.000000 0.000029 0.000031 0.000000
1591949515.169500 -0.047593  0.009772 -0.000000 0.000029 0.000031 0.000000
1591949515.235501 -0.047599  0.009772 -0.000000 0.000029 0.000031 0.000000
1591949515.301501 -0.047607  0.009775 -0.000000 0.000029 0.000031 0.000000
1591949515.367501 -0.047614  0.009776 -0.000000 0.000029 0.000031 0.000000
1591949515.433501 -0.047622  0.009791 -0.000000 0.000029 0.000031 0.000000
1591949515.499501 -0.047630  0.009798  0.000000 0.000029 0.000031 0.000000
1591949515.565501 -0.047639  0.009799  0.000000 0.000029 0.000031 0.000000
1591949515.631501 -0.047646  0.009800 -0.000000 0.000029 0.000030 0.000000
1591949515.697502 -0.047648  0.009799 -0.000000 0.000029 0.000030 0.000000
1591949515.763502 -0.047650  0.009798 -0.000000 0.000029 0.000030 0.000000
1591949515.829502 -0.047653  0.009801 -0.000000 0.000029 0.000030 0.000000
1591949515.928502 -0.047661  0.009806 -0.000000 0.000028 0.000030 0.000000
1591949516.027502 -0.047677  0.009823 -0.000000 0.000028 0.000030 0.000000
1591949516.093503 -0.047686  0.009822  0.000000 0.000028 0.000030 0.000000
1591949516.159503 -0.047694  0.009824  0.000000 0.000028 0.000030 0.000000
1591949516.225503 -0.047710  0.009833  0.000000 0.000028 0.000030 0.000000
1591949516.291503 -0.047712  0.009828  0.000000 0.000028 0.000030 0.000000
1591949516.357503 -0.047712  0.009824 -0.000000 0.000028 0.000030 0.000000
1591949516.423503 -0.047714  0.009828 -0.000000 0.000028 0.000030 0.000000
1591949516.489503 -0.047717  0.009829 -0.000000 0.000028 0.000030 0.000000
1591949516.588504 -0.047727  0.009835  0.000000 0.000028 0.000030 0.000000
1591949516.687504 -0.047738  0.009837 -0.000000 0.000028 0.000030 0.000000
1591949516.786504 -0.047754  0.009848 -0.000000 0.000028 0.000030 0.000000
1591949516.885504 -0.047765  0.009852  0.000000 0.000028 0.000030 0.000000
1591949516.951504 -0.047764  0.009851  0.000000 0.000028 0.000030 0.000000
1591949517.017504 -0.047767  0.009859 -0.000000 0.000028 0.000030 0.000000
1591949517.083505 -0.047771  0.009862 -0.000000 0.000028 0.000029 0.000000
1591949517.149505 -0.047776  0.009862  0.000000 0.000028 0.000029 0.000000
1591949517.215505 -0.047778  0.009856 -0.000000 0.000028 0.000029 0.000000
1591949517.281505 -0.047779  0.009853 -0.000000 0.000028 0.000029 0.000000
1591949517.347505 -0.047791  0.009856 -0.000000 0.000028 0.000029 0.000000
1591949517.413506 -0.047798  0.009858 -0.000000 0.000028 0.000029 0.000000
1591949517.479506 -0.047800  0.009856  0.000000 0.000028 0.000029 0.000000
1591949517.578506 -0.047803  0.009851  0.000000 0.000028 0.000029 0.000000
1591949517.644506 -0.047815  0.009853  0.000000 0.000028 0.000029 0.000000
1591949517.710506 -0.047819  0.009848  0.000000 0.000028 0.000029 0.000000
1591949517.776506 -0.047823  0.009849  0.000000 0.000028 0.000029 0.000000
1591949517.842506 -0.047827  0.009847  0.000000 0.000027 0.000029 0.000000
1591949517.941507 -0.047838  0.009849 -0.000000 0.000027 0.000029 0.000000
1591949518.040507 -0.047847  0.009847  0.000000 0.000027 0.000029 0.000000
1591949518.139507 -0.047856  0.009847  0.000000 0.000027 0.000029 0.000000
1591949518.205507 -0.047856  0.009836  0.000000 0.000027 0.000029 0.000000
1591949518.271508 -0.047856  0.009835  0.000000 0.000027 0.000029 0.000000
1591949518.337508 -0.047857  0.009836  0.000000 0.000027 0.000029 0.000000
1591949518.403508 -0.047858  0.009834  0.000000 0.000027 0.000029 0.000000
1591949518.469508 -0.047866  0.009842  0.000000 0.000027 0.000029 0.000000
1591949518.535508 -0.047870  0.009841  0.000000 0.000027 0.000029 0.000000
1591949518.601508 -0.047870  0.009842  0.000000 0.000027 0.000029 0.000000
1591949518.667508 -0.047873  0.009849 -0.000000 0.000027 0.000029 0.000000
1591949518.733509 -0.047876  0.009846  0.000000 0.000027 0.000029 0.000000
1591949518.799509 -0.047879  0.009844  0.000000 0.000027 0.000029 0.000000
1591949518.865509 -0.047882  0.009843  0.000000 0.000027 0.000029 0.000000
1591949518.931509 -0.047889  0.009840  0.000000 0.000027 0.000029 0.000000
1591949518.997509 -0.047894  0.009842  0.000000 0.000027 0.000029 0.000000
1591949519.063509 -0.047895  0.009844 -0.000000 0.000027 0.000029 0.000000
1591949519.129510 -0.047897  0.009846 -0.000000 0.000027 0.000029 0.000000
1591949519.195510 -0.047897  0.009840  0.000000 0.000027 0.000029 0.000000
1591949519.261510 -0.047898  0.009839 -0.000000 0.000027 0.000029 0.000000
1591949519.327510 -0.047901  0.009843 -0.000000 0.000027 0.000029 0.000000
1591949519.393510 -0.047903  0.009841 -0.000000 0.000027 0.000029 0.000000
1591949519.459511 -0.047905  0.009844  0.000000 0.000027 0.000029 0.000000
1591949519.558511 -0.047913  0.009850 -0.000000 0.000027 0.000029 0.000000
1591949519.624511 -0.047914  0.009851 -0.000000 0.000027 0.000028 0.000000
1591949519.690511 -0.047918  0.009849  0.000000 0.000027 0.000028 0.000000
1591949519.789511 -0.047921  0.009851 -0.000000 0.000027 0.000028 0.000000
1591949519.855512 -0.047924  0.009857 -0.000000 0.000027 0.000028 0.000000
1591949519.921512 -0.047922  0.009849  0.000000 0.000027 0.000028 0.000000
1591949519.987512 -0.047924  0.009848 -0.000000 0.000027 0.000028 0.000000
1591949520.053512 -0.047927  0.009847 -0.000000 0.000027 0.000028 0.000000
1591949520.119512 -0.047934  0.009854 -0.000000 0.000027 0.000028 0.000000
1591949520.185512 -0.047935  0.009856 -0.000000 0.000027 0.000028 0.000000
1591949520.251512 -0.047932  0.009856  0.000000 0.000027 0.000028 0.000000
1591949520.317513 -0.047929  0.009852 -0.000000 0.000027 0.000028 0.000000
1591949520.383512 -0.047927  0.009849 -0.000000 0.000027 0.000028 0.000000
1591949520.449513 -0.047925  0.009851  0.000000 0.000027 0.000028 0.000000
1591949520.515513 -0.047930  0.009857 -0.000000 0.000027 0.000028 0.000000
1591949520.581513 -0.047938  0.009863 -0.000000 0.000027 0.000028 0.000000
1591949520.647513 -0.047940  0.009867  0.000000 0.000027 0.000028 0.000000
1591949520.713513 -0.047940  0.009869  0.000000 0.000027 0.000028 0.000000
1591949520.779514 -0.047942  0.009871 -0.000000 0.000027 0.000028 0.000000
1591949520.878514 -0.047943  0.009877 -0.000000 0.000027 0.000028 0.000000
1591949520.944514 -0.047951  0.009884 -0.000000 0.000027 0.000028 0.000000
1591949521.010514 -0.047951  0.009881  0.000000 0.000027 0.000028 0.000000
1591949521.076514 -0.047953  0.009888 -0.000000 0.000027 0.000028 0.000000
1591949521.142514 -0.047959  0.009893  0.000000 0.000027 0.000028 0.000000
1591949521.208514 -0.047960  0.009892  0.000000 0.000027 0.000028 0.000000
1591949521.274515 -0.047957  0.009889 -0.000000 0.000027 0.000028 0.000000
1591949521.340515 -0.047957  0.009891 -0.000000 0.000027 0.000028 0.000000
1591949521.406515 -0.047958  0.009893  0.000000 0.000027 0.000028 0.000000
1591949521.472515 -0.047957  0.009891 -0.000000 0.000027 0.000028 0.000000
1591949521.538516 -0.047958  0.009889  0.000000 0.000027 0.000028 0.000000
1591949521.637516 -0.047964  0.009894 -0.000000 0.000027 0.000028 0.000000
1591949521.769516 -0.047977  0.009898  0.000000 0.000027 0.000028 0.000000
1591949521.901516 -0.047977  0.009898  0.000000 0.000027 0.000028 0.000000
1591949522.000517 -0.047978  0.009893  0.000000 0.000027 0.000028 0.000000
1591949522.099517 -0.047982  0.009890  0.000000 0.000027 0.000028 0.000000
1591949522.198517 -0.047981  0.009885  0.000000 0.000027 0.000028 0.000000
1591949522.264517 -0.047982  0.009886  0.000000 0.000027 0.000028 0.000000
1591949522.363518 -0.047983  0.009884  0.000000 0.000027 0.000028 0.000000
1591949522.429518 -0.047982  0.009881 -0.000000 0.000027 0.000028 0.000000
1591949522.495518 -0.047984  0.009879  0.000000 0.000027 0.000028 0.000000
1591949522.561518 -0.047986  0.009879  0.000000 0.000027 0.000028 0.000000
1591949522.627518 -0.047991  0.009879  0.000000 0.000027 0.000028 0.000000
1591949522.726518 -0.047998  0.009887 -0.000000 0.000027 0.000028 0.000000
1591949522.825519 -0.048001  0.009886  0.000000 0.000027 0.000028 0.000000
1591949522.891519 -0.047997  0.009884  0.000000 0.000027 0.000028 0.000000
1591949522.957519 -0.047997  0.009884 -0.000000 0.000027 0.000028 0.000000
1591949523.023519 -0.047996  0.009885  0.000000 0.000027 0.000028 0.000000
1591949523.089519 -0.047996  0.009886 -0.000000 0.000027 0.000028 0.000000
1591949523.155519 -0.047997  0.009886 -0.000000 0.000027 0.000028 0.000000
1591949523.221519 -0.048001  0.009889 -0.000000 0.000027 0.000028 0.000000
1591949523.287519 -0.048001  0.009890  0.000000 0.000027 0.000028 0.000000
1591949523.353520 -0.048000  0.009893 -0.000000 0.000027 0.000028 0.000000
1591949523.419520 -0.048001  0.009896 -0.000000 0.000027 0.000028 0.000000
1591949523.485520 -0.048005  0.009900 -0.000000 0.000027 0.000028 0.000000
1591949523.551520 -0.048006  0.009895  0.000000 0.000027 0.000028 0.000000
1591949523.617520 -0.048008  0.009895  0.000000 0.000027 0.000028 0.000000
1591949523.683521 -0.048005  0.009895 -0.000000 0.000027 0.000028 0.000000
1591949523.749521 -0.048008  0.009895  0.000000 0.000027 0.000028 0.000000
1591949523.848521 -0.048012  0.009895  0.000000 0.000027 0.000028 0.000000
1591949523.947521 -0.048018  0.009897  0.000000 0.000027 0.000028 0.000000
1591949524.046521 -0.048017  0.009893  0.000000 0.000027 0.000028 0.000000
1591949524.112521 -0.048016  0.009891  0.000000 0.000027 0.000028 0.000000
1591949524.178522 -0.048012  0.009888 -0.000000 0.000027 0.000028 0.000000
1591949524.244522 -0.048009  0.009886 -0.000000 0.000027 0.000028 0.000000
1591949524.310522 -0.048016  0.009893 -0.000000 0.000027 0.000028 0.000000
1591949524.376522 -0.048024  0.009899  0.000000 0.000027 0.000028 0.000000
1591949524.442522 -0.048023  0.009898 -0.000000 0.000027 0.000028 0.000000
1591949524.508523 -0.048023  0.009899  0.000000 0.000027 0.000028 0.000000
1591949524.574523 -0.048018  0.009897 -0.000000 0.000027 0.000028 0.000000
1591949524.640523 -0.048015  0.009897 -0.000000 0.000027 0.000028 0.000000
1591949524.706523 -0.048015  0.009901 -0.000000 0.000027 0.000028 0.000000
1591949524.772523 -0.048023  0.009906 -0.000000 0.000027 0.000028 0.000000
1591949524.838523 -0.048023  0.009909 -0.000000 0.000027 0.000028 0.000000
1591949524.904524 -0.048025  0.009909 -0.000000 0.000027 0.000028 0.000000
1591949524.970524 -0.048029  0.009918  0.000000 0.000027 0.000028 0.000000
1591949525.036524 -0.048033  0.009918 -0.000000 0.000027 0.000028 0.000000
1591949525.102524 -0.048029  0.009916 -0.000000 0.000027 0.000028 0.000000
1591949525.168524 -0.048030  0.009915 -0.000000 0.000027 0.000028 0.000000
1591949525.234524 -0.048030  0.009916  0.000000 0.000027 0.000028 0.000000
1591949525.300524 -0.048032  0.009916  0.000000 0.000027 0.000028 0.000000
1591949525.366524 -0.048038  0.009916 -0.000000 0.000027 0.000028 0.000000
1591949525.432524 -0.048041  0.009920  0.000000 0.000027 0.000028 0.000000
1591949525.498525 -0.048037  0.009918 -0.000000 0.000027 0.000028 0.000000
1591949525.564525 -0.048046  0.009916 -0.000000 0.000027 0.000028 0.000000
1591949525.630525 -0.048045  0.009919 -0.000000 0.000027 0.000027 0.000000
1591949525.729525 -0.048048  0.009927 -0.000000 0.000027 0.000027 0.000000
1591949525.828526 -0.048051  0.009937 -0.000000 0.000027 0.000027 0.000000
1591949525.894526 -0.048044  0.009924  0.000000 0.000027 0.000027 0.000000
1591949525.993526 -0.048042  0.009921  0.000000 0.000027 0.000027 0.000000
1591949526.059526 -0.048044  0.009922  0.000000 0.000027 0.000027 0.000000
1591949526.125526 -0.048037  0.009924 -0.000000 0.000027 0.000027 0.000000
1591949526.191526 -0.048033  0.009924 -0.000000 0.000027 0.000027 0.000000
1591949526.290527 -0.048041  0.009930 -0.000000 0.000027 0.000027 0.000000
1591949526.356527 -0.048050  0.009940  0.000000 0.000027 0.000027 0.000000
1591949526.422527 -0.048053  0.009935  0.000000 0.000027 0.000027 0.000000
1591949526.488527 -0.048053  0.009931  0.000000 0.000027 0.000027 0.000000
1591949526.554527 -0.048048  0.009929 -0.000000 0.000027 0.000027 0.000000
1591949526.620527 -0.048047  0.009928  0.000000 0.000027 0.000027 0.000000
1591949526.686528 -0.048048  0.009929  0.000000 0.000027 0.000027 0.000000
1591949526.752528 -0.048048  0.009933  0.000000 0.000027 0.000027 0.000000
1591949526.851528 -0.048052  0.009929  0.000000 0.000027 0.000027 0.000000
1591949526.950528 -0.048054  0.009930 -0.000000 0.000027 0.000027 0.000000
1591949527.016528 -0.048053  0.009931 -0.000000 0.000027 0.000027 0.000000
1591949527.082529 -0.048053  0.009933 -0.000000 0.000027 0.000027 0.000000
1591949527.148529 -0.048056  0.009935 -0.000000 0.000027 0.000027 0.000000
1591949527.214529 -0.048055  0.009932  0.000000 0.000027 0.000027 0.000000
1591949527.280529 -0.048053  0.009931  0.000000 0.000027 0.000027 0.000000
1591949527.346529 -0.048052  0.009933 -0.000000 0.000027 0.000027 0.000000
1591949527.412529 -0.048055  0.009934  0.000000 0.000027 0.000027 0.000000
1591949527.511529 -0.048056  0.009933  0.000000 0.000027 0.000027 0.000000
1591949527.577530 -0.048052  0.009930  0.000000 0.000027 0.000027 0.000000
1591949527.643530 -0.048052  0.009933 -0.000000 0.000027 0.000027 0.000000
1591949527.742530 -0.048054  0.009935 -0.000000 0.000027 0.000027 0.000000
1591949527.841530 -0.048062  0.009937 -0.000000 0.000027 0.000027 0.000000
1591949527.940531 -0.048067  0.009936  0.000000 0.000027 0.000027 0.000000
1591949528.006531 -0.048073  0.009930  0.000000 0.000027 0.000027 0.000000
1591949528.072531 -0.048059  0.009916  0.000000 0.000027 0.000027 0.000000
1591949528.138531 -0.048060  0.009920 -0.000000 0.000027 0.000027 0.000000
1591949528.204531 -0.048057  0.009919 -0.000000 0.000027 0.000027 0.000000
1591949528.303531 -0.048059  0.009916  0.000000 0.000027 0.000027 0.000000
1591949528.402532 -0.048059  0.009912  0.000000 0.000027 0.000027 0.000000
1591949528.501532 -0.048057  0.009902  0.000000 0.000027 0.000027 0.000000
1591949528.600532 -0.048063  0.009904  0.000000 0.000027 0.000027 0.000000
1591949528.666532 -0.048072  0.009900  0.000000 0.000027 0.000027 0.000000
1591949528.732533 -0.048069  0.009890  0.000000 0.000027 0.000027 0.000000
1591949528.798533 -0.048068  0.009885  0.000000 0.000027 0.000027 0.000000
1591949528.864533 -0.048067  0.009884 -0.000000 0.000027 0.000027 0.000000
1591949528.963533 -0.048068  0.009874  0.000000 0.000027 0.000027 0.000000
1591949529.029533 -0.048071  0.009871  0.000000 0.000027 0.000027 0.000000
1591949529.095533 -0.048074  0.009868  0.000000 0.000027 0.000027 0.000000
1591949529.161533 -0.048076  0.009864 -0.000000 0.000027 0.000026 0.000000
1591949529.260534 -0.048089  0.009860  0.000000 0.000027 0.000026 0.000000
1591949529.326534 -0.048100  0.009861  0.000000 0.000027 0.000026 0.000000
1591949529.392534 -0.048096  0.009852  0.000000 0.000027 0.000026 0.000000
1591949529.458534 -0.048099  0.009848 -0.000000 0.000027 0.000026 0.000000
1591949529.524534 -0.048089  0.009850 -0.000000 0.000027 0.000026 0.000000
1591949529.623535 -0.048095  0.009848  0.000000 0.000027 0.000026 0.000000
1591949529.722535 -0.048097  0.009842  0.000000 0.000027 0.000026 0.000000
1591949529.821535 -0.048097  0.009837  0.000000 0.000027 0.000026 0.000000
1591949529.920535 -0.048107  0.009829  0.000000 0.000027 0.000026 0.000000
1591949529.986535 -0.048104  0.009827  0.000000 0.000027 0.000026 0.000000
1591949530.052536 -0.048102  0.009827  0.000000 0.000027 0.000026 0.000000
1591949530.118536 -0.048107  0.009826  0.000000 0.000027 0.000026 0.000000
1591949530.184536 -0.048107  0.009824  0.000000 0.000027 0.000026 0.000000
1591949530.250536 -0.048108  0.009821  0.000000 0.000027 0.000026 0.000000
1591949530.316536 -0.048109  0.009818 -0.000000 0.000027 0.000026 0.000000
1591949530.382536 -0.048115  0.009813 -0.000000 0.000027 0.000026 0.000000
1591949530.448537 -0.048106  0.009809  0.000000 0.000027 0.000026 0.000000
1591949530.514537 -0.048108  0.009810 -0.000000 0.000027 0.000026 0.000000
1591949530.580537 -0.048110  0.009807  0.000000 0.000027 0.000026 0.000000
1591949530.646537 -0.048111  0.009804  0.000000 0.000027 0.000026 0.000000
1591949530.712537 -0.048111  0.009801  0.000000 0.000027 0.000026 0.000000
1591949530.778537 -0.048115  0.009801  0.000000 0.000027 0.000026 0.000000
1591949530.844537 -0.048119  0.009795  0.000000 0.000027 0.000026 0.000000
1591949530.910538 -0.048119  0.009793  0.000000 0.000027 0.000026 0.000000
1591949530.976538 -0.048123  0.009794  0.000000 0.000027 0.000026 0.000000
1591949531.042538 -0.048120  0.009801 -0.000000 0.000027 0.000026 0.000000
1591949531.108538 -0.048128  0.009807  0.000000 0.000027 0.000026 0.000000
1591949531.174538 -0.048128  0.009803  0.000000 0.000027 0.000026 0.000000
1591949531.240538 -0.048128  0.009797 -0.000000 0.000027 0.000026 0.000000
1591949531.306539 -0.048129  0.009795  0.000000 0.000027 0.000026 0.000000
1591949531.372539 -0.048132  0.009786  0.000000 0.000027 0.000026 0.000000
1591949531.438539 -0.048127  0.009788 -0.000000 0.000027 0.000026 0.000000
1591949531.504539 -0.048122  0.009784  0.000000 0.000027 0.000026 0.000000
1591949531.570539 -0.048123  0.009780  0.000000 0.000027 0.000026 0.000000
1591949531.636539 -0.048126  0.009784  0.000000 0.000027 0.000026 0.000000
1591949531.735540 -0.048133  0.009777  0.000000 0.000027 0.000026 0.000000
1591949531.834540 -0.048132  0.009777  0.000000 0.000027 0.000026 0.000000
1591949531.933540 -0.048134  0.009765  0.000000 0.000027 0.000026 0.000000
1591949532.032540 -0.048134  0.009751  0.000000 0.000027 0.000026 0.000000
1591949532.131541 -0.048124  0.009739  0.000000 0.000027 0.000026 0.000000
1591949532.230541 -0.048128  0.009738  0.000000 0.000027 0.000026 0.000000
1591949532.329541 -0.048122  0.009736  0.000000 0.000027 0.000026 0.000000
1591949532.428541 -0.048121  0.009723  0.000000 0.000027 0.000026 0.000000
1591949532.527541 -0.048113  0.009721 -0.000000 0.000027 0.000026 0.000000
1591949532.626542 -0.048103  0.009722 -0.000000 0.000027 0.000026 0.000000
1591949532.725542 -0.048101  0.009714  0.000000 0.000027 0.000026 0.000000
1591949532.791542 -0.048091  0.009713  0.000000 0.000027 0.000026 0.000000
1591949532.890542 -0.048088  0.009703  0.000000 0.000027 0.000026 0.000000
1591949532.989543 -0.048082  0.009696  0.000000 0.000027 0.000026 0.000000
1591949533.088543 -0.048077  0.009690 -0.000000 0.000027 0.000026 0.000000
1591949533.187543 -0.048072  0.009680  0.000000 0.000027 0.000026 0.000000
1591949533.286543 -0.048067  0.009676  0.000000 0.000027 0.000026 0.000000
1591949533.385543 -0.048063  0.009671  0.000000 0.000027 0.000026 0.000000
1591949533.484544 -0.048063  0.009667 -0.000000 0.000027 0.000026 0.000000
1591949533.583544 -0.048051  0.009656  0.000000 0.000027 0.000026 0.000000
1591949533.682544 -0.048049  0.009656  0.000000 0.000026 0.000026 0.000000
1591949533.781544 -0.048045  0.009651  0.000000 0.000026 0.000026 0.000000
1591949533.880545 -0.048043  0.009643  0.000000 0.000026 0.000026 0.000000
1591949533.979545 -0.048043  0.009642  0.000000 0.000026 0.000026 0.000000
1591949534.078545 -0.048047  0.009641  0.000000 0.000026 0.000026 0.000000
1591949534.144545 -0.048048  0.009637 -0.000000 0.000026 0.000026 0.000000
1591949534.210545 -0.048046  0.009639 -0.000000 0.000026 0.000026 0.000000
1591949534.276546 -0.048042  0.009640 -0.000000 0.000026 0.000026 0.000000
1591949534.342546 -0.048042  0.009633  0.000000 0.000026 0.000026 0.000000
1591949534.408546 -0.048042  0.009629  0.000000 0.000026 0.000026 0.000000
1591949534.474546 -0.048042  0.009625  0.000000 0.000026 0.000026 0.000000
1591949534.540546 -0.048039  0.009617  0.000000 0.000026 0.000026 0.000000
1591949534.606546 -0.048034  0.009618  0.000000 0.000026 0.000026 0.000000
1591949534.672547 -0.048033  0.009622  0.000000 0.000026 0.000026 0.000000
1591949534.738547 -0.048033  0.009623  0.000000 0.000026 0.000026 0.000000
1591949534.804547 -0.048030  0.009616  0.000000 0.000026 0.000026 0.000000
1591949534.870547 -0.048026  0.009612  0.000000 0.000026 0.000026 0.000000
1591949534.936547 -0.048032  0.009608  0.000000 0.000026 0.000026 0.000000
1591949535.002547 -0.048034  0.009608  0.000000 0.000026 0.000026 0.000000
1591949535.068547 -0.048033  0.009608  0.000000 0.000026 0.000026 0.000000
1591949535.134548 -0.048036  0.009599  0.000000 0.000026 0.000026 0.000000
1591949535.200548 -0.048036  0.009594  0.000000 0.000026 0.000026 0.000000
1591949535.266548 -0.048037  0.009585  0.000000 0.000026 0.000026 0.000000
1591949535.332548 -0.048038  0.009584  0.000000 0.000026 0.000026 0.000000
1591949535.398548 -0.048035  0.009586  0.000000 0.000026 0.000026 0.000000
1591949535.464548 -0.048036  0.009581  0.000000 0.000026 0.000026 0.000000
1591949535.530549 -0.048035  0.009580  0.000000 0.000026 0.000026 0.000000
1591949535.596549 -0.048036  0.009577  0.000000 0.000026 0.000026 0.000000
1591949535.662549 -0.048034  0.009575 -0.000000 0.000026 0.000026 0.000000
1591949535.728549 -0.048033  0.009574  0.000000 0.000026 0.000026 0.000000
1591949535.794549 -0.048032  0.009571  0.000000 0.000026 0.000026 0.000000
1591949535.893549 -0.048036  0.009566  0.000000 0.000026 0.000026 0.000000
1591949535.959550 -0.048034  0.009567  0.000000 0.000026 0.000026 0.000000
1591949536.025550 -0.048033  0.009558 -0.000000 0.000026 0.000026 0.000000
1591949536.091550 -0.048029  0.009559  0.000000 0.000026 0.000025 0.000000
1591949536.157550 -0.048028  0.009553  0.000000 0.000026 0.000025 0.000000
1591949536.223550 -0.048026  0.009550  0.000000 0.000026 0.000025 0.000000
1591949536.289550 -0.048024  0.009548 -0.000000 0.000026 0.000025 0.000000
1591949536.355551 -0.048022  0.009550 -0.000000 0.000026 0.000025 0.000000
1591949536.421551 -0.048021  0.009547  0.000000 0.000026 0.000025 0.000000
1591949536.520551 -0.048021  0.009543  0.000000 0.000026 0.000025 0.000000
1591949536.619551 -0.048021  0.009534  0.000000 0.000026 0.000025 0.000000
1591949536.718551 -0.048018  0.009534  0.000000 0.000026 0.000025 0.000000
1591949536.817552 -0.048021  0.009521  0.000000 0.000026 0.000025 0.000000
1591949536.916552 -0.048020  0.009524  0.000000 0.000026 0.000025 0.000000
1591949537.015552 -0.048021  0.009509  0.000000 0.000026 0.000025 0.000000
1591949537.114552 -0.048017  0.009504 -0.000000 0.000026 0.000025 0.000000
1591949537.213552 -0.048015  0.009501 -0.000000 0.000026 0.000025 0.000000
1591949537.345553 -0.048012  0.009503  0.000000 0.000026 0.000025 0.000000
1591949537.444553 -0.048012  0.009487  0.000000 0.000026 0.000025 0.000000
1591949537.543553 -0.048013  0.009478  0.000000 0.000026 0.000025 0.000000
1591949537.642553 -0.048013  0.009473  0.000000 0.000026 0.000025 0.000000
1591949537.741554 -0.048012  0.009471 -0.000000 0.000026 0.000025 0.000000
1591949537.840554 -0.048009  0.009471  0.000000 0.000026 0.000025 0.000000
1591949537.939554 -0.048013  0.009459  0.000000 0.000026 0.000025 0.000000
1591949538.005554 -0.048010  0.009458 -0.000000 0.000026 0.000025 0.000000
1591949538.071555 -0.048012  0.009457  0.000000 0.000026 0.000025 0.000000
1591949538.170555 -0.048013  0.009454  0.000000 0.000026 0.000025 0.000000
1591949538.269555 -0.048019  0.009450  0.000000 0.000026 0.000025 0.000000
1591949538.368555 -0.048018  0.009450 -0.000000 0.000026 0.000025 0.000000
1591949538.467555 -0.048022  0.009443  0.000000 0.000026 0.000025 0.000000
1591949538.566556 -0.048026  0.009439  0.000000 0.000026 0.000025 0.000000
1591949538.665556 -0.048018  0.009439 -0.000000 0.000026 0.000025 0.000000
1591949538.764556 -0.048019  0.009442 -0.000000 0.000026 0.000025 0.000000
1591949538.863556 -0.048020  0.009435  0.000000 0.000026 0.000025 0.000000
1591949538.962557 -0.048021  0.009435  0.000000 0.000026 0.000025 0.000000
1591949539.061557 -0.048022  0.009434  0.000000 0.000026 0.000025 0.000000
1591949539.160557 -0.048018  0.009436  0.000000 0.000026 0.000025 0.000000
1591949539.259557 -0.048013  0.009436 -0.000000 0.000026 0.000025 0.000000
1591949539.358557 -0.048012  0.009431 -0.000000 0.000026 0.000025 0.000000
1591949539.457558 -0.048010  0.009429  0.000000 0.000026 0.000025 0.000000
1591949539.556558 -0.048010  0.009430  0.000000 0.000026 0.000025 0.000000
1591949539.688558 -0.048007  0.009432 -0.000000 0.000026 0.000025 0.000000
1591949539.820559 -0.048005  0.009429 -0.000000 0.000026 0.000025 0.000000
1591949539.919559 -0.048003  0.009431 -0.000000 0.000026 0.000025 0.000000
1591949540.018559 -0.048000  0.009430 -0.000000 0.000026 0.000025 0.000000
1591949540.117559 -0.047998  0.009430  0.000000 0.000026 0.000025 0.000000
1591949540.216560 -0.047997  0.009431 -0.000000 0.000026 0.000025 0.000000
1591949540.315560 -0.047995  0.009430  0.000000 0.000026 0.000025 0.000000
1591949540.414560 -0.047990  0.009434  0.000000 0.000026 0.000025 0.000000
1591949540.513560 -0.047988  0.009437  0.000000 0.000026 0.000025 0.000000
1591949540.612560 -0.047987  0.009436  0.000000 0.000026 0.000025 0.000000
1591949540.678560 -0.047986  0.009434  0.000000 0.000026 0.000025 0.000000
1591949540.777561 -0.047988  0.009439  0.000000 0.000026 0.000025 0.000000
1591949540.876561 -0.047981  0.009441  0.000000 0.000026 0.000025 0.000000
1591949540.975561 -0.047984  0.009446 -0.000000 0.000026 0.000025 0.000000
1591949541.074562 -0.047981  0.009447  0.000000 0.000026 0.000025 0.000000
1591949541.173562 -0.047977  0.009448  0.000000 0.000026 0.000025 0.000000
1591949541.272562 -0.047979  0.009452 -0.000000 0.000026 0.000025 0.000000
1591949541.371562 -0.047964  0.009457 -0.000000 0.000026 0.000025 0.000000
1591949541.470562 -0.047959  0.009461  0.000000 0.000026 0.000025 0.000000
1591949541.569563 -0.047949  0.009462 -0.000000 0.000026 0.000025 0.000000
1591949541.668563 -0.047949  0.009462 -0.000000 0.000026 0.000025 0.000000
1591949541.734563 -0.047943  0.009466 -0.000000 0.000026 0.000025 0.000000
1591949541.833563 -0.047945  0.009474  0.000000 0.000026 0.000025 0.000000
1591949541.932564 -0.047931  0.009469 -0.000000 0.000026 0.000025 0.000000
1591949542.031564 -0.047923  0.009473 -0.000000 0.000026 0.000025 0.000000
1591949542.130564 -0.047917  0.009479 -0.000000 0.000026 0.000025 0.000000
1591949542.229564 -0.047912  0.009474  0.000000 0.000026 0.000025 0.000000
1591949542.328564 -0.047903  0.009471  0.000000 0.000026 0.000025 0.000000
1591949542.427565 -0.047887  0.009473 -0.000000 0.000026 0.000025 0.000000
1591949542.526565 -0.047873  0.009470 -0.000000 0.000026 0.000025 0.000000
1591949542.625565 -0.047867  0.009467  0.000000 0.000026 0.000025 0.000000
1591949542.724566 -0.047858  0.009471 -0.000000 0.000026 0.000025 0.000000
1591949542.823566 -0.047843  0.009470 -0.000000 0.000026 0.000025 0.000000
1591949542.922566 -0.047847  0.009466 -0.000000 0.000025 0.000025 0.000000
1591949543.021566 -0.047836  0.009467  0.000000 0.000025 0.000025 0.000000
1591949543.120567 -0.047823  0.009470  0.000000 0.000025 0.000025 0.000000
1591949543.219567 -0.047812  0.009469  0.000000 0.000025 0.000025 0.000000
1591949543.318567 -0.047789  0.009474 -0.000000 0.000025 0.000025 0.000000
1591949543.417567 -0.047793  0.009470  0.000000 0.000025 0.000025 0.000000
1591949543.516567 -0.047789  0.009473  0.000000 0.000025 0.000025 0.000000
1591949543.615568 -0.047777  0.009475  0.000000 0.000025 0.000025 0.000000
1591949543.714568 -0.047773  0.009480  0.000000 0.000025 0.000025 0.000000
1591949543.813568 -0.047760  0.009485 -0.000000 0.000025 0.000025 0.000000
1591949543.912568 -0.047755  0.009472 -0.000000 0.000025 0.000025 0.000000
1591949544.011569 -0.047749  0.009476  0.000000 0.000025 0.000025 0.000000
1591949544.110569 -0.047741  0.009482  0.000000 0.000025 0.000025 0.000000
1591949544.209569 -0.047734  0.009481 -0.000000 0.000025 0.000025 0.000000
1591949544.308569 -0.047732  0.009481  0.000000 0.000025 0.000025 0.000000
1591949544.407569 -0.047728  0.009481  0.000000 0.000025 0.000025 0.000000
1591949544.473570 -0.047719  0.009480 -0.000000 0.000025 0.000025 0.000000
1591949544.572570 -0.047719  0.009483  0.000000 0.000025 0.000025 0.000000
1591949544.671570 -0.047722  0.009482 -0.000000 0.000025 0.000025 0.000000
1591949544.737570 -0.047723  0.009486 -0.000000 0.000025 0.000025 0.000000
1591949544.803571 -0.047728  0.009485  0.000000 0.000025 0.000025 0.000000
1591949544.869570 -0.047729  0.009484  0.000000 0.000025 0.000025 0.000000
1591949544.935571 -0.047730  0.009484 -0.000000 0.000025 0.000025 0.000000
1591949545.001571 -0.047733  0.009486  0.000000 0.000025 0.000025 0.000000
1591949545.100571 -0.047730  0.009490 -0.000000 0.000025 0.000025 0.000000
1591949545.166571 -0.047729  0.009491  0.000000 0.000025 0.000025 0.000000
1591949545.265572 -0.047729  0.009490 -0.000000 0.000025 0.000025 0.000000
1591949545.331572 -0.047728  0.009493 -0.000000 0.000025 0.000025 0.000000
1591949545.397572 -0.047725  0.009494  0.000000 0.000025 0.000025 0.000000
1591949545.463572 -0.047726  0.009494 -0.000000 0.000025 0.000025 0.000000
1591949545.562572 -0.047721  0.009494  0.000000 0.000025 0.000025 0.000000
1591949545.661572 -0.047724  0.009492  0.000000 0.000025 0.000025 0.000000
1591949545.760573 -0.047723  0.009491 -0.000000 0.000025 0.000025 0.000000
1591949545.859573 -0.047722  0.009488  0.000000 0.000025 0.000025 0.000000
1591949545.958573 -0.047726  0.009483  0.000000 0.000025 0.000025 0.000000
1591949546.057573 -0.047725  0.009486  0.000000 0.000025 0.000025 0.000000
1591949546.156574 -0.047718  0.009489  0.000000 0.000025 0.000025 0.000000
1591949546.255574 -0.047715  0.009486  0.000000 0.000025 0.000025 0.000000
1591949546.354574 -0.047718  0.009477  0.000000 0.000025 0.000025 0.000000
1591949546.453574 -0.047723  0.009477 -0.000000 0.000025 0.000025 0.000000
1591949546.552575 -0.047726  0.009478  0.000000 0.000025 0.000025 0.000000
1591949546.651575 -0.047723  0.009480  0.000000 0.000025 0.000025 0.000000
1591949546.750575 -0.047718  0.009478  0.000000 0.000025 0.000025 0.000000
1591949546.816575 -0.047717  0.009476  0.000000 0.000025 0.000025 0.000000
1591949546.882575 -0.047716  0.009468  0.000000 0.000025 0.000025 0.000000
1591949546.981576 -0.047725  0.009467  0.000000 0.000025 0.000025 0.000000
1591949547.080576 -0.047724  0.009467  0.000000 0.000025 0.000024 0.000000
1591949547.179576 -0.047725  0.009466  0.000000 0.000025 0.000024 0.000000
1591949547.278576 -0.047729  0.009462  0.000000 0.000025 0.000024 0.000000
1591949547.377576 -0.047731  0.009457 -0.000000 0.000025 0.000024 0.000000
1591949547.476577 -0.047728  0.009455  0.000000 0.000025 0.000024 0.000000
1591949547.575577 -0.047730  0.009449  0.000000 0.000025 0.000024 0.000000
1591949547.641577 -0.047731  0.009444 -0.000000 0.000025 0.000024 0.000000
1591949547.707577 -0.047731  0.009443  0.000000 0.000025 0.000024 0.000000
1591949547.806577 -0.047727  0.009440  0.000000 0.000025 0.000024 0.000000
1591949547.872578 -0.047727  0.009434 -0.000000 0.000025 0.000024 0.000000
1591949547.971578 -0.047731  0.009429  0.000000 0.000025 0.000024 0.000000
1591949548.070578 -0.047732  0.009425  0.000000 0.000025 0.000024 0.000000
1591949548.169579 -0.047730  0.009420 -0.000000 0.000025 0.000024 0.000000
1591949548.268579 -0.047725  0.009418  0.000000 0.000025 0.000024 0.000000
1591949548.367579 -0.047729  0.009413  0.000000 0.000025 0.000024 0.000000
1591949548.466579 -0.047736  0.009409  0.000000 0.000025 0.000024 0.000000
1591949548.565579 -0.047736  0.009405  0.000000 0.000025 0.000024 0.000000
1591949548.664580 -0.047737  0.009402 -0.000000 0.000025 0.000024 0.000000
1591949548.763580 -0.047739  0.009391 -0.000000 0.000025 0.000024 0.000000
1591949548.862580 -0.047746  0.009380  0.000000 0.000025 0.000024 0.000000
1591949548.961580 -0.047751  0.009377  0.000000 0.000025 0.000024 0.000000
1591949549.060580 -0.047746  0.009380 -0.000000 0.000025 0.000024 0.000000
1591949549.159581 -0.047742  0.009377 -0.000000 0.000025 0.000024 0.000000
1591949549.258581 -0.047743  0.009373 -0.000000 0.000025 0.000024 0.000000
1591949549.357581 -0.047739  0.009370  0.000000 0.000025 0.000024 0.000000
1591949549.456581 -0.047738  0.009363  0.000000 0.000025 0.000024 0.000000
1591949549.555582 -0.047740  0.009357 -0.000000 0.000025 0.000024 0.000000
1591949549.654582 -0.047744  0.009354  0.000000 0.000025 0.000024 0.000000
1591949549.720582 -0.047743  0.009351 -0.000000 0.000025 0.000024 0.000000
1591949549.786582 -0.047745  0.009348  0.000000 0.000025 0.000024 0.000000
1591949549.852582 -0.047753  0.009349  0.000000 0.000024 0.000024 0.000000
1591949549.918582 -0.047752  0.009344  0.000000 0.000024 0.000024 0.000000
1591949549.984583 -0.047750  0.009339  0.000000 0.000024 0.000024 0.000000
1591949550.050583 -0.047754  0.009338  0.000000 0.000024 0.000024 0.000000
1591949550.116583 -0.047748  0.009340  0.000000 0.000024 0.000024 0.000000
1591949550.182583 -0.047751  0.009340  0.000000 0.000024 0.000024 0.000000
1591949550.248583 -0.047752  0.009339  0.000000 0.000024 0.000024 0.000000
1591949550.314584 -0.047757  0.009331  0.000000 0.000024 0.000024 0.000000
1591949550.380584 -0.047753  0.009326  0.000000 0.000024 0.000024 0.000000
1591949550.446584 -0.047763  0.009320  0.000000 0.000024 0.000024 0.000000
1591949550.512584 -0.047760  0.009321 -0.000000 0.000024 0.000024 0.000000
1591949550.578584 -0.047761  0.009321  0.000000 0.000024 0.000024 0.000000
1591949550.644584 -0.047756  0.009321  0.000000 0.000024 0.000024 0.000000
1591949550.710584 -0.047747  0.009319  0.000000 0.000024 0.000024 0.000000
1591949550.809585 -0.047748  0.009312  0.000000 0.000024 0.000024 0.000000
1591949550.908585 -0.047745  0.009303  0.000000 0.000024 0.000024 0.000000
1591949551.007585 -0.047741  0.009303  0.000000 0.000024 0.000024 0.000000
1591949551.106585 -0.047735  0.009290  0.000000 0.000024 0.000024 0.000000
1591949551.205586 -0.047733  0.009286  0.000000 0.000024 0.000024 0.000000
1591949551.304586 -0.047741  0.009277 -0.000000 0.000024 0.000024 0.000000
1591949551.403586 -0.047745  0.009276 -0.000000 0.000024 0.000024 0.000000
1591949551.502586 -0.047745  0.009271  0.000000 0.000024 0.000024 0.000000
1591949551.601586 -0.047748  0.009268  0.000000 0.000024 0.000024 0.000000
1591949551.700587 -0.047755  0.009269  0.000000 0.000024 0.000024 0.000000
1591949551.799587 -0.047761  0.009265  0.000000 0.000024 0.000024 0.000000
1591949551.898587 -0.047758  0.009265  0.000000 0.000024 0.000024 0.000000
1591949551.997587 -0.047756  0.009254  0.000000 0.000024 0.000024 0.000000
1591949552.096588 -0.047755  0.009237  0.000000 0.000024 0.000024 0.000000
1591949552.228588 -0.047755  0.009223  0.000000 0.000024 0.000024 0.000000
1591949552.360588 -0.047764  0.009215 -0.000000 0.000024 0.000024 0.000000
1591949552.459589 -0.047769  0.009205  0.000000 0.000024 0.000024 0.000000
1591949552.558589 -0.047769  0.009206 -0.000000 0.000024 0.000024 0.000000
1591949552.657589 -0.047778  0.009209 -0.000000 0.000024 0.000024 0.000000
1591949552.756589 -0.047781  0.009201  0.000000 0.000024 0.000024 0.000000
1591949552.855589 -0.047785  0.009205  0.000000 0.000024 0.000024 0.000000
1591949552.954590 -0.047777  0.009202  0.000000 0.000024 0.000024 0.000000
1591949553.053590 -0.047774  0.009197  0.000000 0.000024 0.000024 0.000000
1591949553.152590 -0.047775  0.009189 -0.000000 0.000024 0.000024 0.000000
1591949553.251590 -0.047770  0.009185 -0.000000 0.000024 0.000024 0.000000
1591949553.350591 -0.047769  0.009176  0.000000 0.000024 0.000024 0.000000
1591949553.449591 -0.047765  0.009171  0.000000 0.000024 0.000024 0.000000
1591949553.548591 -0.047766  0.009163  0.000000 0.000024 0.000024 0.000000
1591949553.614591 -0.047756  0.009157 -0.000000 0.000024 0.000024 0.000000
1591949553.680591 -0.047757  0.009143  0.000000 0.000024 0.000024 0.000000
1591949553.746592 -0.047765  0.009143 -0.000000 0.000024 0.000024 0.000000
1591949553.845592 -0.047763  0.009142 -0.000000 0.000024 0.000024 0.000000
1591949553.944592 -0.047769  0.009132  0.000000 0.000024 0.000024 0.000000
1591949554.076592 -0.047771  0.009133 -0.000000 0.000024 0.000024 0.000000
1591949554.175592 -0.047765  0.009132 -0.000000 0.000024 0.000024 0.000000
1591949554.274593 -0.047765  0.009125  0.000000 0.000024 0.000024 0.000000
1591949554.373593 -0.047771  0.009111  0.000000 0.000024 0.000024 0.000000
1591949554.439593 -0.047769  0.009110 -0.000000 0.000024 0.000024 0.000000
1591949554.538593 -0.047762  0.009114 -0.000000 0.000024 0.000024 0.000000
1591949554.637594 -0.047771  0.009111 -0.000000 0.000024 0.000024 0.000000
1591949554.703594 -0.047764  0.009115  0.000000 0.000024 0.000024 0.000000
1591949554.769594 -0.047759  0.009115  0.000000 0.000024 0.000024 0.000000
1591949554.868594 -0.047752  0.009113 -0.000000 0.000024 0.000024 0.000000
1591949554.934594 -0.047759  0.009110 -0.000000 0.000024 0.000024 0.000000
1591949555.000594 -0.047764  0.009107  0.000000 0.000024 0.000024 0.000000
1591949555.066595 -0.047764  0.009108 -0.000000 0.000024 0.000024 0.000000
1591949555.132595 -0.047761  0.009112 -0.000000 0.000024 0.000024 0.000000
1591949555.198595 -0.047762  0.009113 -0.000000 0.000024 0.000024 0.000000
1591949555.264595 -0.047760  0.009107  0.000000 0.000024 0.000024 0.000000
1591949555.330595 -0.047762  0.009098  0.000000 0.000024 0.000024 0.000000
1591949555.396595 -0.047770  0.009098 -0.000000 0.000024 0.000024 0.000000
1591949555.462596 -0.047768  0.009096  0.000000 0.000024 0.000024 0.000000
1591949555.528596 -0.047756  0.009097  0.000000 0.000024 0.000024 0.000000
1591949555.594596 -0.047764  0.009090  0.000000 0.000024 0.000024 0.000000
1591949555.660596 -0.047770  0.009093  0.000000 0.000024 0.000024 0.000000
1591949555.759596 -0.047775  0.009082  0.000000 0.000024 0.000024 0.000000
1591949555.858597 -0.047767  0.009080  0.000000 0.000024 0.000024 0.000000
1591949555.957597 -0.047757  0.009095 -0.000000 0.000024 0.000024 0.000000
1591949556.023597 -0.047768  0.009098 -0.000000 0.000024 0.000024 0.000000
1591949556.122597 -0.047773  0.009101 -0.000000 0.000024 0.000024 0.000000
1591949556.221597 -0.047777  0.009093  0.000000 0.000024 0.000024 0.000000
1591949556.320598 -0.047773  0.009091  0.000000 0.000024 0.000024 0.000000
1591949556.419598 -0.047752  0.009101 -0.000000 0.000024 0.000024 0.000000
1591949556.485598 -0.047748  0.009104 -0.000000 0.000024 0.000024 0.000000
1591949556.551598 -0.047754  0.009100  0.000000 0.000024 0.000024 0.000000
1591949556.650598 -0.047754  0.009103 -0.000000 0.000024 0.000024 0.000000
1591949556.716599 -0.047745  0.009113 -0.000000 0.000024 0.000024 0.000000
1591949556.782599 -0.047756  0.009109  0.000000 0.000024 0.000024 0.000000
1591949556.848599 -0.047761  0.009108 -0.000000 0.000024 0.000024 0.000000
1591949556.914599 -0.047773  0.009098  0.000000 0.000024 0.000024 0.000000
1591949556.980599 -0.047770  0.009098 -0.000000 0.000024 0.000024 0.000000
1591949557.046599 -0.047771  0.009099 -0.000000 0.000024 0.000024 0.000000
1591949557.112600 -0.047774  0.009097 -0.000000 0.000024 0.000024 0.000000
1591949557.178600 -0.047762  0.009108 -0.000000 0.000024 0.000024 0.000000
1591949557.244600 -0.047756  0.009113 -0.000000 0.000024 0.000024 0.000000
1591949557.310600 -0.047765  0.009116 -0.000000 0.000024 0.000024 0.000000
1591949557.376600 -0.047768  0.009114 -0.000000 0.000024 0.000024 0.000000
1591949557.442600 -0.047764  0.009115 -0.000000 0.000024 0.000024 0.000000
1591949557.508600 -0.047764  0.009114 -0.000000 0.000024 0.000024 0.000000
1591949557.574601 -0.047763  0.009113  0.000000 0.000024 0.000024 0.000000
1591949557.640601 -0.047771  0.009103  0.000000 0.000024 0.000024 0.000000
1591949557.706601 -0.047767  0.009100  0.000000 0.000024 0.000024 0.000000
1591949557.772601 -0.047760  0.009102 -0.000000 0.000024 0.000024 0.000000
1591949557.838601 -0.047762  0.009108 -0.000000 0.000024 0.000024 0.000000
1591949557.904601 -0.047767  0.009108 -0.000000 0.000024 0.000024 0.000000
1591949557.970602 -0.047757  0.009113  0.000000 0.000024 0.000024 0.000000
1591949558.036602 -0.047750  0.009113  0.000000 0.000024 0.000024 0.000000
1591949558.102602 -0.047739  0.009120 -0.000000 0.000024 0.000024 0.000000
1591949558.168602 -0.047748  0.009115 -0.000000 0.000024 0.000024 0.000000
1591949558.234602 -0.047753  0.009116 -0.000000 0.000024 0.000024 0.000000
1591949558.300602 -0.047757  0.009113 -0.000000 0.000024 0.000024 0.000000
1591949558.366602 -0.047751  0.009123 -0.000000 0.000024 0.000024 0.000000
1591949558.432603 -0.047745  0.009127 -0.000000 0.000024 0.000024 0.000000
1591949558.498603 -0.047739  0.009132 -0.000000 0.000024 0.000024 0.000000
1591949558.564603 -0.047736  0.009135 -0.000000 0.000024 0.000024 0.000000
1591949558.630603 -0.047737  0.009143 -0.000000 0.000024 0.000024 0.000000
1591949558.696603 -0.047737  0.009147 -0.000000 0.000024 0.000024 0.000000
1591949558.762604 -0.047744  0.009138  0.000000 0.000024 0.000024 0.000000
1591949558.828604 -0.047751  0.009134 -0.000000 0.000024 0.000024 0.000000
1591949558.894604 -0.047746  0.009133 -0.000000 0.000024 0.000024 0.000000
1591949558.960604 -0.047738  0.009138 -0.000000 0.000024 0.000024 0.000000
1591949559.026604 -0.047739  0.009139  0.000000 0.000024 0.000024 0.000000
1591949559.092604 -0.047739  0.009139  0.000000 0.000024 0.000024 0.000000
1591949559.158604 -0.047736  0.009147 -0.000000 0.000024 0.000024 0.000000
1591949559.224604 -0.047732  0.009156 -0.000000 0.000024 0.000024 0.000000
1591949559.290605 -0.047726  0.009161 -0.000000 0.000024 0.000024 0.000000
1591949559.356605 -0.047730  0.009161 -0.000000 0.000024 0.000024 0.000000
1591949559.422605 -0.047733  0.009164 -0.000000 0.000024 0.000024 0.000000
1591949559.488605 -0.047734  0.009166 -0.000000 0.000024 0.000024 0.000000
1591949559.554605 -0.047730  0.009168 -0.000000 0.000024 0.000024 0.000000
1591949559.620605 -0.047728  0.009169 -0.000000 0.000024 0.000024 0.000000
1591949559.686605 -0.047732  0.009171 -0.000000 0.000024 0.000024 0.000000
1591949559.752606 -0.047734  0.009171 -0.000000 0.000024 0.000024 0.000000
1591949559.818606 -0.047727  0.009178 -0.000000 0.000024 0.000024 0.000000
1591949559.884606 -0.047732  0.009181 -0.000000 0.000024 0.000024 0.000000
1591949559.950606 -0.047733  0.009182 -0.000000 0.000024 0.000023 0.000000
1591949560.016607 -0.047737  0.009186 -0.000000 0.000024 0.000023 0.000000
1591949560.115607 -0.047739  0.009186  0.000000 0.000024 0.000023 0.000000
1591949560.214607 -0.047741  0.009189 -0.000000 0.000024 0.000023 0.000000
1591949560.313607 -0.047736  0.009197 -0.000000 0.000024 0.000023 0.000000
1591949560.412607 -0.047735  0.009202 -0.000000 0.000024 0.000023 0.000000
1591949560.478608 -0.047740  0.009203  0.000000 0.000024 0.000023 0.000000
1591949560.544608 -0.047742  0.009208  0.000000 0.000024 0.000023 0.000000
1591949560.610608 -0.047744  0.009211 -0.000000 0.000024 0.000023 0.000000
1591949560.709608 -0.047742  0.009221 -0.000000 0.000024 0.000023 0.000000
1591949560.775608 -0.047745  0.009225  0.000000 0.000024 0.000023 0.000000
1591949560.874608 -0.047745  0.009233  0.000000 0.000024 0.000023 0.000000
1591949560.973609 -0.047753  0.009240 -0.000000 0.000024 0.000023 0.000000
1591949561.072609 -0.047750  0.009255 -0.000000 0.000024 0.000023 0.000000
1591949561.171609 -0.047751  0.009262 -0.000000 0.000024 0.000023 0.000000
1591949561.237609 -0.047745  0.009266 -0.000000 0.000024 0.000023 0.000000
1591949561.303610 -0.047756  0.009272 -0.000000 0.000024 0.000023 0.000000
1591949561.402610 -0.047771  0.009272  0.000000 0.000024 0.000023 0.000000
1591949561.501610 -0.047765  0.009289 -0.000000 0.000024 0.000023 0.000000
1591949561.600610 -0.047759  0.009302 -0.000000 0.000024 0.000023 0.000000
1591949561.699610 -0.047765  0.009315 -0.000000 0.000024 0.000023 0.000000
1591949561.798611 -0.047780  0.009315 -0.000000 0.000024 0.000023 0.000000
1591949561.897611 -0.047782  0.009323 -0.000000 0.000024 0.000023 0.000000
1591949561.996611 -0.047789  0.009332 -0.000000 0.000024 0.000023 0.000000
1591949562.095611 -0.047782  0.009338  0.000000 0.000024 0.000023 0.000000
1591949562.194612 -0.047797  0.009338  0.000000 0.000024 0.000023 0.000000
1591949562.293612 -0.047810  0.009342 -0.000000 0.000024 0.000023 0.000000
1591949562.392612 -0.047808  0.009347 -0.000000 0.000024 0.000023 0.000000
1591949562.491612 -0.047819  0.009357  0.000000 0.000024 0.000023 0.000000
1591949562.623613 -0.047824  0.009372 -0.000000 0.000024 0.000023 0.000000
1591949562.755613 -0.047845  0.009373  0.000000 0.000024 0.000023 0.000000
1591949562.887613 -0.047863  0.009377  0.000000 0.000024 0.000023 0.000000
1591949563.052614 -0.047849  0.009405 -0.000000 0.000024 0.000023 0.000000
1591949563.184614 -0.047860  0.009417 -0.000000 0.000024 0.000023 0.000000
1591949563.316614 -0.047874  0.009426  0.000000 0.000024 0.000023 0.000000
1591949563.448615 -0.047881  0.009441  0.000000 0.000024 0.000023 0.000000
1591949563.613615 -0.047894  0.009450  0.000000 0.000024 0.000023 0.000000
1591949563.745615 -0.047904  0.009461  0.000000 0.000024 0.000023 0.000000
1591949563.877616 -0.047917  0.009474  0.000000 0.000024 0.000023 0.000000
1591949564.042616 -0.047930  0.009485 -0.000000 0.000024 0.000023 0.000000
1591949564.174616 -0.047938  0.009488  0.000000 0.000024 0.000023 0.000000
1591949564.339617 -0.047948  0.009504 -0.000000 0.000024 0.000023 0.000000
1591949564.504617 -0.047951  0.009523 -0.000000 0.000024 0.000023 0.000000
1591949564.636617 -0.047963  0.009528 -0.000000 0.000024 0.000023 0.000000
1591949564.768618 -0.047973  0.009533 -0.000000 0.000024 0.000023 0.000000
1591949564.900618 -0.047988  0.009531 -0.000000 0.000024 0.000023 0.000000
1591949565.032618 -0.047998  0.009537 -0.000000 0.000024 0.000023 0.000000
1591949565.164619 -0.048017  0.009524  0.000000 0.000024 0.000023 0.000000
1591949565.296619 -0.048025  0.009524  0.000000 0.000024 0.000023 0.000000
1591949565.395619 -0.048035  0.009524 -0.000000 0.000024 0.000023 0.000000
1591949565.527620 -0.048034  0.009530 -0.000000 0.000024 0.000023 0.000000
1591949565.626620 -0.048042  0.009516  0.000000 0.000024 0.000023 0.000000
1591949565.725620 -0.048041  0.009518  0.000000 0.000024 0.000023 0.000000
1591949565.824620 -0.048059  0.009502  0.000000 0.000024 0.000023 0.000000
1591949565.923620 -0.048055  0.009509 -0.000000 0.000024 0.000023 0.000000
1591949566.022621 -0.048052  0.009512 -0.000000 0.000024 0.000023 0.000000
1591949566.121621 -0.048058  0.009510  0.000000 0.000024 0.000023 0.000000
1591949566.220621 -0.048060  0.009484 -0.000000 0.000024 0.000023 0.000000
1591949566.319621 -0.048059  0.009487 -0.000000 0.000024 0.000023 0.000000
1591949566.418622 -0.048061  0.009489 -0.000000 0.000024 0.000023 0.000000
1591949566.517622 -0.048054  0.009494  0.000000 0.000024 0.000023 0.000000
1591949566.616622 -0.048054  0.009497 -0.000000 0.000024 0.000023 0.000000
1591949566.715622 -0.048057  0.009497  0.000000 0.000024 0.000023 0.000000
1591949566.847623 -0.048056  0.009497 -0.000000 0.000024 0.000023 0.000000
1591949566.979623 -0.048059  0.009499 -0.000000 0.000024 0.000023 0.000000
1591949567.111624 -0.048053  0.009506 -0.000000 0.000024 0.000023 0.000000
1591949567.243624 -0.048055  0.009504  0.000000 0.000024 0.000023 0.000000
1591949567.375624 -0.048056  0.009508 -0.000000 0.000024 0.000023 0.000000
1591949567.507624 -0.048053  0.009513  0.000000 0.000024 0.000023 0.000000
1591949567.639625 -0.048053  0.009518 -0.000000 0.000024 0.000023 0.000000
1591949567.771625 -0.048056  0.009520 -0.000000 0.000024 0.000023 0.000000
1591949567.903625 -0.048045  0.009531 -0.000000 0.000024 0.000023 0.000000
1591949568.035625 -0.048048  0.009532 -0.000000 0.000024 0.000023 0.000000
1591949568.134626 -0.048050  0.009535  0.000000 0.000024 0.000023 0.000000
1591949568.233626 -0.048054  0.009534  0.000000 0.000024 0.000023 0.000000
1591949568.332626 -0.048047  0.009539 -0.000000 0.000024 0.000023 0.000000
1591949568.431627 -0.048046  0.009545 -0.000000 0.000024 0.000023 0.000000
1591949568.563627 -0.048046  0.009548 -0.000000 0.000024 0.000023 0.000000
1591949568.695627 -0.048045  0.009554 -0.000000 0.000024 0.000023 0.000000
1591949568.827627 -0.048058  0.009555 -0.000000 0.000024 0.000023 0.000000
1591949568.959628 -0.048056  0.009560 -0.000000 0.000024 0.000023 0.000000
1591949569.091628 -0.048050  0.009562 -0.000000 0.000024 0.000023 0.000000
1591949569.223628 -0.048053  0.009563 -0.000000 0.000024 0.000023 0.000000
1591949569.322628 -0.048067  0.009557  0.000000 0.000024 0.000023 0.000000
1591949569.454629 -0.048066  0.009556  0.000000 0.000024 0.000023 0.000000
1591949569.553629 -0.048066  0.009555 -0.000000 0.000024 0.000023 0.000000
1591949569.685629 -0.048064  0.009561 -0.000000 0.000024 0.000023 0.000000
1591949569.784630 -0.048067  0.009562 -0.000000 0.000024 0.000023 0.000000
1591949569.883630 -0.048071  0.009560  0.000000 0.000024 0.000023 0.000000
1591949569.982630 -0.048074  0.009561  0.000000 0.000024 0.000023 0.000000
1591949570.081630 -0.048078  0.009550  0.000000 0.000024 0.000023 0.000000
1591949570.180630 -0.048085  0.009542  0.000000 0.000024 0.000023 0.000000
1591949570.279631 -0.048091  0.009539  0.000000 0.000024 0.000023 0.000000
1591949570.378631 -0.048091  0.009536 -0.000000 0.000024 0.000023 0.000000
1591949570.477631 -0.048086  0.009543 -0.000000 0.000024 0.000023 0.000000
1591949570.576632 -0.048086  0.009540  0.000000 0.000024 0.000023 0.000000
1591949570.675632 -0.048090  0.009533 -0.000000 0.000024 0.000023 0.000000
1591949570.807632 -0.048080  0.009541 -0.000000 0.000024 0.000023 0.000000
1591949570.939632 -0.048077  0.009539  0.000000 0.000024 0.000023 0.000000
1591949571.071633 -0.048079  0.009537  0.000000 0.000024 0.000023 0.000000
1591949571.203633 -0.048072  0.009540 -0.000000 0.000024 0.000023 0.000000
1591949571.368633 -0.048075  0.009536 -0.000000 0.000024 0.000023 0.000000
1591949571.500634 -0.048076  0.009534  0.000000 0.000024 0.000023 0.000000
1591949571.665634 -0.048076  0.009532  0.000000 0.000024 0.000023 0.000000
1591949571.830635 -0.048070  0.009538  0.000000 0.000024 0.000023 0.000000
1591949571.995635 -0.048073  0.009536  0.000000 0.000024 0.000023 0.000000
1591949572.193635 -0.048067  0.009541 -0.000000 0.000024 0.000023 0.000000
1591949572.424636 -0.048058  0.009549 -0.000000 0.000024 0.000023 0.000000
1591949572.688637 -0.048050  0.009564  0.000000 0.000024 0.000023 0.000000
1591949572.985637 -0.048047  0.009572 -0.000000 0.000024 0.000023 0.000000
1591949573.381638 -0.048036  0.009593 -0.000000 0.000024 0.000023 0.000000
1591949573.777639 -0.048025  0.009621  0.000000 0.000024 0.000023 0.000000
1591949574.470641 -0.048036  0.009644 -0.000000 0.000024 0.000023 0.000000
1591949574.800642 -0.048059  0.009629 -0.000000 0.000024 0.000023 0.000000
1591949575.064642 -0.048075  0.009622  0.000000 0.000024 0.000023 0.000000
1591949575.394643 -0.048096  0.009606  0.000000 0.000024 0.000023 0.000000
1591949575.691644 -0.048106  0.009599  0.000000 0.000024 0.000023 0.000000
1591949575.955644 -0.048117  0.009586  0.000000 0.000024 0.000023 0.000000
1591949576.285645 -0.048122  0.009574  0.000000 0.000024 0.000023 0.000000
1591949576.615646 -0.048133  0.009557  0.000000 0.000024 0.000023 0.000000
1591949576.879647 -0.048128  0.009554 -0.000000 0.000024 0.000023 0.000000
1591949577.143647 -0.048121  0.009549  0.000000 0.000024 0.000023 0.000000
1591949577.341647 -0.048112  0.009545 -0.000000 0.000024 0.000023 0.000000
1591949577.539648 -0.048104  0.009542