1591949474.678404 -4.666371 -0.082667 -0.011510 7.041501 0.192207 0.057287
1591949474.810405 -4.808714 -0.038519 -0.014634 6.689779 0.188525 0.057149
1591949474.975405 -4.939661 -0.023772 -0.026315 6.316931 0.183790 0.056837
1591949475.107405 -5.072151 -0.021337 -0.017221 6.112272 0.180732 0.056698
1591949475.272406 -5.284477 -0.020867 -0.021835 5.895287 0.175270 0.056623
1591949475.404406 -5.431459  0.014805 -0.026634 5.705091 0.170895 0.056748
1591949475.503406 -5.543960  0.064125 -0.008795 5.551598 0.167918 0.056833
1591949475.635406 -5.662159  0.081908 -0.010872 5.414362 0.165421 0.056531
1591949475.767407 -5.792135  0.083983 -0.037122 5.249394 0.161202 0.056503
1591949475.866407 -5.931838  0.088840 -0.036594 5.113861 0.157859 0.056657
1591949475.965407 -6.081088  0.143297 -0.013386 4.969587 0.154162 0.056912
1591949476.064408 -6.213267  0.155809 -0.011829 4.891897 0.151682 0.056831
1591949476.163408 -6.330881  0.154483 -0.018120 4.821619 0.149082 0.057252
1591949476.262408 -6.458224  0.122708 -0.022403 4.733618 0.146264 0.057131
1591949476.394408 -6.613880  0.080327 -0.026972 4.589015 0.141255 0.056973
1591949476.526409 -6.744703  0.081357 -0.024417 4.463649 0.136263 0.057178
1591949476.625409 -6.872777  0.095222 -0.012470 4.378517 0.132758 0.057273
1591949476.724409 -6.995881  0.101100 -0.014633 4.295990 0.129234 0.057150
1591949476.823409 -7.130559  0.085944 -0.018452 4.237317 0.126164 0.057440
1591949476.955410 -7.281451  0.075181 -0.021557 4.120727 0.121393 0.057699
1591949477.087410 -7.371114  0.069287 -0.014329 3.997405 0.116575 0.057563
1591949477.219410 -7.434638  0.034555 -0.026319 3.850033 0.111389 0.057090
1591949477.351411 -7.485154  0.004378 -0.024590 3.673573 0.106002 0.056649
1591949477.483411 -7.560714  0.017114 -0.027487 3.539089 0.101748 0.056609
1591949477.615411 -7.639670 -0.011960 -0.028453 3.416378 0.097905 0.056309
1591949477.747412 -7.706918 -0.035492 -0.025698 3.275376 0.094201 0.055855
1591949477.912412 -7.775135 -0.048048 -0.032824 3.082375 0.089683 0.055232
1591949478.044412 -7.814674 -0.048274 -0.027616 2.950010 0.086659 0.054739
1591949478.143413 -7.835887 -0.051479 -0.029299 2.891543 0.084949 0.054451
1591949478.242413 -7.866529 -0.074932 -0.031357 2.808449 0.083004 0.054241
1591949478.341413 -7.906776 -0.066982 -0.023726 2.729622 0.081290 0.054038
1591949478.473413 -7.941026 -0.074036  0.001124 2.654221 0.079407 0.053863
1591949478.572414 -7.919575 -0.066394  0.018201 2.557969 0.077536 0.053365
1591949478.704414 -7.898353 -0.077874  0.030935 2.453651 0.075658 0.052746
1591949478.869414 -7.996206 -0.196533  0.055290 2.329328 0.073290 0.052185
1591949479.067415 -8.130727 -0.132383  0.103031 2.215306 0.070946 0.051868
1591949479.199415 -8.101525 -0.180088  0.077704 2.132130 0.069252 0.051218
1591949479.364415 -8.056209 -0.207303  0.034679 2.030065 0.067389 0.050587
1591949479.496416 -8.129363 -0.128062  0.055881 1.962623 0.066225 0.050406
1591949479.628416 -8.216566 -0.098425  0.117616 1.917682 0.065340 0.050209
1591949479.727416 -8.227705 -0.116179  0.128375 1.883991 0.064708 0.049936
1591949479.826417 -8.219097 -0.112448  0.093432 1.852549 0.064008 0.049614
1591949479.925417 -8.224238 -0.124018  0.052730 1.856865 0.063537 0.049445
1591949480.024417 -8.270437 -0.099079  0.046266 1.830479 0.062965 0.049363
1591949480.156417 -8.327430 -0.073712  0.068701 1.801085 0.062286 0.049233
1591949480.288418 -8.356488 -0.072123  0.072461 1.776473 0.061774 0.049043
1591949480.420418 -8.382759 -0.072372  0.047402 1.755308 0.061171 0.048847
1591949480.552418 -8.425204 -0.064918  0.035628 1.731089 0.060631 0.048684
1591949480.618418 -8.454239 -0.050153  0.040582 1.719072 0.060368 0.048642
1591949480.750419 -8.510345 -0.046024  0.057373 1.699938 0.059949 0.048530
1591949480.882419 -8.547591 -0.027619  0.064128 1.712179 0.059759 0.048432
1591949481.014420 -8.590497 -0.023451  0.045578 1.696258 0.059296 0.048288
1591949481.113420 -8.621669 -0.004170  0.064632 1.687644 0.059054 0.048203
1591949481.212420 -8.655187 -0.000307  0.068699 1.682175 0.058786 0.048113
1591949481.344420 -8.707757 -0.033719  0.050911 1.669301 0.058396 0.048005
1591949481.476420 -8.746609 -0.054806  0.075229 1.657370 0.058041 0.047854
1591949481.608421 -8.760312 -0.052421  0.076675 1.645451 0.057639 0.047648
1591949481.740421 -8.804915 -0.051872  0.065967 1.630952 0.057213 0.047514
1591949481.872421 -8.902170 -0.070806  0.084241 1.623155 0.056920 0.047496
1591949482.004422 -8.963072 -0.086005  0.088002 1.617241 0.056553 0.047448
1591949482.136422 -8.968796 -0.088732  0.065890 1.618516 0.056191 0.047275
1591949482.235422 -8.985446 -0.092224  0.043469 1.618536 0.055951 0.047183
1591949482.334423 -9.017021 -0.111595  0.045906 1.615083 0.055764 0.047138
1591949482.433423 -9.066933 -0.131236  0.076632 1.615893 0.055554 0.047128
1591949482.532423 -9.117001 -0.126562  0.091012 1.614816 0.055391 0.047097
1591949482.631423 -9.165969 -0.120981  0.089501 1.614076 0.055209 0.047055
1591949482.730423 -9.198895 -0.127248  0.072540 1.626914 0.055224 0.047015
1591949482.829424 -9.229815 -0.134780  0.052551 1.644446 0.055157 0.046989
1591949482.928424 -9.233246 -0.155849  0.048072 1.647552 0.054998 0.046939
1591949483.027424 -9.235268 -0.115604  0.054517 1.649754 0.054861 0.046836
1591949483.126424 -9.268090 -0.123629  0.059062 1.651102 0.054728 0.046796
1591949483.225425 -9.328984 -0.151171  0.077460 1.657369 0.054647 0.046820
1591949483.357425 -9.406950 -0.157083  0.113655 1.664045 0.054567 0.046866
1591949483.489425 -9.439581 -0.153911  0.106552 1.673098 0.054430 0.046805
1591949483.588425 -9.465696 -0.182120  0.075831 1.675940 0.054250 0.046768
1591949483.720426 -9.520281 -0.167702  0.068005 1.682798 0.053992 0.046743
1591949483.852426 -9.554029 -0.190155  0.084340 1.686776 0.053869 0.046652
1591949483.951426 -9.571157 -0.179097  0.066345 1.691245 0.053700 0.046631
1591949484.050427 -9.612883 -0.179289  0.074855 1.700225 0.053663 0.046639
1591949484.149427 -9.644279 -0.193517  0.087290 1.707451 0.053577 0.046617
1591949484.248427 -9.682246 -0.196627  0.083241 1.711558 0.053527 0.046624
1591949484.380427 -9.718509 -0.210008  0.086347 1.719537 0.053438 0.046564
1591949484.479428 -9.743129 -0.212236  0.079562 1.737577 0.053499 0.046502
1591949484.611428 -9.808657 -0.233995  0.073435 1.744154 0.053350 0.046499
1591949484.710428 -9.832319 -0.242669  0.073594 1.751161 0.053189 0.046470
1591949484.809428 -9.821330 -0.242393  0.072599 1.754408 0.053065 0.046421
1591949484.908428 -9.846955 -0.250155  0.052254 1.756049 0.052951 0.046380
1591949485.007429 -9.894916 -0.252825  0.055346 1.760218 0.052861 0.046382
1591949485.106429 -9.928154 -0.224394  0.079977 1.763189 0.052812 0.046391
1591949485.172429 -9.924129 -0.206022  0.083033 1.766782 0.052735 0.046329
1591949485.238430 -9.924276 -0.190688  0.079178 1.767822 0.052658 0.046256
1591949485.304430 -9.912044 -0.187211  0.072837 1.775327 0.052643 0.046181
1591949485.370430 -9.899638 -0.161952  0.072937 1.803565 0.052770 0.046179
1591949485.436430 -9.892078 -0.169693  0.084678 1.806747 0.052741 0.046150
1591949485.502430 -9.903229 -0.166455  0.098288 1.810731 0.052720 0.046156
1591949485.568430 -9.895403 -0.152552  0.102710 1.813618 0.052662 0.046042
1591949485.634430 -9.878605 -0.138372  0.101708 1.813217 0.052618 0.045961
1591949485.700431 -9.851532 -0.132515  0.104643 1.813211 0.052556 0.045869
1591949485.766431 -9.819572 -0.134097  0.087907 1.812580 0.052498 0.045761
1591949485.832431 -9.787526 -0.131762  0.072551 1.809420 0.052447 0.045679
1591949485.931431 -9.713224 -0.015800  0.076882 1.801682 0.052358 0.045511
1591949486.030431 -9.676378 -0.056543  0.086343 1.790929 0.052302 0.045411
1591949486.129431 -9.671021 -0.170609  0.082543 1.778322 0.052243 0.045323
1591949486.228432 -9.685424 -0.067590  0.121220 1.764621 0.052253 0.045291
1591949486.360432 -9.627553 -0.057772  0.079912 1.744997 0.052141 0.045096
1591949486.492432 -9.542943 -0.085927  0.041290 1.742832 0.052199 0.044909
1591949486.591432 -9.500674 -0.024037  0.036277 1.723296 0.052127 0.044794
1591949486.690433 -9.469647  0.014978  0.056217 1.703104 0.052060 0.044670
1591949486.789433 -9.411750 -0.011087  0.084790 1.685329 0.052035 0.044526
1591949486.888433 -9.350104  0.004083  0.091134 1.665784 0.051953 0.044362
1591949486.954433 -9.296757  0.003531  0.083522 1.645297 0.051834 0.044222
1591949487.020433 -9.258305 -0.013370  0.100183 1.625126 0.051802 0.044092
1591949487.086434 -9.195281 -0.019147  0.106413 1.606191 0.051738 0.043953
1591949487.152434 -9.127889 -0.017126  0.096488 1.585355 0.051655 0.043810
1591949487.218434 -9.050609 -0.006236  0.097477 1.559772 0.051570 0.043673
1591949487.284434 -8.985532  0.016138  0.090646 1.558202 0.051643 0.043551
1591949487.350434 -8.931886  0.036131  0.083559 1.533054 0.051578 0.043428
1591949487.416435 -8.888568  0.040913  0.079626 1.506380 0.051507 0.043317
1591949487.482435 -8.835847  0.047115  0.086592 1.481208 0.051436 0.043205
1591949487.581435 -8.779781  0.054485  0.088415 1.441354 0.051359 0.043070
1591949487.680435 -8.695414  0.046676  0.078513 1.405441 0.051282 0.042928
1591949487.779435 -8.604101  0.063434  0.061748 1.364676 0.051193 0.042753
1591949487.878436 -8.520450  0.071892  0.045300 1.321427 0.051103 0.042595
1591949487.977436 -8.447509  0.078750  0.057393 1.280597 0.051084 0.042457
1591949488.076436 -8.361113  0.092749  0.069139 1.240360 0.051044 0.042312
1591949488.175436 -8.308029  0.102959  0.057252 1.203406 0.050984 0.042192
1591949488.274436 -8.264649  0.092951  0.064359 1.166863 0.050945 0.042094
1591949488.373437 -8.210804  0.107429  0.095430 1.151503 0.051030 0.041994
1591949488.472437 -8.203739  0.125245  0.096112 1.120839 0.051069 0.041942
1591949488.571437 -8.190549  0.138568  0.056369 1.090777 0.051023 0.041883
1591949488.670437 -8.201962  0.126578  0.086829 1.063936 0.051106 0.041851
1591949488.769438 -8.178587  0.121311  0.116846 1.043555 0.051205 0.041784
1591949488.868438 -8.095326  0.145795  0.083074 1.022280 0.051179 0.041673
1591949488.967438 -8.035514  0.178041  0.031773 1.000209 0.051083 0.041590
1591949489.099438 -8.042809  0.182257  0.023237 0.973133 0.051111 0.041564
1591949489.231439 -8.046603  0.181675  0.062265 0.945753 0.051189 0.041539
1591949489.363439 -8.023761  0.211798  0.056671 0.918247 0.051199 0.041486
1591949489.495439 -8.004575  0.242691  0.035806 0.900676 0.051196 0.041447
1591949489.660440 -8.039374  0.228834  0.050159 0.875639 0.051265 0.041431
1591949489.792440 -8.106586  0.239615  0.048839 0.856960 0.051251 0.041460
1591949489.957441 -8.097203  0.257169  0.023106 0.840408 0.051252 0.041420
1591949490.089441 -8.109319  0.234890  0.017939 0.832975 0.051251 0.041373
1591949490.221441 -8.109478  0.160078 -0.048230 0.818935 0.051112 0.041319
1591949490.353441 -8.184517  0.145451 -0.010780 0.812335 0.051137 0.041335
1591949490.485442 -8.238121  0.169419 -0.008389 0.804433 0.051126 0.041386
1591949490.617442 -8.262942  0.163412 -0.018828 0.799735 0.051097 0.041364
1591949490.749442 -8.288979  0.103090 -0.011024 0.824060 0.051397 0.041363
1591949490.881443 -8.315302  0.063867 -0.010782 0.822574 0.051296 0.041348
1591949490.980443 -8.380455  0.040748 -0.002786 0.819915 0.051218 0.041391
1591949491.079443 -8.441931  0.009821  0.005648 0.820216 0.051212 0.041437
1591949491.178443 -8.480802  0.011082  0.002199 0.820814 0.051169 0.041454
1591949491.277444 -8.515508 -0.017383 -0.023113 0.821191 0.051091 0.041481
1591949491.376444 -8.525469 -0.070646 -0.061453 0.820690 0.050911 0.041471
1591949491.475444 -8.544400 -0.061121 -0.065821 0.821270 0.050797 0.041478
1591949491.574445 -8.565364 -0.045267 -0.066523 0.822789 0.050694 0.041486
1591949491.673445 -8.594945 -0.092376 -0.074930 0.823272 0.050621 0.041495
1591949491.772445 -8.641425 -0.149050 -0.074489 0.824876 0.050552 0.041518
1591949491.871445 -8.686416 -0.142646 -0.056639 0.833234 0.050681 0.041549
1591949491.970445 -8.715192 -0.133236 -0.049379 0.835872 0.050633 0.041581
1591949492.069446 -8.731468 -0.151398 -0.061128 0.838153 0.050576 0.041586
1591949492.168446 -8.751997 -0.156807 -0.060369 0.839827 0.050513 0.041609
1591949492.234446 -8.774576 -0.175178 -0.057756 0.843251 0.050553 0.041629
1591949492.300446 -8.809198 -0.189016 -0.055814 0.845147 0.050571 0.041639
1591949492.366446 -8.839862 -0.189577 -0.052772 0.848667 0.050598 0.041673
1591949492.432446 -8.874134 -0.176585 -0.044827 0.851770 0.050607 0.041709
1591949492.498447 -8.890712 -0.149046 -0.039103 0.854182 0.050608 0.041727
1591949492.564447 -8.897943 -0.132144 -0.039427 0.856912 0.050594 0.041735
1591949492.630447 -8.903085 -0.129787 -0.054248 0.859665 0.050564 0.041734
1591949492.696447 -8.908174 -0.126580 -0.062591 0.862538 0.050539 0.041733
1591949492.762447 -8.912493 -0.137978 -0.060279 0.865042 0.050512 0.041727
1591949492.828448 -8.932830 -0.122614 -0.048914 0.867777 0.050527 0.041742
1591949492.894448 -8.961706 -0.120481 -0.032161 0.872806 0.050684 0.041769
1591949492.993448 -9.012296 -0.127099 -0.022814 0.877593 0.050746 0.041810
1591949493.059448 -9.050282 -0.128227 -0.022688 0.880753 0.050767 0.041850
1591949493.125448 -9.082236 -0.117753 -0.017069 0.884004 0.050806 0.041901
1591949493.191448 -9.100130 -0.119780 -0.018018 0.887517 0.050811 0.041910
1591949493.257448 -9.099476 -0.132169 -0.026035 0.891675 0.050824 0.041887
1591949493.323449 -9.108176 -0.149703 -0.041927 0.895270 0.050830 0.041883
1591949493.389449 -9.112478 -0.167295 -0.052578 0.898558 0.050845 0.041884
1591949493.455449 -9.132902 -0.162380 -0.054075 0.901739 0.050872 0.041915
1591949493.521449 -9.143633 -0.155562 -0.044820 0.905402 0.050904 0.041931
1591949493.587449 -9.170114 -0.147314 -0.034075 0.908822 0.050954 0.041967
1591949493.686449 -9.210165 -0.167008 -0.023624 0.914194 0.051049 0.042002
1591949493.752450 -9.235819 -0.156741 -0.021049 0.917844 0.051055 0.042010
1591949493.818450 -9.256066 -0.144583 -0.022702 0.921755 0.051076 0.042008
1591949493.884450 -9.272851 -0.152526 -0.023909 0.925598 0.051106 0.042015
1591949493.950450 -9.297046 -0.164606 -0.033117 0.930080 0.051263 0.042040
1591949494.016450 -9.304509 -0.170162 -0.046057 0.933871 0.051321 0.042054
1591949494.082450 -9.321838 -0.171832 -0.046618 0.938110 0.051362 0.042092
1591949494.148451 -9.341428 -0.175195 -0.043793 0.942067 0.051414 0.042106
1591949494.214451 -9.354105 -0.164049 -0.039496 0.945916 0.051461 0.042132
1591949494.280451 -9.371802 -0.157903 -0.046664 0.949381 0.051512 0.042162
1591949494.346451 -9.385596 -0.163672 -0.042803 0.953125 0.051579 0.042182
1591949494.412451 -9.402734 -0.167920 -0.041128 0.957590 0.051633 0.042212
1591949494.478451 -9.418780 -0.159813 -0.042780 0.961311 0.051662 0.042219
1591949494.544451 -9.427841 -0.162928 -0.044184 0.964745 0.051665 0.042226
1591949494.643452 -9.445920 -0.196318 -0.038966 0.970691 0.051719 0.042228
1591949494.709452 -9.453969 -0.212456 -0.037179 0.975567 0.051916 0.042229
1591949494.775452 -9.466296 -0.204037 -0.038527 0.979319 0.051981 0.042241
1591949494.841452 -9.468058 -0.207142 -0.028869 0.983042 0.052027 0.042251
1591949494.907452 -9.484671 -0.188728 -0.028940 0.986570 0.052080 0.042272
1591949494.973453 -9.498726 -0.186568 -0.031158 0.990526 0.052132 0.042294
1591949495.039453 -9.525678 -0.181811 -0.029255 0.994819 0.052200 0.042308
1591949495.105453 -9.540313 -0.178637 -0.027581 0.999467 0.052272 0.042324
1591949495.171453 -9.568561 -0.163053 -0.029893 1.003679 0.052333 0.042364
1591949495.237453 -9.583496 -0.158940 -0.038681 1.007489 0.052376 0.042375
1591949495.303453 -9.580538 -0.157598 -0.042440 1.011383 0.052390 0.042373
1591949495.369453 -9.587681 -0.157584 -0.050839 1.015467 0.052399 0.042369
1591949495.435453 -9.589285 -0.154555 -0.065455 1.020446 0.052620 0.042368
1591949495.501454 -9.590204 -0.157001 -0.071119 1.024516 0.052680 0.042363
1591949495.567454 -9.604781 -0.162761 -0.063481 1.028692 0.052715 0.042378
1591949495.633454 -9.616918 -0.147236 -0.057294 1.032931 0.052768 0.042416
1591949495.699454 -9.641500 -0.138840 -0.056380 1.036637 0.052817 0.042441
1591949495.765454 -9.659640 -0.133898 -0.050344 1.040822 0.052851 0.042455
1591949495.831455 -9.674327 -0.125695 -0.036857 1.045389 0.052927 0.042471
1591949495.897455 -9.682983 -0.111132 -0.040652 1.049370 0.053004 0.042490
1591949495.963455 -9.685766 -0.103334 -0.047629 1.053356 0.053052 0.042506
1591949496.029455 -9.688105 -0.093572 -0.050398 1.058202 0.053210 0.042508
1591949496.095455 -9.691358 -0.080543 -0.053480 1.062439 0.053279 0.042513
1591949496.161455 -9.687980 -0.045265 -0.058110 1.066289 0.053315 0.042518
1591949496.227455 -9.688537 -0.008903 -0.059080 1.070397 0.053333 0.042494
1591949496.293456 -9.686151  0.005364 -0.052686 1.074359 0.053370 0.042459
1591949496.359456 -9.680412  0.022640 -0.059614 1.078225 0.053397 0.042474
1591949496.425456 -9.670889  0.044149 -0.068671 1.081511 0.053399 0.042469
1591949496.491456 -9.648308  0.056713 -0.070689 1.085433 0.053495 0.042435
1591949496.557456 -9.625971  0.066060 -0.068978 1.089221 0.053543 0.042392
1591949496.623456 -9.603843  0.095121 -0.068042 1.092154 0.053588 0.042367
1591949496.689457 -9.575698  0.123328 -0.073894 1.094929 0.053639 0.042335
1591949496.755457 -9.560422  0.134351 -0.068058 1.097138 0.053703 0.042340
1591949496.821457 -9.551577  0.154380 -0.054885 1.098550 0.053769 0.042340
1591949496.887457 -9.543177  0.167110 -0.038330 1.099721 0.053823 0.042333
1591949496.953457 -9.526172  0.215942 -0.024452 1.100669 0.053848 0.042319
1591949497.052458 -9.491402  0.230885 -0.025361 1.103108 0.053856 0.042244
1591949497.118458 -9.474451  0.246337 -0.027466 1.105079 0.053903 0.042195
1591949497.184458 -9.454400  0.273887 -0.033505 1.106536 0.053968 0.042170
1591949497.250458 -9.453455  0.297458 -0.033288 1.107470 0.054037 0.042167
1591949497.316458 -9.443245  0.308230 -0.032515 1.110138 0.054180 0.042158
1591949497.382458 -9.425057  0.315927 -0.029824 1.111145 0.054221 0.042149
1591949497.448458 -9.408645  0.340169 -0.021843 1.112589 0.054260 0.042113
1591949497.514458 -9.378268  0.353916 -0.020602 1.114671 0.054288 0.042062
1591949497.580459 -9.390373  0.378036 -0.052945 1.114256 0.054315 0.042088
1591949497.679459 -9.338869  0.358825 -0.037320 1.114165 0.054395 0.041995
1591949497.745459 -9.301964  0.342681 -0.012578 1.114517 0.054451 0.041937
1591949497.811459 -9.289454  0.364634 -0.004030 1.113234 0.054494 0.041908
1591949497.877460 -9.246811  0.381993 -0.050196 1.111407 0.054416 0.041846
1591949497.943460 -9.239769  0.391649 -0.015961 1.110821 0.054520 0.041835
1591949498.009460 -9.267714  0.405338  0.011325 1.109697 0.054679 0.041852
1591949498.075460 -9.254833  0.425701  0.011863 1.114639 0.054870 0.041848
1591949498.141460 -9.239715  0.426764  0.004643 1.114101 0.054960 0.041824
1591949498.207460 -9.226782  0.433513 -0.004973 1.113399 0.055037 0.041801
1591949498.273460 -9.191281  0.450421 -0.018598 1.111890 0.055084 0.041744
1591949498.339460 -9.187969  0.445019 -0.034155 1.111442 0.055128 0.041751
1591949498.405461 -9.179363  0.451526 -0.026269 1.109884 0.055239 0.041739
1591949498.504461 -9.191103  0.476088 -0.008843 1.108684 0.055427 0.041731
1591949498.603461 -9.210198  0.487006  0.013390 1.107009 0.055607 0.041744
1591949498.702461 -9.235400  0.477836  0.028039 1.105691 0.055776 0.041741
1591949498.801461 -9.243864  0.482564  0.030095 1.105624 0.055949 0.041730
1591949498.867462 -9.248567  0.477267  0.027009 1.106152 0.056003 0.041719
1591949498.933462 -9.248230  0.472654  0.022467 1.106390 0.056070 0.041706
1591949498.999462 -9.257764  0.464766  0.019851 1.106064 0.056167 0.041700
1591949499.065462 -9.263169  0.458334  0.025012 1.107319 0.056249 0.041684
1591949499.131462 -9.281518  0.454979  0.031905 1.107625 0.056390 0.041696
1591949499.230463 -9.291166  0.457412  0.041294 1.112116 0.056671 0.041713
1591949499.296463 -9.298772  0.463810  0.036012 1.113106 0.056826 0.041726
1591949499.395463 -9.308421  0.464936  0.034683 1.114267 0.057007 0.041729
1591949499.494463 -9.323489  0.448277  0.037842 1.116576 0.057119 0.041708
1591949499.593463 -9.338596  0.433786  0.028052 1.119378 0.057161 0.041704
1591949499.659464 -9.352361  0.415228  0.033056 1.121005 0.057182 0.041703
1591949499.725464 -9.357488  0.422220  0.034520 1.122596 0.057310 0.041696
1591949499.791464 -9.348902  0.404616  0.030894 1.123953 0.057351 0.041673
1591949499.857464 -9.352880  0.395556  0.032312 1.125801 0.057380 0.041685
1591949499.923464 -9.342861  0.378521  0.039141 1.129872 0.057476 0.041664
1591949500.022465 -9.341912  0.391862  0.043053 1.131568 0.057618 0.041643
1591949500.121464 -9.348314  0.374644  0.048182 1.133143 0.057641 0.041624
1591949500.220465 -9.360399  0.351605  0.068826 1.136345 0.057695 0.041626
1591949500.319465 -9.342325  0.339946  0.065065 1.138706 0.057729 0.041583
1591949500.418465 -9.313388  0.308823  0.063460 1.139132 0.057650 0.041510
1591949500.517466 -9.281721  0.298499  0.053620 1.139528 0.057416 0.041441
1591949500.616466 -9.250376  0.299447  0.050452 1.140145 0.057366 0.041382
1591949500.715466 -9.224082  0.275322  0.057309 1.140995 0.057386 0.041342
1591949500.814466 -9.202919  0.249244  0.054641 1.145315 0.057543 0.041298
1591949500.913467 -9.163045  0.244191  0.054345 1.145204 0.057547 0.041230
1591949501.012467 -9.105682  0.232555  0.053932 1.143519 0.057507 0.041143
1591949501.078467 -9.057412  0.212731  0.052151 1.141673 0.057422 0.041071
1591949501.177467 -8.985567  0.191988  0.043993 1.136273 0.057163 0.040955
1591949501.276468 -8.897361  0.194214  0.045492 1.130890 0.056982 0.040826
1591949501.375468 -8.794575  0.167084  0.046442 1.122611 0.056746 0.040671
1591949501.474468 -8.669420  0.143134  0.037029 1.111771 0.056433 0.040498
1591949501.573468 -8.525831  0.123423  0.028101 1.098036 0.056130 0.040311
1591949501.672468 -8.381773  0.112751  0.028909 1.085874 0.055961 0.040124
1591949501.771469 -8.239643  0.090042  0.029618 1.067468 0.055794 0.039960
1591949501.870469 -8.108014  0.069431  0.044005 1.043792 0.055502 0.039793
1591949501.969469 -7.981702  0.068732  0.051669 1.017784 0.055196 0.039629
1591949502.068469 -7.850743  0.074860  0.043699 0.989635 0.054898 0.039474
1591949502.134469 -7.761250  0.063305  0.040185 0.970580 0.054686 0.039364
1591949502.200469 -7.665744  0.058805  0.046190 0.951117 0.054554 0.039261
1591949502.266470 -7.574490  0.053194  0.057776 0.931466 0.054463 0.039152
1591949502.365470 -7.422486  0.004124  0.056578 0.900047 0.054218 0.038979
1591949502.464470 -7.265274 -0.033618  0.060951 0.865125 0.053952 0.038809
1591949502.563470 -7.086105 -0.070646  0.069026 0.829950 0.053619 0.038633
1591949502.662471 -6.906689 -0.054169  0.070225 0.796448 0.053299 0.038465
1591949502.761471 -6.715916 -0.066189  0.072519 0.765463 0.053086 0.038278
1591949502.893471 -6.442959 -0.099407  0.098154 0.715824 0.052772 0.038039
1591949503.025471 -6.183152 -0.148132  0.103136 0.663136 0.052396 0.037814
1591949503.157472 -5.969653 -0.194423  0.091089 0.612617 0.051996 0.037641
1591949503.289472 -5.773550 -0.239431  0.124804 0.565184 0.051727 0.037492
1591949503.421473 -5.601006 -0.305069  0.162294 0.522862 0.051516 0.037372
1591949503.619473 -5.304747 -0.406408  0.099839 0.463856 0.051046 0.037170
1591949503.817473 -5.169116 -0.567159  0.116152 0.412713 0.050739 0.037089
1591949504.015474 -5.083845 -0.797398  0.150516 0.371202 0.050468 0.037055
1591949504.180474 -4.977924 -0.986480  0.113193 0.346059 0.050328 0.037008
1591949504.345474 -4.885185 -1.158319  0.088603 0.319777 0.050160 0.036966
1591949504.510475 -4.823447 -1.341723  0.118579 0.298189 0.050155 0.036965
1591949504.675475 -4.731872 -1.554277  0.132345 0.278066 0.050303 0.036962
1591949504.840476 -4.666538 -1.800569  0.091827 0.260725 0.050564 0.036976
1591949505.005476 -4.632200 -2.057392  0.072507 0.244236 0.050869 0.037009
1591949505.137477 -4.615448 -2.296848  0.099440 0.232660 0.051311 0.037064
1591949505.269477 -4.606161 -2.528799  0.107025 0.222025 0.051922 0.037129
1591949505.434477 -4.592678 -2.746357  0.061959 0.209133 0.052814 0.037194
1591949505.566478 -4.543213 -2.985949  0.063918 0.200087 0.053695 0.037248
1591949505.698478 -4.457760 -3.262140  0.088677 0.191021 0.054846 0.037296
1591949505.830478 -4.342848 -3.514984  0.071686 0.188495 0.056941 0.037354
1591949505.962479 -4.263754 -3.725133  0.059296 0.179548 0.058620 0.037388
1591949506.094479 -4.177413 -4.001659  0.040416 0.171534 0.060505 0.037472
1591949506.226479 -4.088046 -4.270010  0.061360 0.163655 0.062633 0.037572
1591949506.358479 -3.955157 -4.543410  0.083748 0.155913 0.065056 0.037666
1591949506.490480 -3.797353 -4.844107  0.087100 0.148562 0.067687 0.037764
1591949506.622480 -3.656757 -5.115745  0.038722 0.141413 0.070347 0.037873
1591949506.754480 -3.553133 -5.386802  0.071725 0.134973 0.073512 0.038004
1591949506.886481 -3.336681 -5.661913  0.106107 0.129926 0.077735 0.038101
1591949507.018481 -3.098963 -5.934685  0.093693 0.123709 0.081433 0.038239
1591949507.150481 -2.872149 -6.182096  0.057028 0.118113 0.085468 0.038379
1591949507.282482 -2.616694 -6.444471  0.078328 0.112565 0.089729 0.038498
1591949507.414482 -2.319756 -6.691321  0.095008 0.106893 0.093897 0.038631
1591949507.546482 -2.023196 -6.878345  0.050442 0.101697 0.098332 0.038715
1591949507.678483 -1.735345 -7.079280  0.007962 0.097230 0.104228 0.038829
1591949507.810483 -1.566082 -7.256170  0.016350 0.092747 0.109316 0.038951
1591949507.942483 -1.460887 -7.419226  0.030856 0.088843 0.114957 0.039047
1591949508.074483 -1.329189 -7.562659  0.015304 0.085452 0.120517 0.039118
1591949508.206484 -1.220757 -7.695929  0.015333 0.082715 0.126216 0.039163
1591949508.338484 -1.076301 -7.851609  0.001297 0.080342 0.132115 0.039281
1591949508.437484 -0.957753 -7.984642 -0.004176 0.078743 0.136491 0.039346
1591949508.569485 -0.855151 -8.148150  0.018718 0.076770 0.142831 0.039443
1591949508.701485 -0.670289 -8.297626  0.018833 0.075064 0.150532 0.039579
1591949508.833485 -0.593353 -8.381795  0.014169 0.073629 0.157311 0.039593
1591949508.965486 -0.500435 -8.516050  0.023518 0.072540 0.164351 0.039649
1591949509.097486 -0.314858 -8.667460  0.062827 0.071694 0.171554 0.039734
1591949509.229486 -0.196401 -8.835160  0.105698 0.070977 0.178913 0.039861
1591949509.328486 -0.194380 -8.910873  0.096898 0.070381 0.184517 0.039881
1591949509.460487 -0.155023 -9.006432  0.078774 0.069854 0.192129 0.039852
1591949509.592487 -0.066895 -9.111766  0.087212 0.069478 0.199660 0.039879
1591949509.724488 -0.015547 -9.257556  0.098626 0.069266 0.207202 0.039899
1591949509.823488  0.015958 -9.357391  0.109209 0.069099 0.212964 0.039946
1591949509.922488  0.049988 -9.442241  0.117453 0.068983 0.218791 0.039916
1591949510.054488  0.000019 -9.541633  0.061773 0.068810 0.226398 0.039853
1591949510.186489 -0.027514 -9.638111  0.039048 0.068764 0.233817 0.039812
1591949510.285489 -0.004893 -9.718573  0.046394 0.068817 0.240061 0.039808
1591949510.417489  0.007044 -9.812637  0.038310 0.068781 0.247503 0.039775
1591949510.516489  0.014639 -9.912076  0.035493 0.068916 0.253549 0.039768
1591949510.615489   0.035009 -10.019852   0.051071 0.069160 0.259827 0.039767
1591949510.714490   0.075931 -10.097588   0.050845 0.069298 0.265917 0.039780
1591949510.813490   0.097949 -10.159022   0.030062 0.069426 0.271982 0.039756
1591949510.912490   0.113838 -10.238448   0.020218 0.069460 0.278622 0.039746
1591949511.011491   0.097364 -10.315221   0.033757 0.069559 0.284846 0.039775
1591949511.143491   0.142197 -10.410354   0.055968 0.069793 0.292966 0.039809
1591949511.275491   0.164040 -10.503501   0.069955 0.069943 0.300631 0.039786
1591949511.407491   0.195312 -10.594652   0.070455 0.070127 0.308022 0.039804
1591949511.506492   0.220213 -10.640304   0.073904 0.070128 0.313449 0.039758
1591949511.605492   0.297761 -10.670468   0.095543 0.070177 0.319055 0.039775
1591949511.704492   0.305760 -10.699001   0.094807 0.070137 0.324976 0.039755
1591949511.803492   0.308315 -10.786482   0.108360 0.070372 0.330254 0.039743
1591949511.902493   0.350425 -10.915992   0.142017 0.070551 0.335441 0.039782
1591949512.001493   0.361252 -10.985457   0.139843 0.070681 0.340367 0.039721
1591949512.100493   0.344433 -11.022365   0.090368 0.070653 0.348590 0.039708
1591949512.199493   0.332277 -11.041221   0.039680 0.070594 0.353613 0.039646
1591949512.298493   0.326739 -11.096884   0.012869 0.070610 0.359079 0.039602
1591949512.397494   0.305403 -11.175966   0.023227 0.070705 0.364429 0.039629
1591949512.496494   0.309427 -11.241999   0.031388 0.070746 0.368941 0.039592
1591949512.595494   0.314108 -11.294935   0.023747 0.070690 0.374045 0.039637
1591949512.694494   0.330490 -11.333357   0.033682 0.070714 0.379480 0.039620
1591949512.793495   0.283241 -11.378840   0.009310 0.070664 0.384744 0.039623
1591949512.859495   0.297239 -11.413320   0.007673 0.070636 0.388403 0.039622
1591949512.925495   0.322605 -11.443608   0.030902 0.070675 0.391507 0.039629
1591949512.991495   0.341933 -11.456653   0.043745 0.070678 0.394598 0.039577
1591949513.057495   0.332889 -11.468398   0.055788 0.070655 0.399080 0.039577
1591949513.123495   0.312000 -11.478601   0.055276 0.070660 0.402162 0.039525
1591949513.189496   0.338914 -11.496948   0.085591 0.070659 0.405767 0.039556
1591949513.255496   0.370050 -11.552130   0.100823 0.070707 0.408734 0.039572
1591949513.354496   0.312388 -11.633118   0.111873 0.070814 0.413551 0.039578
1591949513.420496   0.304449 -11.691125   0.118913 0.070908 0.418095 0.039580
1591949513.486496   0.297680 -11.709878   0.106607 0.070783 0.420538 0.039564
1591949513.552496   0.271170 -11.726089   0.073243 0.070844 0.425405 0.039517
1591949513.618497   0.298035 -11.717887   0.044050 0.070734 0.429221 0.039491
1591949513.684497   0.302332 -11.726684   0.031754 0.070662 0.432038 0.039479
1591949513.750497   0.295901 -11.751432   0.029135 0.070765 0.435584 0.039477
1591949513.816497   0.285222 -11.794786   0.031849 0.070779 0.438645 0.039531
1591949513.882497   0.284015 -11.836754   0.047133 0.070860 0.442280 0.039543
1591949513.948497   0.298942 -11.872588   0.067729 0.070888 0.445323 0.039540
1591949514.047498   0.291396 -11.913285   0.060380 0.070802 0.450071 0.039538
1591949514.146498   0.278302 -11.962023   0.036220 0.070660 0.455649 0.039527
1591949514.245498   0.303282 -11.983888   0.042853 0.070494 0.460627 0.039545
1591949514.344498   0.298861 -12.005618   0.018989 0.070400 0.464831 0.039523
1591949514.410499   0.302792 -12.038761   0.016491 0.070461 0.467699 0.039496
1591949514.476499   0.282809 -12.062758   0.042152 0.070622 0.473968 0.039526
1591949514.542499   0.342142 -12.064199   0.067530 0.070588 0.477443 0.039554
1591949514.608499   0.344904 -12.052778   0.079142 0.070501 0.481434 0.039561
1591949514.674499   0.313299 -12.050451   0.049339 0.070255 0.484560 0.039550
1591949514.773499   0.354729 -12.115574   0.088031 0.070321 0.489595 0.039585
1591949514.872500   0.326124 -12.166476   0.105778 0.070151 0.493374 0.039577
1591949514.938500   0.323107 -12.163948   0.091353 0.070050 0.496725 0.039538
1591949515.004500   0.333553 -12.155191   0.074707 0.070079 0.504380 0.039518
1591949515.103500   0.323219 -12.150804   0.060148 0.069999 0.510105 0.039496
1591949515.169500   0.337759 -12.165153   0.060841 0.070018 0.513402 0.039474
1591949515.235501   0.342282 -12.184995   0.075440 0.069943 0.515696 0.039497
1591949515.301501   0.361054 -12.209023   0.099345 0.069971 0.519412 0.039506
1591949515.367501   0.372504 -12.223325   0.107926 0.069911 0.522477 0.039527
1591949515.433501   0.356095 -12.227528   0.114882 0.069852 0.525945 0.039502
1591949515.499501   0.303813 -12.252997   0.094848 0.069744 0.529188 0.039482
1591949515.565501   0.329577 -12.261956   0.094815 0.069707 0.532615 0.039457
1591949515.631501   0.352144 -12.268928   0.101747 0.069679 0.535758 0.039433
1591949515.697502   0.246569 -12.290315   0.081811 0.069640 0.537938 0.039396
1591949515.763502   0.223851 -12.231004   0.040171 0.069424 0.540931 0.039356
1591949515.829502   0.297185 -12.230470   0.079065 0.069432 0.544744 0.039410
1591949515.928502   0.267139 -12.230589   0.088097 0.069406 0.551619 0.039378
1591949516.027502   0.296944 -12.282325   0.128163 0.069486 0.555944 0.039374
1591949516.093503   0.307160 -12.296239   0.147854 0.069450 0.558741 0.039353
1591949516.159503   0.298678 -12.314256   0.134349 0.069435 0.561245 0.039341
1591949516.225503   0.289144 -12.319202   0.112569 0.069408 0.564257 0.039308
1591949516.291503   0.291275 -12.317699   0.093565 0.069296 0.566909 0.039322
1591949516.357503   0.273665 -12.309808   0.077260 0.069172 0.570793 0.039302
1591949516.423503   0.274662 -12.289728   0.073497 0.069042 0.574441 0.039288
1591949516.489503   0.285918 -12.279220   0.066787 0.068938 0.577202 0.039276
1591949516.588504   0.266005 -12.279185   0.075528 0.068905 0.581787 0.039275
1591949516.687504   0.274766 -12.313440   0.113929 0.068952 0.585583 0.039288
1591949516.786504   0.263340 -12.332799   0.124430 0.068934 0.588963 0.039265
1591949516.885504   0.253125 -12.314974   0.120884 0.068738 0.592388 0.039204
1591949516.951504   0.204551 -12.332241   0.094453 0.068565 0.595610 0.039219
1591949517.017504   0.180795 -12.323396   0.075367 0.068492 0.598004 0.039172
1591949517.083505   0.174126 -12.323119   0.095942 0.068463 0.601591 0.039172
1591949517.149505   0.151623 -12.304394   0.096437 0.068371 0.604049 0.039132
1591949517.215505   0.141035 -12.299082   0.087095 0.068199 0.605490 0.039150
1591949517.281505   0.133436 -12.315600   0.098028 0.068235 0.607743 0.039149
1591949517.347505   0.121794 -12.351971   0.116222 0.068441 0.614492 0.039157
1591949517.413506   0.130292 -12.374414   0.128229 0.068446 0.618354 0.039157
1591949517.479506   0.130075 -12.374471   0.130522 0.068358 0.620966 0.039141
1591949517.578506   0.148811 -12.369653   0.114178 0.068218 0.625038 0.039138
1591949517.644506   0.145697 -12.374983   0.104407 0.068205 0.627755 0.039123
1591949517.710506   0.150207 -12.400256   0.105367 0.068156 0.629563 0.039147
1591949517.776506   0.156206 -12.421706   0.119447 0.068158 0.632081 0.039132
1591949517.842506   0.141086 -12.456416   0.129041 0.068312 0.637465 0.039151
1591949517.941507   0.146667 -12.492851   0.141198 0.068487 0.642604 0.039161
1591949518.040507   0.125227 -12.544432   0.144717 0.068568 0.647363 0.039191
1591949518.139507   0.147087 -12.587392   0.128052 0.068660 0.651830 0.039200
1591949518.205507   0.146034 -12.640349   0.140149 0.068788 0.655287 0.039261
1591949518.271508   0.127758 -12.667230   0.111492 0.068805 0.657837 0.039267
1591949518.337508   0.133737 -12.701222   0.097342 0.068888 0.662818 0.039316
1591949518.403508   0.133328 -12.725345   0.090434 0.068919 0.666801 0.039331
1591949518.469508   0.133106 -12.755727   0.084247 0.068902 0.670090 0.039341
1591949518.535508   0.124171 -12.791543   0.078433 0.068948 0.672983 0.039361
1591949518.601508   0.129569 -12.837513   0.089658 0.069124 0.676961 0.039405
1591949518.667508   0.158976 -12.888831   0.102868 0.069269 0.680870 0.039437
1591949518.733509   0.154579 -12.942792   0.093979 0.069397 0.685263 0.039497
1591949518.799509   0.173422 -12.984145   0.106688 0.069482 0.689088 0.039509
1591949518.865509   0.154012 -12.989593   0.075638 0.069397 0.693121 0.039525
1591949518.931509   0.123107 -13.042554   0.075128 0.069552 0.697213 0.039542
1591949518.997509   0.145090 -12.998269   0.058085 0.069363 0.701078 0.039499
1591949519.063509   0.129177 -13.038116   0.043271 0.069460 0.705984 0.039511
1591949519.129510   0.117289 -13.095465   0.094759 0.069807 0.713643 0.039570
1591949519.195510   0.133614 -13.140712   0.123611 0.069962 0.718071 0.039619
1591949519.261510   0.118795 -13.191148   0.126833 0.070094 0.722446 0.039672
1591949519.327510   0.130445 -13.207596   0.102382 0.070081 0.726679 0.039706
1591949519.393510   0.171041 -13.228116   0.094806 0.070071 0.730819 0.039726
1591949519.459511   0.163289 -13.240435   0.080292 0.070112 0.735475 0.039743
1591949519.558511   0.144083 -13.288869   0.086276 0.070262 0.742952 0.039772
1591949519.624511   0.123246 -13.331483   0.106968 0.070390 0.747213 0.039782
1591949519.690511   0.130201 -13.372976   0.118137 0.070397 0.751046 0.039801
1591949519.789511   0.113571 -13.422843   0.127510 0.070415 0.757885 0.039803
1591949519.855512   0.117874 -13.440408   0.120390 0.070390 0.762300 0.039805
1591949519.921512   0.126180 -13.459005   0.112267 0.070401 0.766727 0.039823
1591949519.987512   0.119372 -13.472764   0.109061 0.070404 0.771482 0.039824
1591949520.053512   0.126832 -13.487814   0.111175 0.070577 0.778920 0.039855
1591949520.119512   0.126622 -13.497909   0.119043 0.070612 0.782834 0.039870
1591949520.185512   0.128729 -13.502049   0.120939 0.070652 0.788142 0.039887
1591949520.251512   0.127970 -13.506243   0.119941 0.070608 0.793143 0.039889
1591949520.317513   0.121950 -13.514885   0.126337 0.070615 0.797677 0.039896
1591949520.383512   0.128884 -13.516306   0.126901 0.070630 0.802675 0.039916
1591949520.449513   0.111110 -13.522727   0.126311 0.070815 0.810904 0.039929
1591949520.515513   0.110350 -13.524394   0.133619 0.070771 0.814919 0.039908
1591949520.581513   0.118960 -13.520014   0.135321 0.070808 0.820000 0.039877
1591949520.647513   0.112604 -13.513227   0.129457 0.070889 0.825262 0.039866
1591949520.713513   0.123033 -13.504791   0.137738 0.070963 0.829997 0.039856
1591949520.779514   0.119293 -13.508786   0.139220 0.071024 0.834417 0.039878
1591949520.878514   0.135856 -13.514835   0.163024 0.071107 0.841241 0.039856
1591949520.944514   0.118598 -13.535790   0.156616 0.071216 0.846076 0.039865
1591949521.010514   0.114292 -13.549715   0.156975 0.071239 0.850154 0.039883
1591949521.076514   0.113266 -13.575299   0.148266 0.071345 0.854881 0.039895
1591949521.142514   0.095345 -13.573504   0.123140 0.071345 0.859536 0.039902
1591949521.208514   0.105745 -13.562515   0.101879 0.071321 0.864356 0.039881
1591949521.274515   0.116037 -13.541217   0.076945 0.071318 0.870089 0.039880
1591949521.340515   0.125208 -13.532428   0.066056 0.071402 0.874345 0.039892
1591949521.406515   0.147447 -13.521162   0.077874 0.071472 0.879295 0.039907
1591949521.472515   0.152215 -13.503897   0.099808 0.071428 0.883770 0.039890
1591949521.538516   0.151222 -13.508548   0.126135 0.071630 0.888679 0.039955
1591949521.637516   0.169279 -13.515789   0.176726 0.071900 0.896064 0.039999
1591949521.769516   0.173548 -13.552543   0.204435 0.072123 0.904005 0.040005
1591949521.901516   0.202857 -13.581582   0.166209 0.072068 0.911416 0.040032
1591949522.000517   0.218118 -13.571982   0.118357 0.072008 0.915701 0.039955
1591949522.099517   0.211643 -13.536978   0.072125 0.071728 0.920663 0.039905
1591949522.198517   0.198912 -13.555198   0.031658 0.071681 0.925373 0.039937
1591949522.264517   0.171220 -13.578786   0.055200 0.071842 0.930221 0.039973
1591949522.363518   0.184087 -13.609563   0.024178 0.071920 0.936166 0.040028
1591949522.429518   0.209769 -13.584444   0.006988 0.071791 0.939854 0.039989
1591949522.495518   0.218856 -13.538764   0.007358 0.071669 0.942111 0.039957
1591949522.561518   0.244953 -13.528653  -0.001910 0.071688 0.944176 0.039937
1591949522.627518   0.251454 -13.543725  -0.003634 0.071820 0.946203 0.039979
1591949522.726518   0.258666 -13.671991   0.045793 0.072459 0.963073 0.040103
1591949522.825519   0.237519 -13.721254  -0.005631 0.072615 0.968394 0.040144
1591949522.891519   0.251052 -13.707315  -0.067717 0.072494 0.972836 0.040141
1591949522.957519   0.228446 -13.673532  -0.149744 0.072319 0.976592 0.040139
1591949523.023519   0.251953 -13.643419  -0.186125 0.072217 0.980872 0.040166
1591949523.089519   0.275138 -13.631779  -0.182847 0.072264 0.984280 0.040207
1591949523.155519   0.285404 -13.625005  -0.153075 0.072310 0.987789 0.040209
1591949523.221519   0.304764 -13.648805  -0.099984 0.072425 0.990881 0.040216
1591949523.287519   0.302181 -13.677225  -0.032613 0.072644 0.995737 0.040246
1591949523.353520   0.304291 -13.711946   0.015941 0.072855 1.000314 0.040288
1591949523.419520   0.296977 -13.752091   0.043598 0.073017 1.004124 0.040332
1591949523.485520   0.275644 -13.774130   0.041354 0.073118 1.007240 0.040347
1591949523.551520   0.277358 -13.787926   0.017449 0.073192 1.015310 0.040361
1591949523.617520   0.273805 -13.790533  -0.016271 0.073214 1.019031 0.040371
1591949523.683521   0.284238 -13.785502  -0.040984 0.073176 1.023019 0.040392
1591949523.749521   0.293470 -13.784509  -0.058844 0.073198 1.026909 0.040436
1591949523.848521   0.308379 -13.792151  -0.061452 0.073202 1.032294 0.040499
1591949523.947521   0.283536 -13.805155  -0.027993 0.073298 1.037808 0.040480
1591949524.046521   0.296242 -13.800247  -0.019055 0.073354 1.043781 0.040471
1591949524.112521   0.276687 -13.800427  -0.011861 0.073463 1.048815 0.040471
1591949524.178522   0.279283 -13.785370  -0.006668 0.073537 1.059473 0.040494
1591949524.244522   0.295662 -13.785763   0.001633 0.073602 1.063494 0.040520
1591949524.310522   0.288856 -13.781063  -0.012438 0.073697 1.067884 0.040545
1591949524.376522   0.293801 -13.799168  -0.010431 0.073764 1.073059 0.040537
1591949524.442522   0.295171 -13.800469  -0.013274 0.073847 1.077508 0.040524
1591949524.508523   0.296434 -13.780626  -0.022594 0.073791 1.081783 0.040518
1591949524.574523   0.290344 -13.759579  -0.038368 0.073774 1.085351 0.040494
1591949524.640523   0.288772 -13.723540  -0.045328 0.073617 1.087309 0.040509
1591949524.706523   0.290177 -13.694119  -0.050219 0.073666 1.096482 0.040498
1591949524.772523   0.282242 -13.682381  -0.040735 0.073657 1.099802 0.040492
1591949524.838523   0.305297 -13.656151  -0.027892 0.073630 1.104062 0.040462
1591949524.904524   0.313976 -13.646057  -0.014846 0.073657 1.107598 0.040451
1591949524.970524   0.320929 -13.632258  -0.006417 0.073635 1.110881 0.040436
1591949525.036524   0.350718 -13.614376  -0.005727 0.073615 1.113883 0.040439
1591949525.102524   0.371573 -13.603605  -0.009417 0.073611 1.116758 0.040433
1591949525.168524   0.387043 -13.584759  -0.023416 0.073592 1.119709 0.040436
1591949525.234524   0.390007 -13.573025  -0.036776 0.073584 1.122120 0.040426
1591949525.300524   0.405543 -13.541617  -0.047096 0.073480 1.124600 0.040396
1591949525.366524   0.435509 -13.507797  -0.059120 0.073366 1.126826 0.040399
1591949525.432524   0.446063 -13.479570  -0.060894 0.073375 1.129875 0.040357
1591949525.498525   0.469643 -13.453821  -0.049992 0.073390 1.132327 0.040381
1591949525.564525   0.484916 -13.438042  -0.037972 0.073457 1.138238 0.040358
1591949525.630525   0.497438 -13.419986  -0.025987 0.073470 1.140588 0.040339
1591949525.729525   0.515500 -13.367613  -0.012562 0.073457 1.144361 0.040294
1591949525.828526   0.512144 -13.291685  -0.022249 0.073339 1.145396 0.040222
1591949525.894526   0.534804 -13.252931  -0.028506 0.073289 1.145388 0.040203
1591949525.993526   0.565059 -13.202275  -0.008894 0.073211 1.146304 0.040154
1591949526.059526   0.569782 -13.170327  -0.006360 0.073195 1.147934 0.040185
1591949526.125526   0.578739 -13.143757  -0.001172 0.073265 1.156379 0.040175
1591949526.191526   0.597470 -13.104261   0.013011 0.073248 1.157698 0.040123
1591949526.290527   0.597976 -13.048006   0.002245 0.073223 1.158306 0.040064
1591949526.356527   0.616852 -13.017704  -0.001727 0.073227 1.159091 0.039996
1591949526.422527   0.608999 -12.995127  -0.010523 0.073147 1.159586 0.039960
1591949526.488527   0.602916 -12.970085  -0.011876 0.073136 1.158735 0.039914
1591949526.554527   0.586721 -12.942686  -0.017352 0.073161 1.159226 0.039915
1591949526.620527   0.564345 -12.915919  -0.023903 0.073193 1.159240 0.039893
1591949526.686528   0.545775 -12.868718  -0.028221 0.073148 1.160537 0.039870
1591949526.752528   0.528163 -12.827825  -0.031963 0.073056 1.161490 0.039820
1591949526.851528   0.479190 -12.756699  -0.029027 0.073041 1.161640 0.039782
1591949526.950528   0.424619 -12.700555  -0.012081 0.072879 1.161672 0.039724
1591949527.016528   0.378121 -12.671250  -0.006239 0.072824 1.160656 0.039652
1591949527.082529   0.336847 -12.638398   0.001118 0.072836 1.158510 0.039584
1591949527.148529   0.290082 -12.618528  -0.013701 0.072880 1.158897 0.039534
1591949527.214529   0.234404 -12.576229  -0.038093 0.072671 1.156250 0.039506
1591949527.280529   0.193574 -12.521441  -0.049396 0.072473 1.153478 0.039442
1591949527.346529   0.128338 -12.434551  -0.062978 0.072167 1.150131 0.039371
1591949527.412529   0.067257 -12.351701  -0.089755 0.071890 1.153237 0.039274
1591949527.511529  -0.053407 -12.244996  -0.078981 0.071507 1.144995 0.039162
1591949527.577530  -0.156064 -12.202585  -0.045143 0.071368 1.137088 0.039105
1591949527.643530  -0.278675 -12.148180  -0.006893 0.071245 1.131287 0.039052
1591949527.742530  -0.485346 -12.080552   0.019026 0.070994 1.121159 0.038979
1591949527.841530  -0.691928 -12.009500   0.017543 0.070657 1.109264 0.038856
1591949527.940531  -0.857602 -11.935308   0.009787 0.070206 1.091799 0.038770
1591949528.006531  -0.978575 -11.885239  -0.017321 0.069927 1.077788 0.038708
1591949528.072531  -1.129578 -11.843763  -0.057059 0.069921 1.085510 0.038711
1591949528.138531  -1.244320 -11.792657  -0.056657 0.069909 1.077337 0.038723
1591949528.204531  -1.318765 -11.731288  -0.058383 0.069732 1.067736 0.038693
1591949528.303531  -1.520702 -11.633778  -0.093104 0.069455 1.047519 0.038640
1591949528.402532  -1.759227 -11.577497  -0.099778 0.069416 1.028080 0.038623
1591949528.501532  -1.990375 -11.509405  -0.088491 0.069483 1.009494 0.038621
1591949528.600532  -2.259740 -11.394843  -0.084368 0.069603 0.987026 0.038568
1591949528.666532  -2.433608 -11.317948  -0.083121 0.069689 0.968299 0.038533
1591949528.732533  -2.603470 -11.235957  -0.074261 0.069792 0.951874 0.038506
1591949528.798533  -2.790217 -11.132215  -0.061192 0.069970 0.936666 0.038478
1591949528.864533  -2.936809 -11.054497  -0.016428 0.070358 0.919003 0.038460
1591949528.963533  -3.170987 -10.931805   0.051848 0.071057 0.885803 0.038428
1591949529.029533  -3.331833 -10.884663   0.089472 0.071951 0.877839 0.038459
1591949529.095533  -3.485648 -10.843867   0.127150 0.072802 0.853367 0.038481
1591949529.161533  -3.664387 -10.821905   0.155082 0.073758 0.834549 0.038508
1591949529.260534  -3.926433 -10.723059   0.156661 0.074967 0.805182 0.038521
1591949529.326534  -4.088736 -10.651095   0.125006 0.075809 0.781503 0.038520
1591949529.392534  -4.228623 -10.553169   0.092888 0.076640 0.764354 0.038497
1591949529.458534  -4.385744 -10.468294   0.064666 0.077570 0.742798 0.038506
1591949529.524534  -4.550657 -10.382261   0.052993 0.079014 0.728598 0.038560
1591949529.623535  -4.804345 -10.298012   0.060088 0.081047 0.688541 0.038638
1591949529.722535  -5.054816 -10.204844   0.079008 0.083110 0.658099 0.038706
1591949529.821535  -5.299005 -10.096594   0.075330 0.085249 0.631923 0.038783
1591949529.920535 -5.541095 -9.988800  0.049913 0.087329 0.608381 0.038831
1591949529.986535 -5.696917 -9.918796  0.043267 0.088934 0.596683 0.038898
1591949530.052536 -5.842060 -9.844532  0.048281 0.091055 0.585754 0.038965
1591949530.118536 -6.011879 -9.754285  0.038641 0.092860 0.566733 0.039022
1591949530.184536 -6.164236 -9.667661  0.037111 0.094618 0.550549 0.039070
1591949530.250536 -6.323457 -9.580837  0.046520 0.096437 0.536127 0.039129
1591949530.316536 -6.475507 -9.509267  0.059083 0.098357 0.522320 0.039176
1591949530.382536 -6.652200 -9.423313  0.061316 0.100292 0.509234 0.039263
1591949530.448537 -6.808370 -9.367165  0.078231 0.102819 0.498480 0.039356
1591949530.514537 -6.971419 -9.294487  0.090559 0.104845 0.485317 0.039417
1591949530.580537 -7.143904 -9.227162  0.087553 0.106937 0.471891 0.039501
1591949530.646537 -7.315058 -9.140701  0.072471 0.109008 0.460441 0.039600
1591949530.712537 -7.475489 -9.066171  0.065819 0.111117 0.449905 0.039685
1591949530.778537 -7.642440 -8.982986  0.058220 0.113312 0.437228 0.039775
1591949530.844537 -7.794232 -8.865049  0.047586 0.115385 0.428799 0.039835
1591949530.910538 -7.942434 -8.764494  0.045034 0.118304 0.419476 0.039936
1591949530.976538 -8.096075 -8.667267  0.052252 0.120610 0.407091 0.040006
1591949531.042538 -8.248304 -8.587412  0.071144 0.122995 0.398404 0.040076
1591949531.108538 -8.412389 -8.519053  0.099063 0.125415 0.387578 0.040191
1591949531.174538 -8.556926 -8.485531  0.121700 0.127969 0.376883 0.040307
1591949531.240538 -8.692125 -8.430914  0.120140 0.130514 0.368140 0.040405
1591949531.306539 -8.800227 -8.393621  0.113826 0.133055 0.358984 0.040450
1591949531.372539 -8.871731 -8.349804  0.098095 0.135573 0.350332 0.040482
1591949531.438539 -8.925770 -8.293911  0.065182 0.138157 0.343765 0.040480
1591949531.504539 -8.975973 -8.257794  0.048141 0.141135 0.336908 0.040501
1591949531.570539 -9.059324 -8.218777  0.039011 0.143819 0.330766 0.040577
1591949531.636539 -9.143278 -8.205317  0.052126 0.146727 0.325250 0.040650
1591949531.735540 -9.283928 -8.217180  0.069709 0.151094 0.315874 0.040762
1591949531.834540 -9.383100 -8.207666  0.062318 0.155595 0.309831 0.040837
1591949531.933540 -9.408447 -8.217715  0.048592 0.160384 0.303819 0.040862
1591949532.032540 -9.440598 -8.209879  0.023442 0.165161 0.299519 0.040867
1591949532.131541 -9.511385 -8.248150  0.042810 0.170100 0.295547 0.040935
1591949532.230541 -9.618173 -8.291090  0.071942 0.175795 0.291667 0.041050
1591949532.329541 -9.717538 -8.300132  0.091563 0.181036 0.287281 0.041141
1591949532.428541 -9.768587 -8.307987  0.070297 0.186186 0.284451 0.041224
1591949532.527541 -9.785065 -8.330472  0.049523 0.191433 0.281091 0.041230
1591949532.626542 -9.774010 -8.367139  0.037683 0.196880 0.278589 0.041208
1591949532.725542 -9.756874 -8.457681  0.047269 0.202448 0.276467 0.041276
1591949532.791542 -9.758469 -8.503351  0.060013 0.206073 0.275851 0.041295
1591949532.890542 -9.741908 -8.570236  0.066795 0.211476 0.274468 0.041301
1591949532.989543 -9.779271 -8.563457  0.068888 0.217039 0.273643 0.041320
1591949533.088543 -9.767996 -8.608851  0.066756 0.222357 0.272432 0.041315
1591949533.187543 -9.790849 -8.644389  0.079128 0.227658 0.272118 0.041363
1591949533.286543 -9.789358 -8.685182  0.100617 0.233140 0.271582 0.041336
1591949533.385543 -9.762884 -8.757059  0.110405 0.238637 0.271145 0.041340
1591949533.484544 -9.779129 -8.800713  0.095259 0.243821 0.271168 0.041340
1591949533.583544 -9.777102 -8.829869  0.073226 0.249009 0.271490 0.041348
1591949533.682544 -9.774578 -8.833267  0.055921 0.253966 0.271518 0.041305
1591949533.781544 -9.743410 -8.857949  0.042800 0.258833 0.271496 0.041275
1591949533.880545 -9.756556 -8.905382  0.063156 0.265515 0.272351 0.041308
1591949533.979545 -9.687448 -8.943255  0.091495 0.270273 0.272421 0.041213
1591949534.078545 -9.664825 -8.941217  0.131786 0.275091 0.272875 0.041178
1591949534.144545 -9.668163 -8.974671  0.160605 0.277931 0.273347 0.041174
1591949534.210545 -9.660437 -8.996692  0.171232 0.282025 0.274702 0.041162
1591949534.276546 -9.652974 -9.025040  0.170097 0.285042 0.275379 0.041149
1591949534.342546 -9.643052 -9.041671  0.153035 0.287998 0.275833 0.041129
1591949534.408546 -9.623950 -9.058426  0.137362 0.290998 0.276227 0.041120
1591949534.474546 -9.608193 -9.082564  0.102614 0.294163 0.276747 0.041080
1591949534.540546 -9.582185 -9.102896  0.090887 0.296554 0.277360 0.041054
1591949534.606546 -9.564635 -9.096859  0.068235 0.299148 0.277845 0.041021
1591949534.672547 -9.552281 -9.103369  0.065357 0.301202 0.278320 0.040991
1591949534.738547 -9.532081 -9.105544  0.058722 0.304062 0.278522 0.040949
1591949534.804547 -9.518927 -9.111686  0.075126 0.305980 0.278764 0.040922
1591949534.870547 -9.498871 -9.129327  0.090572 0.308241 0.278989 0.040898
1591949534.936547 -9.480331 -9.126198  0.100748 0.310754 0.279503 0.040864
1591949535.002547 -9.459332 -9.153387  0.111535 0.312856 0.280243 0.040837
1591949535.068547 -9.431921 -9.174470  0.123242 0.314426 0.280736 0.040803
1591949535.134548 -9.403740 -9.189000  0.131084 0.316986 0.281402 0.040763
1591949535.200548 -9.374213 -9.197883  0.135749 0.318210 0.281801 0.040714
1591949535.266548 -9.343493 -9.185557  0.121342 0.320247 0.282345 0.040653
1591949535.332548 -9.322830 -9.185146  0.117013 0.321656 0.282907 0.040623
1591949535.398548 -9.285593 -9.168683  0.114460 0.322862 0.283342 0.040564
1591949535.464548 -9.254501 -9.162790  0.113890 0.324384 0.283917 0.040521
1591949535.530549 -9.224426 -9.154988  0.106759 0.326705 0.285003 0.040466
1591949535.596549 -9.186943 -9.149865  0.114154 0.327766 0.285356 0.040415
1591949535.662549 -9.151545 -9.165540  0.115652 0.328718 0.285797 0.040383
1591949535.728549 -9.124329 -9.163240  0.123364 0.330028 0.286648 0.040339
1591949535.794549 -9.099133 -9.166485  0.118100 0.330831 0.287083 0.040290
1591949535.893549 -9.055013 -9.171155  0.116876 0.332594 0.287496 0.040229
1591949535.959550 -9.032348 -9.164041  0.112395 0.332343 0.287975 0.040182
1591949536.025550 -9.007813 -9.155309  0.108230 0.333255 0.288724 0.040146
1591949536.091550 -8.978492 -9.160414  0.116096 0.333789 0.289419 0.040110
1591949536.157550 -8.951064 -9.158504  0.117458 0.335019 0.289916 0.040088
1591949536.223550 -8.974183 -9.145459  0.095640 0.335473 0.290383 0.040078
1591949536.289550 -8.941161 -9.160821  0.095746 0.336015 0.290908 0.040044
1591949536.355551 -8.885498 -9.168481  0.110003 0.335948 0.290885 0.039989
1591949536.421551 -8.847144 -9.130754  0.107919 0.334978 0.290568 0.039918
1591949536.520551 -8.773071 -9.115073  0.096860 0.334626 0.290359 0.039834
1591949536.619551 -8.771148 -9.156980  0.145091 0.335299 0.291128 0.039845
1591949536.718551 -8.769008 -9.170043  0.165885 0.335056 0.291993 0.039820
1591949536.817552 -8.761601 -9.152548  0.134447 0.335578 0.293025 0.039779
1591949536.916552 -8.702552 -9.136561  0.090640 0.335198 0.293684 0.039705
1591949537.015552 -8.677523 -9.100335  0.071614 0.335828 0.295387 0.039652
1591949537.114552 -8.631778 -9.100547  0.076676 0.335857 0.296088 0.039611
1591949537.213552 -8.599963 -9.112820  0.100750 0.335342 0.296257 0.039590
1591949537.345553 -8.578412 -9.134070  0.125214 0.335667 0.297739 0.039570
1591949537.444553 -8.559756 -9.127451  0.113389 0.335112 0.298731 0.039503
1591949537.543553 -8.549451 -9.095982  0.088365 0.334099 0.299436 0.039476
1591949537.642553 -8.522954 -9.078539  0.058692 0.333297 0.299851 0.039419
1591949537.741554 -8.503980 -9.054965  0.054159 0.332644 0.299673 0.039385
1591949537.840554 -8.472643 -9.044630  0.065222 0.331531 0.300797 0.039346
1591949537.939554 -8.443140 -9.022426  0.085454 0.331836 0.302019 0.039297
1591949538.005554 -8.452559 -9.000026  0.092564 0.331296 0.302175 0.039270
1591949538.071555 -8.465199 -8.973304  0.100008 0.330761 0.302496 0.039268
1591949538.170555 -8.497691 -8.912061  0.118066 0.329430 0.301932 0.039244
1591949538.269555 -8.538068 -8.835650  0.122079 0.327139 0.300661 0.039201
1591949538.368555 -8.579374 -8.746516  0.117766 0.327202 0.302216 0.039151
1591949538.467555 -8.653296 -8.659812  0.111719 0.327873 0.301780 0.039131
1591949538.566556 -8.725704 -8.577939  0.111281 0.326924 0.300919 0.039111
1591949538.665556 -8.779676 -8.473441  0.102655 0.327200 0.301494 0.039067
1591949538.764556 -8.843969 -8.331804  0.084586 0.328161 0.301681 0.039054
1591949538.863556 -9.007753 -8.149854  0.071864 0.327799 0.300339 0.039065
1591949538.962557 -9.057445 -8.155607  0.083738 0.327874 0.298694 0.039069
1591949539.061557 -9.166239 -7.955548  0.083189 0.336768 0.305832 0.039093
1591949539.160557 -9.195192 -7.818944  0.051475 0.339045 0.304994 0.039070
1591949539.259557 -9.252446 -7.759769  0.050435 0.341294 0.303693 0.039068
1591949539.358557 -9.375989 -7.661169  0.043974 0.342841 0.301695 0.039104
1591949539.457558 -9.407048 -7.622900  0.036794 0.343540 0.299753 0.039074
1591949539.556558 -9.452132 -7.514630  0.018432 0.344908 0.297387 0.039065
1591949539.688558 -9.530499 -7.336656 -0.018772 0.345916 0.294129 0.039029
1591949539.820559 -9.619176 -7.223250  0.002189 0.347573 0.290218 0.039066
1591949539.919559 -9.697518 -7.086667  0.035693 0.348750 0.286874 0.039047
1591949540.018559 -9.776271 -6.955725  0.026750 0.358791 0.289814 0.039095
1591949540.117559 -9.797259 -6.896123  0.028842 0.360465 0.286334 0.039093
1591949540.216560 -9.913381 -6.812685  0.057897 0.362426 0.283255 0.039127
1591949540.315560 -10.035817  -6.532783  -0.016158 0.363039 0.279119 0.039116
1591949540.414560 -10.134070  -6.322098  -0.015767 0.364031 0.274539 0.039121
1591949540.513560 -10.196991  -6.150081  -0.018759 0.376917 0.275914 0.039169
1591949540.612560 -10.363855  -5.839450   0.016150 0.379500 0.271090 0.039259
1591949540.678560 -10.436126  -5.724459   0.061396 0.382028 0.268163 0.039293
1591949540.777561 -10.548605  -5.489606   0.056901 0.383605 0.262121 0.039330
1591949540.876561 -10.691305  -5.315641   0.039283 0.385347 0.255770 0.039386
1591949540.975561 -10.833968  -5.073401   0.006131 0.386314 0.248957 0.039461
1591949541.074562 -10.933299  -4.780153  -0.044495 0.387258 0.241690 0.039487
1591949541.173562 -10.974434  -4.523280  -0.083460 0.387816 0.233987 0.039483
1591949541.272562 -11.078135  -4.242443  -0.053064 0.387633 0.226556 0.039517
1591949541.371562 -11.252166  -4.003780   0.005004 0.387184 0.218841 0.039611
1591949541.470562 -11.417020  -3.786763   0.087211 0.387368 0.211210 0.039759
1591949541.569563 -11.553465  -3.514036   0.048160 0.386537 0.203598 0.039873
1591949541.668563 -11.653849  -3.289482  -0.009543 0.388426 0.195776 0.039974
1591949541.734563 -11.721989  -3.183655  -0.019470 0.387556 0.190474 0.040049
1591949541.833563 -11.793734  -2.976896  -0.041380 0.386514 0.182787 0.040113
1591949541.932564 -11.897915  -2.714405  -0.044693 0.385156 0.175532 0.040179
1591949542.031564 -12.053122  -2.503155   0.000537 0.383321 0.168523 0.040313
1591949542.130564 -12.173367  -2.298482   0.028845 0.381595 0.161396 0.040449
1591949542.229564 -12.265772  -2.083503   0.001027 0.380224 0.154956 0.040481
1591949542.328564 -12.338635  -1.864283  -0.016302 0.378328 0.148647 0.040556
1591949542.427565 -12.432633  -1.655850  -0.012280 0.378597 0.142655 0.040661
1591949542.526565 -12.499968  -1.442535   0.038642 0.377855 0.137159 0.040718
1591949542.625565 -12.592748  -1.192905   0.104887 0.377176 0.132046 0.040820
1591949542.724566 -12.710695  -0.949026   0.090618 0.375165 0.127112 0.040985
1591949542.823566 -12.835088  -0.790656   0.113718 0.374578 0.122783 0.041100
1591949542.922566 -12.869711  -0.600075   0.024762 0.376675 0.118553 0.041184
1591949543.021566 -12.883107  -0.467296  -0.027961 0.376156 0.114599 0.041219
1591949543.120567 -12.910233  -0.317487  -0.037519 0.376236 0.110816 0.041229
1591949543.219567 -13.005937  -0.161982   0.004252 0.377272 0.107879 0.041354
1591949543.318567 -13.105087  -0.035480   0.045668 0.378208 0.105215 0.041462
1591949543.417567 -13.186459   0.074775   0.042716 0.379511 0.102573 0.041551
1591949543.516567 -13.248392   0.121762   0.009066 0.380732 0.100408 0.041644
1591949543.615568 -13.298048   0.128361  -0.023185 0.382732 0.098324 0.041610
1591949543.714568 -13.333515   0.100744  -0.039824 0.385266 0.096520 0.041605
1591949543.813568 -13.413017   0.036046  -0.023224 0.388349 0.095149 0.041618
1591949543.912568 -13.490870   0.006296   0.005443 0.393949 0.094204 0.041682
1591949544.011569 -13.576358  -0.044634   0.023246 0.398399 0.093455 0.041781
1591949544.110569 -13.628108  -0.045521   0.007243 0.403207 0.092596 0.041827
1591949544.209569 -13.695558  -0.048282  -0.015172 0.408289 0.091931 0.041905
1591949544.308569 -13.747986  -0.044979  -0.029038 0.413442 0.091346 0.041918
1591949544.407569 -13.756951  -0.066207  -0.022519 0.418458 0.090539 0.041909
1591949544.473570 -13.760352  -0.092688  -0.014187 0.422365 0.090125 0.041875
1591949544.572570 -13.770336  -0.125135   0.032465 0.428234 0.089671 0.041879
1591949544.671570 -13.816706  -0.159332   0.064397 0.433891 0.089429 0.041874
1591949544.737570 -13.845590  -0.153081   0.081707 0.438135 0.089245 0.041883
1591949544.803571 -13.870973  -0.157425   0.067300 0.441853 0.089066 0.041901
1591949544.869570 -13.871488  -0.142116   0.047753 0.446150 0.088872 0.041869
1591949544.935571 -13.887348  -0.118375   0.015002 0.449925 0.088730 0.041898
1591949545.001571 -13.903744  -0.112710  -0.010934 0.453713 0.088561 0.041910
1591949545.100571 -13.912869  -0.113401  -0.014464 0.459447 0.088261 0.041863
1591949545.166571 -13.918318  -0.127923  -0.018021 0.463599 0.088080 0.041850
1591949545.265572 -13.914525  -0.156711   0.007596 0.469515 0.087776 0.041813
1591949545.331572 -13.923425  -0.183853   0.039532 0.474110 0.087704 0.041802
1591949545.397572 -13.946736  -0.174310   0.058374 0.478254 0.087804 0.041828
1591949545.463572 -13.985506  -0.174357   0.084123 0.481673 0.087943 0.041842
1591949545.562572 -14.052360  -0.149242   0.089722 0.487197 0.088070 0.041910
1591949545.661572 -14.079705  -0.113796   0.044162 0.491902 0.087981 0.041898
1591949545.760573 -14.065062  -0.097989  -0.018221 0.496688 0.087589 0.041809
1591949545.859573 -14.035239  -0.099105  -0.034084 0.502756 0.087292 0.041750
1591949545.958573 -14.026074  -0.139586  -0.003484 0.508571 0.087289 0.041743
1591949546.057573 -14.084670  -0.123662   0.058705 0.513947 0.087669 0.041734
1591949546.156574 -14.162314  -0.130388   0.096064 0.520531 0.088091 0.041811
1591949546.255574 -14.180539  -0.113801   0.075857 0.527448 0.088214 0.041850
1591949546.354574 -14.163383  -0.077166   0.026708 0.533228 0.088154 0.041806
1591949546.453574 -14.157098  -0.083505  -0.001088 0.540183 0.088176 0.041825
1591949546.552575 -14.175777  -0.073506   0.008183 0.545381 0.088291 0.041806
1591949546.651575 -14.202686  -0.065390   0.025018 0.550772 0.088416 0.041814
1591949546.750575 -14.227547  -0.054586   0.042908 0.556946 0.088546 0.041806
1591949546.816575 -14.244577  -0.032522   0.036193 0.560412 0.088572 0.041814
1591949546.882575 -14.258910  -0.024906   0.035754 0.564837 0.088667 0.041825
1591949546.981576 -14.253359  -0.033407   0.030132 0.569977 0.088619 0.041815
1591949547.080576 -14.250396  -0.077904   0.028874 0.574907 0.088593 0.041779
1591949547.179576 -14.257103  -0.114642   0.050327 0.579726 0.088644 0.041707
1591949547.278576 -14.302718  -0.159334   0.082210 0.584215 0.088875 0.041721
1591949547.377576 -14.352634  -0.162853   0.092063 0.587530 0.089143 0.041729
1591949547.476577 -14.361502  -0.152386   0.057806 0.590515 0.089022 0.041661
1591949547.575577 -14.352096  -0.163535   0.012804 0.594008 0.088887 0.041647
1591949547.641577 -14.357152  -0.156797   0.009895 0.595852 0.088901 0.041640
1591949547.707577 -14.349106  -0.179599   0.007368 0.599537 0.089056 0.041614
1591949547.806577 -14.354396  -0.202206   0.033947 0.604780 0.089188 0.041607
1591949547.872578 -14.364277  -0.218275   0.058671 0.606114 0.089269 0.041584
1591949547.971578 -14.414664  -0.237892   0.109240 0.608608 0.089534 0.041596
1591949548.070578 -14.437169  -0.224355   0.109513 0.612678 0.089631 0.041564
1591949548.169579 -14.447922  -0.233704   0.080905 0.613922 0.089604 0.041523
1591949548.268579 -14.438785  -0.206663   0.030411 0.618177 0.089540 0.041527
1591949548.367579 -14.431634  -0.216006  -0.011299 0.622194 0.089340 0.041485
1591949548.466579 -14.462695  -0.165166  -0.042175 0.630003 0.089473 0.041556
1591949548.565579 -14.424831  -0.213321  -0.014960 0.633481 0.089326 0.041481
1591949548.664580 -14.344362  -0.247959   0.003768 0.637005 0.088901 0.041342
1591949548.763580 -14.388285  -0.280887   0.106242 0.638635 0.089199 0.041327
1591949548.862580 -14.455839  -0.302695   0.170530 0.640238 0.089572 0.041331
1591949548.961580 -14.484229  -0.271633   0.146577 0.642492 0.089704 0.041312
1591949549.060580 -14.476081  -0.225536   0.063036 0.640766 0.089414 0.041247
1591949549.159581 -14.451038  -0.214755   0.000560 0.641746 0.089226 0.041220
1591949549.258581 -14.442190  -0.226744  -0.017451 0.642994 0.089251 0.041179
1591949549.357581 -14.422075  -0.245098   0.011367 0.641406 0.089157 0.041120
1591949549.456581 -14.417647  -0.273135   0.047312 0.641192 0.089072 0.041021
1591949549.555582 -14.405638  -0.258717   0.071288 0.645347 0.089098 0.040976
1591949549.654582 -14.365246  -0.220101   0.070796 0.654489 0.088985 0.040962
1591949549.720582 -14.342154  -0.186248   0.043579 0.655524 0.088841 0.040911
1591949549.786582 -14.302043  -0.162313   0.024890 0.656631 0.088602 0.040866
1591949549.852582 -14.269161  -0.145935   0.017556 0.655206 0.088349 0.040808
1591949549.918582 -14.225594  -0.147557   0.021785 0.654123 0.088074 0.040725
1591949549.984583 -14.199512  -0.143508   0.030030 0.664949 0.088006 0.040733
1591949550.050583 -14.187889  -0.136277   0.044946 0.666174 0.088080 0.040706
1591949550.116583 -14.180741  -0.144924   0.075615 0.663699 0.087946 0.040645
1591949550.182583 -14.165425  -0.133532   0.092034 0.663412 0.087834 0.040601
1591949550.248583 -14.152212  -0.112640   0.084549 0.664238 0.087802 0.040551
1591949550.314584 -14.138696  -0.087318   0.078315 0.663403 0.087701 0.040504
1591949550.380584 -14.120756  -0.067561   0.058812 0.664485 0.087643 0.040484
1591949550.446584 -14.087063  -0.077565   0.046794 0.666947 0.087441 0.040450
1591949550.512584 -14.051798  -0.085273   0.027999 0.674577 0.087205 0.040422
1591949550.578584 -14.040942  -0.112742   0.006652 0.668937 0.086991 0.040347
1591949550.644584 -14.029197  -0.130752  -0.001034 0.664556 0.086913 0.040279
1591949550.710584 -14.017861  -0.136978  -0.005882 0.661253 0.086812 0.040248
1591949550.809585 -13.977368  -0.164677  -0.006110 0.662999 0.086634 0.040166
1591949550.908585 -13.910443  -0.155759  -0.012586 0.654194 0.086268 0.040054
1591949551.007585 -13.872673  -0.164473   0.013805 0.652146 0.086095 0.039994
1591949551.106585 -13.863384  -0.206799   0.062962 0.669653 0.086313 0.040045
1591949551.205586 -13.844669  -0.220695   0.093828 0.677236 0.086479 0.040045
1591949551.304586 -13.813206  -0.245112   0.095963 0.681958 0.086465 0.040013
1591949551.403586 -13.757144  -0.263425   0.100807 0.684508 0.086168 0.039929
1591949551.502586 -13.687143  -0.238075   0.097860 0.683325 0.085711 0.039834
1591949551.601586 -13.625000  -0.292650   0.119405 0.683690 0.085303 0.039725
1591949551.700587 -13.551516  -0.344163   0.139022 0.684454 0.084946 0.039646
1591949551.799587 -13.481918  -0.399180   0.145225 0.688195 0.084680 0.039555
1591949551.898587 -13.414471  -0.470747   0.137640 0.686894 0.084416 0.039437
1591949551.997587 -13.329713  -0.544729   0.119191 0.688728 0.084048 0.039348
1591949552.096588 -13.246497  -0.620180   0.103465 0.688609 0.083571 0.039278
1591949552.228588 -13.126191  -0.776313   0.116656 0.684521 0.082998 0.039163
1591949552.360588 -13.018668  -0.933340   0.123626 0.678712 0.082471 0.038993
1591949552.459589 -12.963035  -1.044804   0.134132 0.676395 0.082241 0.038917
1591949552.558589 -12.877498  -1.161351   0.131232 0.675475 0.082019 0.038808
1591949552.657589 -12.783527  -1.263997   0.108464 0.672210 0.081624 0.038705
1591949552.756589 -12.717098  -1.392178   0.080561 0.670593 0.081429 0.038635
1591949552.855589 -12.689410  -1.526262   0.081742 0.666242 0.081274 0.038556
1591949552.954590 -12.678549  -1.687237   0.053478 0.676037 0.081717 0.038603
1591949553.053590 -12.627769  -1.829635   0.026902 0.675465 0.081782 0.038600
1591949553.152590 -12.559339  -1.954100  -0.011512 0.672046 0.081694 0.038547
1591949553.251590 -12.501319  -2.092014  -0.018614 0.665740 0.081654 0.038517
1591949553.350591 -12.448257  -2.254397   0.009498 0.663877 0.081791 0.038462
1591949553.449591 -12.394399  -2.426174   0.042930 0.656772 0.082036 0.038449
1591949553.548591 -12.351269  -2.596657   0.065723 0.647403 0.082261 0.038416
1591949553.614591 -12.301722  -2.691388   0.091996 0.640926 0.082396 0.038386
1591949553.680591 -12.239220  -2.826125   0.110999 0.639180 0.082550 0.038347
1591949553.746592 -12.177852  -2.931575   0.121049 0.645819 0.083066 0.038366
1591949553.845592 -12.138353  -3.100054   0.136937 0.635279 0.083650 0.038391
1591949553.944592 -12.108623  -3.286640   0.149482 0.622201 0.084330 0.038385
1591949554.076592 -12.037314  -3.498773   0.119186 0.615386 0.085200 0.038384
1591949554.175592 -11.942044  -3.686647   0.068188 0.606247 0.085910 0.038397
1591949554.274593 -11.843422  -3.863124   0.054450 0.595731 0.086514 0.038332
1591949554.373593 -11.791870  -4.045971   0.058016 0.588295 0.087796 0.038339
1591949554.439593 -11.739408  -4.240870   0.071038 0.587066 0.088434 0.038349
1591949554.538593 -11.709305  -4.442753   0.106212 0.573748 0.089864 0.038391
1591949554.637594 -11.622435  -4.700620   0.088290 0.562306 0.091002 0.038398
1591949554.703594 -11.589048  -4.828809   0.081879 0.553606 0.092001 0.038408
1591949554.769594 -11.527717  -4.923298   0.077067 0.546481 0.093235 0.038422
1591949554.868594 -11.438831  -5.115026   0.071202 0.532712 0.094643 0.038406
1591949554.934594 -11.372833  -5.252387   0.062503 0.526192 0.095621 0.038383
1591949555.000594 -11.359206  -5.377440   0.076540 0.519207 0.096906 0.038436
1591949555.066595 -11.334610  -5.498809   0.075178 0.509712 0.098134 0.038466
1591949555.132595 -11.285005  -5.657517   0.085121 0.504570 0.099951 0.038513
1591949555.198595 -11.235450  -5.776283   0.073034 0.496862 0.101218 0.038530
1591949555.264595 -11.168065  -5.835498   0.058022 0.490603 0.102514 0.038517
1591949555.330595 -11.098175  -5.928206   0.039333 0.484039 0.103831 0.038521
1591949555.396595 -11.029573  -6.051193   0.026112 0.477529 0.105163 0.038531
1591949555.462596 -10.974990  -6.187846   0.040182 0.469967 0.106683 0.038579
1591949555.528596 -10.953125  -6.318668   0.071141 0.462987 0.108378 0.038628
1591949555.594596 -10.904341  -6.439977   0.081714 0.457279 0.109900 0.038625
1591949555.660596 -10.857722  -6.556836   0.082442 0.450579 0.111563 0.038682
1591949555.759596 -10.774723  -6.696078   0.058687 0.440283 0.113853 0.038735
1591949555.858597 -10.689602  -6.860406   0.031039 0.432814 0.116196 0.038796
1591949555.957597 -10.606047  -7.010167   0.028189 0.425103 0.119070 0.038834
1591949556.023597 -10.540815  -7.123940   0.038414 0.418310 0.120910 0.038834
1591949556.122597 -10.421704  -7.315023   0.048288 0.409724 0.123427 0.038878
1591949556.221597 -10.317195  -7.498282   0.063054 0.401102 0.126270 0.038970
1591949556.320598 -10.241212  -7.669266   0.071182 0.393184 0.129116 0.039008
1591949556.419598 -10.132077  -7.815501   0.092578 0.385668 0.132719 0.039040
1591949556.485598 -10.060517  -7.903590   0.077132 0.380515 0.134643 0.039020
1591949556.551598 -9.966342 -7.995263  0.060500 0.375944 0.136533 0.039000
1591949556.650598 -9.874397 -8.172819  0.075362 0.367096 0.139662 0.039070
1591949556.716599 -9.815406 -8.264901  0.074878 0.362408 0.141716 0.039086
1591949556.782599 -9.751117 -8.383558  0.081805 0.358523 0.143826 0.039109
1591949556.848599 -9.669813 -8.478852  0.072952 0.352776 0.145842 0.039122
1591949556.914599 -9.598206 -8.567450  0.065009 0.349565 0.148759 0.039164
1591949556.980599 -9.515886 -8.663049  0.062147 0.345263 0.150980 0.039212
1591949557.046599 -9.436598 -8.747827  0.050082 0.340558 0.153215 0.039237
1591949557.112600 -9.368629 -8.846263  0.055493 0.335515 0.155543 0.039272
1591949557.178600 -9.268293 -8.951654  0.067292 0.331840 0.157790 0.039280
1591949557.244600 -9.175306 -9.055429  0.072836 0.328514 0.160051 0.039305
1591949557.310600 -9.095490 -9.162099  0.075201 0.324033 0.162405 0.039317
1591949557.376600 -9.024625 -9.241102  0.088939 0.319381 0.164805 0.039345
1591949557.442600 -8.957105 -9.330401  0.099541 0.313892 0.167153 0.039411
1591949557.508600 -8.874027 -9.419580  0.099761 0.310264 0.169469 0.039429
1591949557.574601 -8.805457 -9.493614  0.092772 0.306133 0.171875 0.039450
1591949557.640601 -8.736914 -9.578364  0.095070 0.303618 0.174520 0.039481
1591949557.706601 -8.671583 -9.638701  0.082393 0.300168 0.177505 0.039516
1591949557.772601 -8.622422 -9.687028  0.086064 0.295799 0.180129 0.039526
1591949557.838601 -8.569739 -9.741973  0.072228 0.292556 0.182704 0.039518
1591949557.904601 -8.510422 -9.814829  0.080451 0.289505 0.185386 0.039541
1591949557.970602 -8.463840 -9.861318  0.079106 0.286497 0.188013 0.039543
1591949558.036602 -8.407980 -9.913999  0.084583 0.282747 0.190671 0.039560
1591949558.102602 -8.365439 -9.955667  0.088710 0.279846 0.193360 0.039541
1591949558.168602  -8.313138 -10.008036   0.094181 0.277010 0.196191 0.039564
1591949558.234602  -8.245149 -10.068039   0.086319 0.274789 0.199027 0.039594
1591949558.300602  -8.187888 -10.138505   0.094321 0.271844 0.201863 0.039636
1591949558.366602  -8.140670 -10.192256   0.095677 0.269434 0.204694 0.039644
1591949558.432603  -8.092715 -10.237997   0.097097 0.267198 0.207576 0.039654
1591949558.498603  -8.051328 -10.273196   0.092585 0.264522 0.210433 0.039655
1591949558.564603  -8.002386 -10.314301   0.089658 0.262238 0.213269 0.039642
1591949558.630603  -7.958979 -10.357742   0.085030 0.259755 0.216466 0.039654
1591949558.696603  -7.914339 -10.418951   0.083679 0.257300 0.219347 0.039684
1591949558.762604  -7.863862 -10.477222   0.072183 0.255794 0.222310 0.039709
1591949558.828604  -7.813080 -10.519906   0.079374 0.253707 0.225442 0.039708
1591949558.894604  -7.754249 -10.536423   0.073380 0.251746 0.228423 0.039703
1591949558.960604  -7.662469 -10.554661   0.074778 0.249496 0.231308 0.039671
1591949559.026604  -7.603711 -10.560255   0.080403 0.247107 0.234141 0.039634
1591949559.092604  -7.571946 -10.577388   0.090381 0.245436 0.236985 0.039615
1591949559.158604  -7.524360 -10.600862   0.112525 0.243742 0.240600 0.039613
1591949559.224604  -7.504509 -10.621942   0.132428 0.242008 0.243711 0.039617
1591949559.290605  -7.483160 -10.612553   0.132379 0.239830 0.246570 0.039577
1591949559.356605  -7.432963 -10.610314   0.129988 0.238034 0.249468 0.039537
1591949559.422605  -7.392731 -10.593347   0.112648 0.236150 0.252271 0.039493
1591949559.488605  -7.335103 -10.568888   0.103083 0.234489 0.255016 0.039437
1591949559.554605  -7.275839 -10.544791   0.101018 0.232219 0.257938 0.039381
1591949559.620605  -7.196186 -10.494021   0.100998 0.230594 0.260583 0.039283
1591949559.686605  -7.137590 -10.417604   0.098916 0.228618 0.263053 0.039165
1591949559.752606  -7.065478 -10.345761   0.099182 0.226468 0.265524 0.039074
1591949559.818606  -7.008070 -10.272724   0.096160 0.224401 0.267817 0.038965
1591949559.884606  -6.955048 -10.195687   0.101897 0.222355 0.270172 0.038855
1591949559.950606  -6.900696 -10.133409   0.103956 0.220432 0.271951 0.038757
1591949560.016607  -6.840048 -10.079685   0.094610 0.219232 0.275002 0.038686
1591949560.115607 -6.738475 -9.970919  0.067419 0.216350 0.278027 0.038565
1591949560.214607 -6.630260 -9.877031  0.028716 0.213501 0.280706 0.038448
1591949560.313607 -6.512110 -9.764737  0.018445 0.210647 0.282349 0.038286
1591949560.412607 -6.419328 -9.643438  0.032189 0.207425 0.283638 0.038137
1591949560.478608 -6.350772 -9.563219  0.048060 0.205169 0.284995 0.038022
1591949560.544608 -6.292713 -9.499764  0.065893 0.203088 0.286549 0.037932
1591949560.610608 -6.241354 -9.425630  0.081672 0.201270 0.287243 0.037831
1591949560.709608 -6.162250 -9.313881  0.095225 0.198200 0.288233 0.037691
1591949560.775608 -6.085580 -9.253564  0.090125 0.196578 0.289174 0.037617
1591949560.874608 -5.960830 -9.119567  0.074071 0.193594 0.289668 0.037451
1591949560.973609 -5.822645 -8.988585  0.069838 0.190712 0.290103 0.037313
1591949561.072609 -5.694846 -8.880764  0.069458 0.187402 0.289089 0.037158
1591949561.171609 -5.602063 -8.769121  0.092309 0.183961 0.287935 0.037024
1591949561.237609 -5.541661 -8.699702  0.106248 0.181874 0.286820 0.036932
1591949561.303610 -5.457471 -8.611127  0.110682 0.180687 0.288271 0.036840
1591949561.402610 -5.323213 -8.475713  0.101426 0.177222 0.287307 0.036705
1591949561.501610 -5.157135 -8.347308  0.075444 0.173125 0.284180 0.036563
1591949561.600610 -4.997483 -8.247080  0.079492 0.169203 0.280848 0.036432
1591949561.699610 -4.869783 -8.139410  0.093389 0.165717 0.278703 0.036304
1591949561.798611 -4.726823 -8.011798  0.101301 0.161554 0.274667 0.036181
1591949561.897611 -4.571868 -7.870240  0.085929 0.158030 0.271780 0.036051
1591949561.996611 -4.390288 -7.742897  0.071122 0.154777 0.269485 0.035925
1591949562.095611 -4.228444 -7.611028  0.074311 0.151055 0.265534 0.035814
1591949562.194612 -4.104262 -7.437218  0.089391 0.146823 0.261223 0.035691
1591949562.293612 -3.983492 -7.283390  0.089338 0.142189 0.255678 0.035580
1591949562.392612 -3.851612 -7.137625  0.074597 0.138033 0.249826 0.035494
1591949562.491612 -3.700938 -7.020522  0.077540 0.134223 0.245724 0.035383
1591949562.623613 -3.563816 -6.852201  0.068871 0.129137 0.239213 0.035265
1591949562.755613 -3.379386 -6.666921  0.040274 0.123917 0.231474 0.035135
1591949562.887613 -3.185570 -6.462121  0.039638 0.118624 0.223750 0.035025
1591949563.052614 -2.976693 -6.173963  0.036790 0.114855 0.221892 0.034872
1591949563.184614 -2.850639 -5.968377  0.040934 0.110240 0.214541 0.034769
1591949563.316614 -2.710551 -5.743863  0.074042 0.106126 0.207993 0.034669
1591949563.448615 -2.604986 -5.527297  0.061557 0.101836 0.199448 0.034589
1591949563.613615 -2.513316 -5.179844  0.036346 0.096634 0.189093 0.034499
1591949563.745615 -2.513024 -4.895961  0.086468 0.092975 0.181775 0.034422
1591949563.877616 -2.474255 -4.615040  0.093529 0.089896 0.174835 0.034368
1591949564.042616 -2.564077 -4.335023  0.038524 0.086482 0.166185 0.034357
1591949564.174616 -2.754091 -4.174619  0.058989 0.084290 0.159454 0.034377
1591949564.339617 -3.010441 -3.922108  0.111886 0.082102 0.151285 0.034358
1591949564.504617 -3.214939 -3.637708  0.086766 0.079997 0.142586 0.034316
1591949564.636617 -3.348507 -3.356850  0.042958 0.078264 0.135982 0.034285
1591949564.768618 -3.509628 -3.131342  0.005862 0.076707 0.129032 0.034270
1591949564.900618 -3.700193 -2.943021  0.055732 0.077215 0.127215 0.034282
1591949565.032618 -3.931340 -2.797482  0.064472 0.076601 0.122346 0.034312
1591949565.164619 -4.157502 -2.562065  0.055004 0.078275 0.119781 0.034328
1591949565.296619 -4.349416 -2.347256  0.031960 0.078136 0.114137 0.034351
1591949565.395619 -4.527106 -2.178011  0.019856 0.077972 0.110499 0.034368
1591949565.527620 -4.730424 -1.950673 -0.005178 0.078310 0.105737 0.034406
1591949565.626620 -4.876444 -1.787912 -0.005197 0.078942 0.102445 0.034436
1591949565.725620 -5.040846 -1.586046  0.025299 0.079254 0.099036 0.034466
1591949565.824620 -5.184669 -1.330432  0.035527 0.080976 0.096183 0.034527
1591949565.923620 -5.286519 -1.061647  0.017518 0.081592 0.093037 0.034577
1591949566.022621 -5.382969 -0.837799 -0.005561 0.081940 0.089623 0.034607
1591949566.121621 -5.505829 -0.631449 -0.028833 0.082213 0.086435 0.034648
1591949566.220621 -5.621344 -0.522897 -0.008496 0.086666 0.084138 0.034712
1591949566.319621 -5.744503 -0.274049  0.018275 0.087759 0.081467 0.034770
1591949566.418622 -5.888910 -0.074480  0.035955 0.088955 0.078945 0.034832
1591949566.517622 -6.037572  0.128405  0.046499 0.090452 0.076822 0.034909
1591949566.616622 -6.166605  0.288132  0.048733 0.091731 0.074677 0.034969
1591949566.715622 -6.340363  0.419526  0.081520 0.093160 0.073154 0.035046
1591949566.847623 -6.542473  0.561745  0.087698 0.096395 0.071142 0.035165
1591949566.979623 -6.696656  0.568210  0.073480 0.098653 0.069438 0.035234
1591949567.111624 -6.845386  0.410474  0.070641 0.101017 0.068167 0.035254
1591949567.243624 -6.962908  0.450060  0.050502 0.103753 0.067057 0.035307
1591949567.375624 -7.141482  0.453697  0.028438 0.106546 0.066476 0.035388
1591949567.507624 -7.333051  0.313819  0.046087 0.109599 0.066233 0.035460
1591949567.639625 -7.478397  0.169389  0.079394 0.113084 0.066049 0.035524
1591949567.771625 -7.493763  0.096139  0.012298 0.116446 0.065427 0.035505
1591949567.903625 -7.551425  0.010191 -0.023202 0.120043 0.065207 0.035529
1591949568.035625 -7.648285 -0.178732 -0.011542 0.123812 0.065247 0.035559
1591949568.134626 -7.721756 -0.350071  0.022510 0.126685 0.065343 0.035596
1591949568.233626 -7.769446 -0.491323  0.030236 0.129576 0.065427 0.035634
1591949568.332626 -7.812665 -0.641735  0.015202 0.132524 0.065437 0.035632
1591949568.431627 -7.829932 -0.756086  0.009240 0.135443 0.065410 0.035642
1591949568.563627 -7.821762 -0.951475  0.032283 0.139404 0.065388 0.035636
1591949568.695627 -7.798556 -1.216614  0.034940 0.143142 0.065332 0.035631
1591949568.827627 -7.796304 -1.430824  0.018177 0.146588 0.065353 0.035638
1591949568.959628 -7.800516 -1.613200  0.053046 0.150279 0.065462 0.035642
1591949569.091628 -7.760661 -1.848605  0.059149 0.153437 0.065420 0.035619
1591949569.223628 -7.673495 -2.121247  0.031109 0.156223 0.065189 0.035582
1591949569.322628 -7.676413 -2.292819  0.032339 0.158250 0.065358 0.035586
1591949569.454629 -7.576822 -2.460941  0.069518 0.160551 0.065236 0.035559
1591949569.553629 -7.414701 -2.677114  0.065791 0.162245 0.064815 0.035497
1591949569.685629 -7.268307 -2.895714  0.052968 0.165875 0.065007 0.035458
1591949569.784630 -7.205467 -3.024914  0.049295 0.166814 0.065185 0.035438
1591949569.883630 -7.136178 -3.209121  0.089191 0.167835 0.065412 0.035426
1591949569.982630 -7.049346 -3.385608  0.094645 0.168468 0.065626 0.035410
1591949570.081630 -6.919796 -3.538453  0.073426 0.169614 0.065953 0.035396
1591949570.180630 -6.783175 -3.665422  0.045490 0.169605 0.066071 0.035370
1591949570.279631 -6.629285 -3.767585  0.040452 0.169405 0.066207 0.035314
1591949570.378631 -6.439799 -3.864151  0.045963 0.168555 0.066237 0.035251
1591949570.477631 -6.213477 -3.928240  0.061124 0.167529 0.066275 0.035182
1591949570.576632 -5.981688 -3.916504  0.063779 0.166080 0.066258 0.035091
1591949570.675632 -5.739508 -3.936382  0.059682 0.164945 0.066561 0.035023
1591949570.807632 -5.464710 -3.923207  0.013564 0.162274 0.066751 0.034925
1591949570.939632 -5.124333 -3.901399  0.051435 0.158963 0.066797 0.034807
1591949571.071633 -4.777297 -3.781431  0.077223 0.154949 0.066819 0.034674
1591949571.203633 -4.471102 -3.631944 -0.000898 0.150342 0.066774 0.034568
1591949571.368633 -4.151204 -3.492881  0.002901 0.144516 0.066807 0.034439
1591949571.500634 -3.861641 -3.454299  0.055291 0.140463 0.067097 0.034353
1591949571.665634 -3.615739 -3.152797  0.037516 0.134138 0.067104 0.034243
1591949571.830635 -3.263805 -2.978364 -0.004053 0.127834 0.066715 0.034149