1591949474.678404 11.217433 0.277711
1591949474.810405 11.253710 0.251424
1591949474.975405 11.268313 0.224524
1591949475.107405 11.291383 0.207568
1591949475.272406 11.348835 0.188338
1591949475.404406 11.429807 0.174735
1591949475.503406 11.526783 0.158628
1591949475.635406 11.607579 0.148960
1591949475.767407 11.693065 0.139484
1591949475.866407 11.803827 0.126593
1591949475.965407 11.911523 0.120030
1591949476.064408 12.004036 0.115127
1591949476.163408 12.091907 0.105053
1591949476.262408 12.188830 0.100837
1591949476.394408 12.277988 0.094881
1591949476.526409 12.328560 0.085709
1591949476.625409 12.409652 0.082219
1591949476.724409 12.511995 0.078870
1591949476.823409 12.608598 0.076109
1591949476.955410 12.706599 0.068457
1591949477.087410 12.773182 0.064810
1591949477.219410 12.842723 0.061179
1591949477.351411 12.877940 0.057348
1591949477.483411 12.936100 0.052130
1591949477.615411 12.986103 0.049521
1591949477.747412 13.034059 0.046888
1591949477.912412 13.073758 0.043648
1591949478.044412 13.106125 0.041442
1591949478.143413 13.115597 0.040098
1591949478.242413 13.133956 0.038673
1591949478.341413 13.144752 0.037342
1591949478.473413 13.149467 0.034485
1591949478.572414 13.151564 0.033143
1591949478.704414 13.150251 0.031668
1591949478.869414 13.156841 0.029949
1591949479.067415 13.163321 0.028269
1591949479.199415 13.163773 0.027214
1591949479.364415 13.165761 0.025928
1591949479.496416 13.164431 0.025047
1591949479.628416 13.167667 0.024393
1591949479.727416 13.161880 0.023908
1591949479.826417 13.160438 0.023471
1591949479.925417 13.170348 0.023212
1591949480.024417 13.169965 0.022822
1591949480.156417 13.166543 0.022332
1591949480.288418 13.164408 0.021935
1591949480.420418 13.172696 0.021582
1591949480.552418 13.176212 0.021205
1591949480.618418 13.180507 0.021030
1591949480.750419 13.188439 0.020685
1591949480.882419 13.182755 0.020513
1591949481.014420 13.184088 0.020225
1591949481.113420 13.184532 0.020043
1591949481.212420 13.185598 0.019866
1591949481.344420 13.179552 0.019606
1591949481.476420 13.177156 0.019372
1591949481.608421 13.178831 0.019146
1591949481.740421 13.182852 0.018888
1591949481.872421 13.188059 0.018714
1591949482.004422 13.184265 0.018519
1591949482.136422 13.191621 0.018388
1591949482.235422 13.196059 0.018299
1591949482.334423 13.195170 0.018184
1591949482.433423 13.191361 0.018072
1591949482.532423 13.186087 0.017957
1591949482.631423 13.188093 0.017857
1591949482.730423 13.191310 0.017810
1591949482.829424 13.190673 0.017768
1591949482.928424 13.185878 0.017683
1591949483.027424 13.187320 0.017600
1591949483.126424 13.189598 0.017512
1591949483.225425 13.195768 0.017439
1591949483.357425 13.195889 0.017345
1591949483.489425 13.201648 0.017268
1591949483.588425 13.198943 0.017188
1591949483.720426 13.199101 0.017094
1591949483.852426 13.201876 0.017002
1591949483.951426 13.203091 0.016939
1591949484.050427 13.202659 0.016900
1591949484.149427 13.202552 0.016846
1591949484.248427 13.201875 0.016782
1591949484.380427 13.202595 0.016706
1591949484.479428 13.201646 0.016686
1591949484.611428 13.198850 0.016616
1591949484.710428 13.196687 0.016564
1591949484.809428 13.188695 0.016499
1591949484.908428 13.192007 0.016441
1591949485.007429 13.192443 0.016387
1591949485.106429 13.189014 0.016331
1591949485.172429 13.183297 0.016291
1591949485.238430 13.188869 0.016249
1591949485.304430 13.185647 0.016226
1591949485.370430 13.189827 0.016247
1591949485.436430 13.187928 0.016216
1591949485.502430 13.188331 0.016194
1591949485.568430 13.187368 0.016167
1591949485.634430 13.186484 0.016124
1591949485.700431 13.186039 0.016077
1591949485.766431 13.180153 0.016023
1591949485.832431 13.175393 0.015970
1591949485.931431 13.176102 0.015886
1591949486.030431 13.174672 0.015784
1591949486.129431 13.177902 0.015685
1591949486.228432 13.180146 0.015583
1591949486.360432 13.184547 0.015448
1591949486.492432 13.181434 0.015345
1591949486.591432 13.179069 0.015210
1591949486.690433 13.179902 0.015088
1591949486.789433 13.177761 0.014968
1591949486.888433 13.173801 0.014839
1591949486.954433 13.177287 0.014738
1591949487.020433 13.180530 0.014633
1591949487.086434 13.179024 0.014536
1591949487.152434 13.181564 0.014427
1591949487.218434 13.184208 0.014309
1591949487.284434 13.186198 0.014256
1591949487.350434 13.186916 0.014133
1591949487.416435 13.190965 0.014010
1591949487.482435 13.191536 0.013887
1591949487.581435 13.196252 0.013704
1591949487.680435 13.193852 0.013528
1591949487.779435 13.195359 0.013342
1591949487.878436 13.197142 0.013153
1591949487.977436 13.200887 0.012973
1591949488.076436 13.198473 0.012789
1591949488.175436 13.195465 0.012621
1591949488.274436 13.197712 0.012461
1591949488.373437 13.201054 0.012368
1591949488.472437 13.205149 0.012232
1591949488.571437 13.204659 0.012100
1591949488.670437 13.206140 0.011983
1591949488.769438 13.205461 0.011890
1591949488.868438 13.197936 0.011790
1591949488.967438 13.193058 0.011693
1591949489.099438 13.197780 0.011579
1591949489.231439 13.196909 0.011464
1591949489.363439 13.196263 0.011356
1591949489.495439 13.200519 0.011279
1591949489.660440 13.205534 0.011183
1591949489.792440 13.204667 0.011107
1591949489.957441 13.204928 0.011041
1591949490.089441 13.204275 0.011002
1591949490.221441 13.200610 0.010949
1591949490.353441 13.204514 0.010920
1591949490.485442 13.198661 0.010884
1591949490.617442 13.205806 0.010865
1591949490.749442 13.200402 0.010906
1591949490.881443 13.200225 0.010894
1591949490.980443 13.197628 0.010877
1591949491.079443 13.200207 0.010870
1591949491.178443 13.202302 0.010866
1591949491.277444 13.201009 0.010859
1591949491.376444 13.198392 0.010850
1591949491.475444 13.197568 0.010840
1591949491.574445 13.196617 0.010829
1591949491.673445 13.197794 0.010828
1591949491.772445 13.199027 0.010820
1591949491.871445 13.196290 0.010826
1591949491.970445 13.196023 0.010822
1591949492.069446 13.196120 0.010814
1591949492.168446 13.194552 0.010808
1591949492.234446 13.193304 0.010801
1591949492.300446 13.192824 0.010804
1591949492.366446 13.192431 0.010795
1591949492.432446 13.192325 0.010798
1591949492.498447 13.190853 0.010797
1591949492.564447 13.190296 0.010793
1591949492.630447 13.190409 0.010794
1591949492.696447 13.190731 0.010795
1591949492.762447 13.190315 0.010794
1591949492.828448 13.191128 0.010793
1591949492.894448 13.191264 0.010790
1591949492.993448 13.190664 0.010793
1591949493.059448 13.191249 0.010778
1591949493.125448 13.191328 0.010787
1591949493.191448 13.191118 0.010780
1591949493.257448 13.190777 0.010787
1591949493.323449 13.190618 0.010784
1591949493.389449 13.189903 0.010785
1591949493.455449 13.189387 0.010782
1591949493.521449 13.189487 0.010782
1591949493.587449 13.188572 0.010777
1591949493.686449 13.187843 0.010780
1591949493.752450 13.188418 0.010778
1591949493.818450 13.188984 0.010778
1591949493.884450 13.189189 0.010770
1591949493.950450 13.189007 0.010775
1591949494.016450 13.188466 0.010774
1591949494.082450 13.187412 0.010776
1591949494.148451 13.187738 0.010773
1591949494.214451 13.187130 0.010772
1591949494.280451 13.187037 0.010765
1591949494.346451 13.187763 0.010769
1591949494.412451 13.187458 0.010772
1591949494.478451 13.187443 0.010772
1591949494.544451 13.186565 0.010771
1591949494.643452 13.185920 0.010772
1591949494.709452 13.186830 0.010768
1591949494.775452 13.186626 0.010771
1591949494.841452 13.186535 0.010766
1591949494.907452 13.186505 0.010767
1591949494.973453 13.186420 0.010764
1591949495.039453 13.187013 0.010766
1591949495.105453 13.186545 0.010768
1591949495.171453 13.186539 0.010767
1591949495.237453 13.186279 0.010766
1591949495.303453 13.186219 0.010767
1591949495.369453 13.186320 0.010765
1591949495.435453 13.186977 0.010764
1591949495.501454 13.186534 0.010765
1591949495.567454 13.186757 0.010765
1591949495.633454 13.187002 0.010766
1591949495.699454 13.187243 0.010764
1591949495.765454 13.187488 0.010763
1591949495.831455 13.187089 0.010765
1591949495.897455 13.186410 0.010762
1591949495.963455 13.186305 0.010757
1591949496.029455 13.186898 0.010759
1591949496.095455 13.186121 0.010758
1591949496.161455 13.186117 0.010761
1591949496.227455 13.186518 0.010764
1591949496.293456 13.186664 0.010764
1591949496.359456 13.187024 0.010758
1591949496.425456 13.187483 0.010762
1591949496.491456 13.187575 0.010761
1591949496.557456 13.187462 0.010763
1591949496.623456 13.187405 0.010761
1591949496.689457 13.186997 0.010757
1591949496.755457 13.186337 0.010751
1591949496.821457 13.184738 0.010745
1591949496.887457 13.183733 0.010744
1591949496.953457 13.182687 0.010735
1591949497.052458 13.182827 0.010732
1591949497.118458 13.186486 0.010730
1591949497.184458 13.187431 0.010727
1591949497.250458 13.188850 0.010724
1591949497.316458 13.189444 0.010716
1591949497.382458 13.190285 0.010713
1591949497.448458 13.190533 0.010710
1591949497.514458 13.189795 0.010710
1591949497.580459 13.190486 0.010700
1591949497.679459 13.192414 0.010694
1591949497.745459 13.191226 0.010683
1591949497.811459 13.191361 0.010679
1591949497.877460 13.193055 0.010670
1591949497.943460 13.192935 0.010666
1591949498.009460 13.195394 0.010659
1591949498.075460 13.193568 0.010656
1591949498.141460 13.194966 0.010640
1591949498.207460 13.193837 0.010640
1591949498.273460 13.193800 0.010627
1591949498.339460 13.194009 0.010626
1591949498.405461 13.192486 0.010615
1591949498.504461 13.190818 0.010607
1591949498.603461 13.190085 0.010596
1591949498.702461 13.192255 0.010585
1591949498.801461 13.191932 0.010582
1591949498.867462 13.192925 0.010578
1591949498.933462 13.191514 0.010573
1591949498.999462 13.191670 0.010570
1591949499.065462 13.194461 0.010565
1591949499.131462 13.194579 0.010566
1591949499.230463 13.194077 0.010560
1591949499.296463 13.194189 0.010559
1591949499.395463 13.194758 0.010554
1591949499.494463 13.194438 0.010551
1591949499.593463 13.195220 0.010553
1591949499.659464 13.196468 0.010549
1591949499.725464 13.196033 0.010551
1591949499.791464 13.196586 0.010545
1591949499.857464 13.195116 0.010548
1591949499.923464 13.194419 0.010540
1591949500.022465 13.193401 0.010542
1591949500.121464 13.195645 0.010540
1591949500.220465 13.198230 0.010540
1591949500.319465 13.197660 0.010538
1591949500.418465 13.198616 0.010524
1591949500.517466 13.200789 0.010528
1591949500.616466 13.199033 0.010524
1591949500.715466 13.197779 0.010526
1591949500.814466 13.198047 0.010522
1591949500.913467 13.199220 0.010518
1591949501.012467 13.198042 0.010514
1591949501.078467 13.197810 0.010509
1591949501.177467 13.198093 0.010498
1591949501.276468 13.199845 0.010487
1591949501.375468 13.202606 0.010468
1591949501.474468 13.205985 0.010440
1591949501.573468 13.208465 0.010428
1591949501.672468 13.213613 0.010403
1591949501.771469 13.215118 0.010371
1591949501.870469 13.219646 0.010328
1591949501.969469 13.224849 0.010289
1591949502.068469 13.229043 0.010237
1591949502.134469 13.231660 0.010203
1591949502.200469 13.231345 0.010170
1591949502.266470 13.234190 0.010138
1591949502.365470 13.240598 0.010085
1591949502.464470 13.250031 0.010027
1591949502.563470 13.255909 0.009949
1591949502.662471 13.259460 0.009897
1591949502.761471 13.268386 0.009838
1591949502.893471 13.276463 0.009750
1591949503.025471 13.289802 0.009652
1591949503.157472 13.301001 0.009549
1591949503.289472 13.311222 0.009455
1591949503.421473 13.321105 0.009375
1591949503.619473 13.334428 0.009276
1591949503.817473 13.344905 0.009177
1591949504.015474 13.353175 0.009083
1591949504.180474 13.358052 0.009023
1591949504.345474 13.363935 0.008966
1591949504.510475 13.371376 0.008921
1591949504.675475 13.373190 0.008879
1591949504.840476 13.374133 0.008834
1591949505.005476 13.374026 0.008791
1591949505.137477 13.376473 0.008754
1591949505.269477 13.376056 0.008724
1591949505.434477 13.379052 0.008681
1591949505.566478 13.379368 0.008653
1591949505.698478 13.380940 0.008618
1591949505.830478 13.379477 0.008578
1591949505.962479 13.381746 0.008552
1591949506.094479 13.380431 0.008506
1591949506.226479 13.378907 0.008456
1591949506.358479 13.377737 0.008424
1591949506.490480 13.376180 0.008400
1591949506.622480 13.375703 0.008380
1591949506.754480 13.373208 0.008332
1591949506.886481 13.372873 0.008301
1591949507.018481 13.371444 0.008269
1591949507.150481 13.369851 0.008254
1591949507.282482 13.367506 0.008221
1591949507.414482 13.366743 0.008186
1591949507.546482 13.366186 0.008162
1591949507.678483 13.364803 0.008135
1591949507.810483 13.361997 0.008091
1591949507.942483 13.359861 0.008064
1591949508.074483 13.359202 0.008040
1591949508.206484 13.358301 0.008023
1591949508.338484 13.357926 0.007995
1591949508.437484 13.356043 0.007981
1591949508.569485 13.353255 0.007955
1591949508.701485 13.350878 0.007932
1591949508.833485 13.349666 0.007917
1591949508.965486 13.349621 0.007895
1591949509.097486 13.347796 0.007879
1591949509.229486 13.346042 0.007859
1591949509.328486 13.345541 0.007847
1591949509.460487 13.343530 0.007828
1591949509.592487 13.342412 0.007815
1591949509.724488 13.341667 0.007799
1591949509.823488 13.340935 0.007781
1591949509.922488 13.340947 0.007776
1591949510.054488 13.339942 0.007764
1591949510.186489 13.339039 0.007751
1591949510.285489 13.338740 0.007738
1591949510.417489 13.338015 0.007725
1591949510.516489 13.337314 0.007716
1591949510.615489 13.337802 0.007700
1591949510.714490 13.337232 0.007702
1591949510.813490 13.337141 0.007696
1591949510.912490 13.336661 0.007687
1591949511.011491 13.336018 0.007684
1591949511.143491 13.335776 0.007674
1591949511.275491 13.335606 0.007665
1591949511.407491 13.335543 0.007653
1591949511.506492 13.335692 0.007649
1591949511.605492 13.335066 0.007644
1591949511.704492 13.335327 0.007628
1591949511.803492 13.335064 0.007631
1591949511.902493 13.335354 0.007630
1591949512.001493 13.335408 0.007624
1591949512.100493 13.335204 0.007619
1591949512.199493 13.335391 0.007615
1591949512.298493 13.335283 0.007610
1591949512.397494 13.334865 0.007605
1591949512.496494 13.335407 0.007588
1591949512.595494 13.335179 0.007598
1591949512.694494 13.334655 0.007595
1591949512.793495 13.334530 0.007592
1591949512.859495 13.334453 0.007589
1591949512.925495 13.334358 0.007582
1591949512.991495 13.335351 0.007567
1591949513.057495 13.334582 0.007582
1591949513.123495 13.334773 0.007579
1591949513.189496 13.334096 0.007573
1591949513.255496 13.334133 0.007576
1591949513.354496 13.334265 0.007568
1591949513.420496 13.334310 0.007555
1591949513.486496 13.334684 0.007561
1591949513.552496 13.335091 0.007564
1591949513.618497 13.335178 0.007563
1591949513.684497 13.334598 0.007564
1591949513.750497 13.333726 0.007553
1591949513.816497 13.333359 0.007562
1591949513.882497 13.332465 0.007559
1591949513.948497 13.332777 0.007556
1591949514.047498 13.332926 0.007556
1591949514.146498 13.332103 0.007550
1591949514.245498 13.330222 0.007552
1591949514.344498 13.330051 0.007543
1591949514.410499 13.329822 0.007515
1591949514.476499 13.328998 0.007542
1591949514.542499 13.328154 0.007540
1591949514.608499 13.327789 0.007541
1591949514.674499 13.327226 0.007542
1591949514.773499 13.326824 0.007535
1591949514.872500 13.327574 0.007541
1591949514.938500 13.326707 0.007538
1591949515.004500 13.325955 0.007531
1591949515.103500 13.325735 0.007537
1591949515.169500 13.325119 0.007526
1591949515.235501 13.324206 0.007533
1591949515.301501 13.323928 0.007532
1591949515.367501 13.323253 0.007530
1591949515.433501 13.322723 0.007529
1591949515.499501 13.321965 0.007531
1591949515.565501 13.321595 0.007529
1591949515.631501 13.321957 0.007524
1591949515.697502 13.321964 0.007525
1591949515.763502 13.321093 0.007526
1591949515.829502 13.319507 0.007516
1591949515.928502 13.318560 0.007523
1591949516.027502 13.317937 0.007510
1591949516.093503 13.317655 0.007516
1591949516.159503 13.317426 0.007506
1591949516.225503 13.317651 0.007488
1591949516.291503 13.317173 0.007518
1591949516.357503 13.316271 0.007517
1591949516.423503 13.315611 0.007519
1591949516.489503 13.314822 0.007516
1591949516.588504 13.314597 0.007516
1591949516.687504 13.313939 0.007512
1591949516.786504 13.313519 0.007505
1591949516.885504 13.312722 0.007493
1591949516.951504 13.311298 0.007502
1591949517.017504 13.311074 0.007505
1591949517.083505 13.311164 0.007508
1591949517.149505 13.311218 0.007498
1591949517.215505 13.310825 0.007493
1591949517.281505 13.310348 0.007505
1591949517.347505 13.311052 0.007502
1591949517.413506 13.311189 0.007505
1591949517.479506 13.310523 0.007505
1591949517.578506 13.310080 0.007500
1591949517.644506 13.310669 0.007491
1591949517.710506 13.310353 0.007496
1591949517.776506 13.309949 0.007498
1591949517.842506 13.309855 0.007499
1591949517.941507 13.309936 0.007494
1591949518.040507 13.309818 0.007499
1591949518.139507 13.309700 0.007495
1591949518.205507 13.308639 0.007486
1591949518.271508 13.307965 0.007495
1591949518.337508 13.308382 0.007491
1591949518.403508 13.307506 0.007488
1591949518.469508 13.307448 0.007483
1591949518.535508 13.307156 0.007493
1591949518.601508 13.306728 0.007491
1591949518.667508 13.306811 0.007487
1591949518.733509 13.306825 0.007492
1591949518.799509 13.306726 0.007489
1591949518.865509 13.306850 0.007491
1591949518.931509 13.306881 0.007487
1591949518.997509 13.307141 0.007475
1591949519.063509 13.306580 0.007484
1591949519.129510 13.306473 0.007489
1591949519.195510 13.306256 0.007490
1591949519.261510 13.306109 0.007487
1591949519.327510 13.305553 0.007482
1591949519.393510 13.305428 0.007486
1591949519.459511 13.305314 0.007485
1591949519.558511 13.305124 0.007474
1591949519.624511 13.304198 0.007484
1591949519.690511 13.303568 0.007480
1591949519.789511 13.303400 0.007486
1591949519.855512 13.303046 0.007482
1591949519.921512 13.302971 0.007485
1591949519.987512 13.303124 0.007486
1591949520.053512 13.302468 0.007481
1591949520.119512 13.302516 0.007479
1591949520.185512 13.301890 0.007482
1591949520.251512 13.301637 0.007486
1591949520.317513 13.301214 0.007485
1591949520.383512 13.300528 0.007480
1591949520.449513 13.300297 0.007478
1591949520.515513 13.299991 0.007485
1591949520.581513 13.299636 0.007480
1591949520.647513 13.299360 0.007481
1591949520.713513 13.298993 0.007479
1591949520.779514 13.298333 0.007484
1591949520.878514 13.297854 0.007483
1591949520.944514 13.297916 0.007470
1591949521.010514 13.297531 0.007479
1591949521.076514 13.297358 0.007482
1591949521.142514 13.297461 0.007483
1591949521.208514 13.297248 0.007481
1591949521.274515 13.296270 0.007481
1591949521.340515 13.295904 0.007481
1591949521.406515 13.295776 0.007479
1591949521.472515 13.295223 0.007481
1591949521.538516 13.295422 0.007477
1591949521.637516 13.295526 0.007474
1591949521.769516 13.295550 0.007464
1591949521.901516 13.294914 0.007475
1591949522.000517 13.294437 0.007464
1591949522.099517 13.294913 0.007475
1591949522.198517 13.294817 0.007460
1591949522.264517 13.294648 0.007464
1591949522.363518 13.294637 0.007473
1591949522.429518 13.294327 0.007475
1591949522.495518 13.294756 0.007473
1591949522.561518 13.295027 0.007473
1591949522.627518 13.295289 0.007471
1591949522.726518 13.294694 0.007470
1591949522.825519 13.294290 0.007473
1591949522.891519 13.293890 0.007468
1591949522.957519 13.293637 0.007471
1591949523.023519 13.293462 0.007473
1591949523.089519 13.292874 0.007465
1591949523.155519 13.292591 0.007464
1591949523.221519 13.292580 0.007460
1591949523.287519 13.292373 0.007469
1591949523.353520 13.291358 0.007469
1591949523.419520 13.291062 0.007472
1591949523.485520 13.291241 0.007468
1591949523.551520 13.291958 0.007456
1591949523.617520 13.291549 0.007465
1591949523.683521 13.290937 0.007468
1591949523.749521 13.291481 0.007453
1591949523.848521 13.291713 0.007467
1591949523.947521 13.292142 0.007468
1591949524.046521 13.292043 0.007465
1591949524.112521 13.292084 0.007455
1591949524.178522 13.291143 0.007455
1591949524.244522 13.290772 0.007461
1591949524.310522 13.291123 0.007459
1591949524.376522 13.291506 0.007458
1591949524.442522 13.290971 0.007468
1591949524.508523 13.290197 0.007468
1591949524.574523 13.290064 0.007442
1591949524.640523 13.289137 0.007464
1591949524.706523 13.289008 0.007466
1591949524.772523 13.289406 0.007462
1591949524.838523 13.289060 0.007463
1591949524.904524 13.289273 0.007460
1591949524.970524 13.289054 0.007457
1591949525.036524 13.288755 0.007464
1591949525.102524 13.288506 0.007464
1591949525.168524 13.288525 0.007463
1591949525.234524 13.288765 0.007461
1591949525.300524 13.288858 0.007463
1591949525.366524 13.289803 0.007445
1591949525.432524 13.290049 0.007450
1591949525.498525 13.289198 0.007444
1591949525.564525 13.288700 0.007446
1591949525.630525 13.288713 0.007452
1591949525.729525 13.288590 0.007431
1591949525.828526 13.288542 0.007446
1591949525.894526 13.288432 0.007437
1591949525.993526 13.288394 0.007458
1591949526.059526 13.289115 0.007459
1591949526.125526 13.287338 0.007454
1591949526.191526 13.286024 0.007459
1591949526.290527 13.286116 0.007451
1591949526.356527 13.287157 0.007446
1591949526.422527 13.287068 0.007456
1591949526.488527 13.287533 0.007444
1591949526.554527 13.287475 0.007449
1591949526.620527 13.287324 0.007453
1591949526.686528 13.287541 0.007454
1591949526.752528 13.287466 0.007445
1591949526.851528 13.288105 0.007436
1591949526.950528 13.287422 0.007454
1591949527.016528 13.286866 0.007448
1591949527.082529 13.287113 0.007445
1591949527.148529 13.287302 0.007435
1591949527.214529 13.286692 0.007447
1591949527.280529 13.286024 0.007449
1591949527.346529 13.285324 0.007446
1591949527.412529 13.285197 0.007446
1591949527.511529 13.284848 0.007442
1591949527.577530 13.284441 0.007443
1591949527.643530 13.284001 0.007415
1591949527.742530 13.284344 0.007440
1591949527.841530 13.286360 0.007437
1591949527.940531 13.288291 0.007437
1591949528.006531 13.290971 0.007442
1591949528.072531 13.290842 0.007393
1591949528.138531 13.291312 0.007430
1591949528.204531 13.290448 0.007434
1591949528.303531 13.290917 0.007436
1591949528.402532 13.291720 0.007422
1591949528.501532 13.292393 0.007416
1591949528.600532 13.294117 0.007430
1591949528.666532 13.297198 0.007408
1591949528.732533 13.298131 0.007412
1591949528.798533 13.299111 0.007407
1591949528.864533 13.300358 0.007416
1591949528.963533 13.303023 0.007413
1591949529.029533 13.303977 0.007415
1591949529.095533 13.306143 0.007401
1591949529.161533 13.307845 0.007405
1591949529.260534 13.310962 0.007405
1591949529.326534 13.315783 0.007335
1591949529.392534 13.317223 0.007384
1591949529.458534 13.320524 0.007405
1591949529.524534 13.320702 0.007402
1591949529.623535 13.326125 0.007402
1591949529.722535 13.331259 0.007390
1591949529.821535 13.336216 0.007369
1591949529.920535 13.342228 0.007348
1591949529.986535 13.344063 0.007366
1591949530.052536 13.345630 0.007388
1591949530.118536 13.349467 0.007384
1591949530.184536 13.352298 0.007382
1591949530.250536 13.354174 0.007376
1591949530.316536 13.356498 0.007360
1591949530.382536 13.359372 0.007362
1591949530.448537 13.362532 0.007376
1591949530.514537 13.365743 0.007365
1591949530.580537 13.368896 0.007356
1591949530.646537 13.371276 0.007371
1591949530.712537 13.373869 0.007344
1591949530.778537 13.378008 0.007281
1591949530.844537 13.380559 0.007320
1591949530.910538 13.383602 0.007329
1591949530.976538 13.388592 0.007288
1591949531.042538 13.390538 0.007364
1591949531.108538 13.394225 0.007353
1591949531.174538 13.398173 0.007347
1591949531.240538 13.399947 0.007364
1591949531.306539 13.403083 0.007353
1591949531.372539 13.405510 0.007343
1591949531.438539 13.407695 0.007359
1591949531.504539 13.410442 0.007349
1591949531.570539 13.413539 0.007361
1591949531.636539 13.415134 0.007357
1591949531.735540 13.418175 0.007337
1591949531.834540 13.420368 0.007352
1591949531.933540 13.422697 0.007288
1591949532.032540 13.424304 0.007340
1591949532.131541 13.424899 0.007353
1591949532.230541 13.427063 0.007348
1591949532.329541 13.428911 0.007340
1591949532.428541 13.430148 0.007352
1591949532.527541 13.430625 0.007350
1591949532.626542 13.431110 0.007351
1591949532.725542 13.431796 0.007336
1591949532.791542 13.431641 0.007343
1591949532.890542 13.431665 0.007349
1591949532.989543 13.431249 0.007347
1591949533.088543 13.430647 0.007340
1591949533.187543 13.429984 0.007344
1591949533.286543 13.429177 0.007355
1591949533.385543 13.428272 0.007346
1591949533.484544 13.428078 0.007346
1591949533.583544 13.426163 0.007353
1591949533.682544 13.425812 0.007352
1591949533.781544 13.425294 0.007351
1591949533.880545 13.424438 0.007352
1591949533.979545 13.423727 0.007349
1591949534.078545 13.423239 0.007337
1591949534.144545 13.422924 0.007337
1591949534.210545 13.422233 0.007344
1591949534.276546 13.421487 0.007351
1591949534.342546 13.421129 0.007353
1591949534.408546 13.420544 0.007342
1591949534.474546 13.420110 0.007343
1591949534.540546 13.419707 0.007353
1591949534.606546 13.418957 0.007352
1591949534.672547 13.418602 0.007337
1591949534.738547 13.418418 0.007353
1591949534.804547 13.418080 0.007348
1591949534.870547 13.417421 0.007352
1591949534.936547 13.416862 0.007339
1591949535.002547 13.416459 0.007340
1591949535.068547 13.416142 0.007342
1591949535.134548 13.415816 0.007346
1591949535.200548 13.415672 0.007348
1591949535.266548 13.415162 0.007345
1591949535.332548 13.414797 0.007348
1591949535.398548 13.414249 0.007346
1591949535.464548 13.413773 0.007342
1591949535.530549 13.413543 0.007345
1591949535.596549 13.413009 0.007345
1591949535.662549 13.412996 0.007345
1591949535.728549 13.412408 0.007348
1591949535.794549 13.412582 0.007347
1591949535.893549 13.412189 0.007330
1591949535.959550 13.412055 0.007345
1591949536.025550 13.412019 0.007346
1591949536.091550 13.412033 0.007338
1591949536.157550 13.411940 0.007344
1591949536.223550 13.411924 0.007347
1591949536.289550 13.411618 0.007341
1591949536.355551 13.411858 0.007346
1591949536.421551 13.411239 0.007343
1591949536.520551 13.411567 0.007344
1591949536.619551 13.411340 0.007343
1591949536.718551 13.411440 0.007338
1591949536.817552 13.411089 0.007341
1591949536.916552 13.411281 0.007339
1591949537.015552 13.411342 0.007332
1591949537.114552 13.411278 0.007335
1591949537.213552 13.411260 0.007330
1591949537.345553 13.411399 0.007335
1591949537.444553 13.411338 0.007341
1591949537.543553 13.411118 0.007335
1591949537.642553 13.411523 0.007341
1591949537.741554 13.411315 0.007324
1591949537.840554 13.411283 0.007340
1591949537.939554 13.411115 0.007338
1591949538.005554 13.411095 0.007341
1591949538.071555 13.411366 0.007342
1591949538.170555 13.410446 0.007323
1591949538.269555 13.409725 0.007336
1591949538.368555 13.409501 0.007329
1591949538.467555 13.409118 0.007338
1591949538.566556 13.410261 0.007325
1591949538.665556 13.410014 0.007339
1591949538.764556 13.410230 0.007327
1591949538.863556 13.409722 0.007329
1591949538.962557 13.410316 0.007314
1591949539.061557 13.410046 0.007329
1591949539.160557 13.409559 0.007330
1591949539.259557 13.409407 0.007335
1591949539.358557 13.408999 0.007329
1591949539.457558 13.408507 0.007328
1591949539.556558 13.408290 0.007327
1591949539.688558 13.409225 0.007326
1591949539.820559 13.408783 0.007333
1591949539.919559 13.409251 0.007324
1591949540.018559 13.408980 0.007327
1591949540.117559 13.409105 0.007318
1591949540.216560 13.409246 0.007331
1591949540.315560 13.409584 0.007317
1591949540.414560 13.409845 0.007296
1591949540.513560 13.409550 0.007328
1591949540.612560 13.410283 0.007324
1591949540.678560 13.410337 0.007330
1591949540.777561 13.411956 0.007326
1591949540.876561 13.412917 0.007328
1591949540.975561 13.414571 0.007328
1591949541.074562 13.416271 0.007324
1591949541.173562 13.417537 0.007327
1591949541.272562 13.419081 0.007328
1591949541.371562 13.421422 0.007305
1591949541.470562 13.424790 0.007317
1591949541.569563 13.426495 0.007324
1591949541.668563 13.428106 0.007322
1591949541.734563 13.430264 0.007327
1591949541.833563 13.433108 0.007316
1591949541.932564 13.434675 0.007322
1591949542.031564 13.437275 0.007316
1591949542.130564 13.441231 0.007268
1591949542.229564 13.442645 0.007329
1591949542.328564 13.444899 0.007327
1591949542.427565 13.447527 0.007323
1591949542.526565 13.449662 0.007310
1591949542.625565 13.452269 0.007302
1591949542.724566 13.455402 0.007312
1591949542.823566 13.457009 0.007318
1591949542.922566 13.459324 0.007310
1591949543.021566 13.461299 0.007308
1591949543.120567 13.463147 0.007317
1591949543.219567 13.464688 0.007319
1591949543.318567 13.465511 0.007321
1591949543.417567 13.467872 0.007282
1591949543.516567 13.469436 0.007225
1591949543.615568 13.470014 0.007277
1591949543.714568 13.471380 0.007278
1591949543.813568 13.472430 0.007305
1591949543.912568 13.472386 0.007320
1591949544.011569 13.473000 0.007319
1591949544.110569 13.473090 0.007318
1591949544.209569 13.472683 0.007306
1591949544.308569 13.472684 0.007311
1591949544.407569 13.472498 0.007316
1591949544.473570 13.471887 0.007303
1591949544.572570 13.472037 0.007316
1591949544.671570 13.472086 0.007316
1591949544.737570 13.472067 0.007307
1591949544.803571 13.471760 0.007274
1591949544.869570 13.471359 0.007306
1591949544.935571 13.471392 0.007291
1591949545.001571 13.471399 0.007276
1591949545.100571 13.470589 0.007304
1591949545.166571 13.470086 0.007309
1591949545.265572 13.469514 0.007301
1591949545.331572 13.469432 0.007304
1591949545.397572 13.469150 0.007308
1591949545.463572 13.468453 0.007306
1591949545.562572 13.467998 0.007299
1591949545.661572 13.467689 0.007293
1591949545.760573 13.467065 0.007307
1591949545.859573 13.466509 0.007299
1591949545.958573 13.466082 0.007297
1591949546.057573 13.465236 0.007297
1591949546.156574 13.465026 0.007302
1591949546.255574 13.464408 0.007299
1591949546.354574 13.463616 0.007291
1591949546.453574 13.463285 0.007304
1591949546.552575 13.462897 0.007300
1591949546.651575 13.462407 0.007300
1591949546.750575 13.462204 0.007301
1591949546.816575 13.462008 0.007298
1591949546.882575 13.461241 0.007258
1591949546.981576 13.461122 0.007297
1591949547.080576 13.460979 0.007293
1591949547.179576 13.460785 0.007299
1591949547.278576 13.460698 0.007284
1591949547.377576 13.460276 0.007291
1591949547.476577 13.460431 0.007290
1591949547.575577 13.460660 0.007293
1591949547.641577 13.460545 0.007276
1591949547.707577 13.460775 0.007293
1591949547.806577 13.460738 0.007293
1591949547.872578 13.460396 0.007281
1591949547.971578 13.460605 0.007283
1591949548.070578 13.461079 0.007285
1591949548.169579 13.460949 0.007289
1591949548.268579 13.460722 0.007279
1591949548.367579 13.460063 0.007285
1591949548.466579 13.460187 0.007272
1591949548.565579 13.459633 0.007283
1591949548.664580 13.459513 0.007276
1591949548.763580 13.459223 0.007265
1591949548.862580 13.459128 0.007286
1591949548.961580 13.458686 0.007281
1591949549.060580 13.458921 0.007283
1591949549.159581 13.458656 0.007278
1591949549.258581 13.458742 0.007260
1591949549.357581 13.459127 0.007273
1591949549.456581 13.459349 0.007276
1591949549.555582 13.459179 0.007275
1591949549.654582 13.458561 0.007271
1591949549.720582 13.458925 0.007250
1591949549.786582 13.458375 0.007284
1591949549.852582 13.459238 0.007269
1591949549.918582 13.458632 0.007271
1591949549.984583 13.459162 0.007280
1591949550.050583 13.458943 0.007270
1591949550.116583 13.459264 0.007275
1591949550.182583 13.459605 0.007275
1591949550.248583 13.459906 0.007276
1591949550.314584 13.460215 0.007275
1591949550.380584 13.460061 0.007272
1591949550.446584 13.459940 0.007243
1591949550.512584 13.459196 0.007274
1591949550.578584 13.460542 0.007236
1591949550.644584 13.460679 0.007273
1591949550.710584 13.460520 0.007250
1591949550.809585 13.461362 0.007270
1591949550.908585 13.462114 0.007262
1591949551.007585 13.462910 0.007271
1591949551.106585 13.462250 0.007237
1591949551.205586 13.462084 0.007262
1591949551.304586 13.461011 0.007243
1591949551.403586 13.460786 0.007267
1591949551.502586 13.460696 0.007273
1591949551.601586 13.460712 0.007274
1591949551.700587 13.460454 0.007241
1591949551.799587 13.461295 0.007241
1591949551.898587 13.462217 0.007271
1591949551.997587 13.462407 0.007255
1591949552.096588 13.462273 0.007257
1591949552.228588 13.462256 0.007268
1591949552.360588 13.462533 0.007219
1591949552.459589 13.461859 0.007253
1591949552.558589 13.461582 0.007245
1591949552.657589 13.461943 0.007260
1591949552.756589 13.461346 0.007255
1591949552.855589 13.461622 0.007230
1591949552.954590 13.464907 0.007224
1591949553.053590 13.466065 0.007266
1591949553.152590 13.467240 0.007263
1591949553.251590 13.469441 0.007222
1591949553.350591 13.470096 0.007260
1591949553.449591 13.471225 0.007248
1591949553.548591 13.472213 0.007242
1591949553.614591 13.472360 0.007160
1591949553.680591 13.472646 0.007222
1591949553.746592 13.472670 0.007233
1591949553.845592 13.473830 0.007261
1591949553.944592 13.475313 0.007147
1591949554.076592 13.475903 0.007245
1591949554.175592 13.475994 0.007135
1591949554.274593 13.477478 0.007208
1591949554.373593 13.479947 0.007110
1591949554.439593 13.479767 0.007247
1591949554.538593 13.480812 0.007208
1591949554.637594 13.481552 0.007189
1591949554.703594 13.482101 0.007211
1591949554.769594 13.481915 0.007190
1591949554.868594 13.482201 0.007249
1591949554.934594 13.482493 0.007257
1591949555.000594 13.482651 0.007252
1591949555.066595 13.482123 0.007233
1591949555.132595 13.481932 0.007238
1591949555.198595 13.483010 0.007238
1591949555.264595 13.483012 0.007250
1591949555.330595 13.482341 0.007218
1591949555.396595 13.482058 0.007265
1591949555.462596 13.481593 0.007244
1591949555.528596 13.481408 0.007223
1591949555.594596 13.481066 0.007239
1591949555.660596 13.481113 0.007257
1591949555.759596 13.480864 0.007194
1591949555.858597 13.480726 0.007239
1591949555.957597 13.480863 0.007192
1591949556.023597 13.481149 0.007260
1591949556.122597 13.480958 0.007264
1591949556.221597 13.480009 0.007236
1591949556.320598 13.478832 0.007236
1591949556.419598 13.477944 0.007255
1591949556.485598 13.477383 0.007179
1591949556.551598 13.477099 0.007244
1591949556.650598 13.476772 0.007239
1591949556.716599 13.476310 0.007261
1591949556.782599 13.475418 0.007260
1591949556.848599 13.474758 0.007248
1591949556.914599 13.474294 0.007270
1591949556.980599 13.473494 0.007253
1591949557.046599 13.473010 0.007258
1591949557.112600 13.472992 0.007256
1591949557.178600 13.473178 0.007210
1591949557.244600 13.472568 0.007143
1591949557.310600 13.471553 0.007223
1591949557.376600 13.470607 0.007222
1591949557.442600 13.469550 0.007267
1591949557.508600 13.469050 0.007253
1591949557.574601 13.468903 0.007219
1591949557.640601 13.468042 0.007268
1591949557.706601 13.467304 0.007260
1591949557.772601 13.467018 0.007252
1591949557.838601 13.466427 0.007270
1591949557.904601 13.465965 0.007256
1591949557.970602 13.465204 0.007230
1591949558.036602 13.464882 0.007266
1591949558.102602 13.464585 0.007268
1591949558.168602 13.463336 0.007269
1591949558.234602 13.462544 0.007240
1591949558.300602 13.462069 0.007268
1591949558.366602 13.461320 0.007268
1591949558.432603 13.461197 0.007270
1591949558.498603 13.460756 0.007261
1591949558.564603 13.460275 0.007248
1591949558.630603 13.459379 0.007269
1591949558.696603 13.458866 0.007244
1591949558.762604 13.458274 0.007263
1591949558.828604 13.457512 0.007269
1591949558.894604 13.457115 0.007257
1591949558.960604 13.456314 0.007255
1591949559.026604 13.456190 0.007267
1591949559.092604 13.455778 0.007266
1591949559.158604 13.455680 0.007271
1591949559.224604 13.455541 0.007261
1591949559.290605 13.455376 0.007262
1591949559.356605 13.454972 0.007265
1591949559.422605 13.454710 0.007271
1591949559.488605 13.454148 0.007171
1591949559.554605 13.453801 0.007257
1591949559.620605 13.452912 0.007243
1591949559.686605 13.452485 0.007244
1591949559.752606 13.452177 0.007264
1591949559.818606 13.451812 0.007249
1591949559.884606 13.451102 0.007252
1591949559.950606 13.450359 0.007265
1591949560.016607 13.449623 0.007208
1591949560.115607 13.448914 0.007267
1591949560.214607 13.448337 0.007264
1591949560.313607 13.447557 0.007266
1591949560.412607 13.446647 0.007194
1591949560.478608 13.446562 0.007213
1591949560.544608 13.446586 0.007260
1591949560.610608 13.445839 0.007261
1591949560.709608 13.445706 0.007263
1591949560.775608 13.445483 0.007237
1591949560.874608 13.445491 0.007266
1591949560.973609 13.444589 0.007264
1591949561.072609 13.444466 0.007230
1591949561.171609 13.444238 0.007257
1591949561.237609 13.443797 0.007269
1591949561.303610 13.442978 0.007246
1591949561.402610 13.442344 0.007266
1591949561.501610 13.441775 0.007258
1591949561.600610 13.441027 0.007265
1591949561.699610 13.441688 0.007232
1591949561.798611 13.441472 0.007255
1591949561.897611 13.440758 0.007259
1591949561.996611 13.440982 0.007243
1591949562.095611 13.439711 0.007265
1591949562.194612 13.439121 0.007267
1591949562.293612 13.438483 0.007260
1591949562.392612 13.437407 0.007199
1591949562.491612 13.436393 0.007256
1591949562.623613 13.436088 0.007258
1591949562.755613 13.435712 0.007267
1591949562.887613 13.436212 0.007248
1591949563.052614 13.433781 0.007248
1591949563.184614 13.433785 0.007262
1591949563.316614 13.434687 0.007257
1591949563.448615 13.435008 0.007257
1591949563.613615 13.434861 0.007240
1591949563.745615 13.434238 0.007224
1591949563.877616 13.434602 0.007259
1591949564.042616 13.434230 0.007241
1591949564.174616 13.434409 0.007231
1591949564.339617 13.433992 0.007237
1591949564.504617 13.432772 0.007261
1591949564.636617 13.431841 0.007257
1591949564.768618 13.431698 0.007205
1591949564.900618 13.430700 0.007196
1591949565.032618 13.430540 0.007184
1591949565.164619 13.429425 0.007259
1591949565.296619 13.428847 0.007195
1591949565.395619 13.429341 0.007235
1591949565.527620 13.428955 0.007226
1591949565.626620 13.428537 0.007226
1591949565.725620 13.428199 0.007226
1591949565.824620 13.427339 0.007180
1591949565.923620 13.427307 0.007259
1591949566.022621 13.426824 0.007242
1591949566.121621 13.426765 0.007253
1591949566.220621 13.425906 0.007250
1591949566.319621 13.425804 0.007242
1591949566.418622 13.426356 0.007252
1591949566.517622 13.426578 0.007222
1591949566.616622 13.427256 0.007243
1591949566.715622 13.427428 0.007243
1591949566.847623 13.428305 0.007238
1591949566.979623 13.428666 0.007239
1591949567.111624 13.428743 0.007258
1591949567.243624 13.429074 0.007258
1591949567.375624 13.429728 0.007257
1591949567.507624 13.430027 0.007249
1591949567.639625 13.430667 0.007219
1591949567.771625 13.431008 0.007250
1591949567.903625 13.430938 0.007238
1591949568.035625 13.430944 0.007238
1591949568.134626 13.431131 0.007180
1591949568.233626 13.431282 0.007051
1591949568.332626 13.431103 0.007245
1591949568.431627 13.431278 0.007217
1591949568.563627 13.431549 0.007249
1591949568.695627 13.431516 0.007239
1591949568.827627 13.431208 0.007227
1591949568.959628 13.431116 0.007210
1591949569.091628 13.431018 0.007227
1591949569.223628 13.431429 0.007235
1591949569.322628 13.431550 0.007222
1591949569.454629 13.431232 0.007189
1591949569.553629 13.431415 0.007190
1591949569.685629 13.431583 0.007212
1591949569.784630 13.431670 0.007226
1591949569.883630 13.431592 0.007213
1591949569.982630 13.431519 0.007130
1591949570.081630 13.430746 0.007240
1591949570.180630 13.430610 0.007251
1591949570.279631 13.430616 0.007250
1591949570.378631 13.430451 0.007237
1591949570.477631 13.430378 0.007238
1591949570.576632 13.430290 0.007210
1591949570.675632 13.430008 0.007227
1591949570.807632 13.429999 0.007235
1591949570.939632 13.429979 0.007198
1591949571.071633 13.429850 0.007245
1591949571.203633 13.429902 0.007236
1591949571.368633 13.429660 0.007248
1591949571.500634 13.429664 0.007235
1591949571.665634 13.429681 0.007244
1591949571.830635 13.429845 0.007248
1591949571.995635 13.429986 0.007247
1591949572.193635 13.430261 0.007247
1591949572.424636 13.430435 0.007242
1591949572.688637 13.431278 0.007247
1591949572.985637 13.431686 0.007250
1591949573.381638 13.432364 0.007245
1591949573.777639 13.433463 0.007247
1591949574.470641 13.434793 0.007243
1591949574.800642 13.434290 0.007248
1591949575.064642 13.434303 0.007249
1591949575.394643 13.433952 0.007228
1591949575.691644 13.433896 0.007244
1591949575.955644 13.433453 0.007236
1591949576.285645 13.433094 0.007238
1591949576.615646 13.432592 0.007244
1591949576.879647 13.432513 0.007248
1591949577.143647 13.432313 0.007240
1591949577.341647 13.432213 0.007233
1591949577.539648 13.431891 0.007240
1591949577.737648 13.431754 0.007244
1591949577.902649 13.431638 0.007244
1591949578.034649 13.431372 0.007247
1591949578.166649 13.430910 0.007246
1591949578.298650 13.430874 0.007225
1591949578.430650 13.430642 0.007215
1591949578.595651 13.430339 0.007208
1591949578.760651 13.430172 0.007245
1591949578.892651 13.430208 0.007236
1591949579.024652 13.430617 0.007241
1591949579.156652 13.430310 0.007237
1591949579.288652 13.430632 0.007227
1591949579.420652 13.430537 0.007237
1591949579.519653 13.430270 0.007234
1591949579.618653