EF-marginalizeFrame 0.000123396 4.671e-09 0.00132317 2090
FullSystem::trackNewCoarseNoIMU 0.00278262 2.16335e-06 0.013074 6709
FullSystemOptimize 0.148235 0.000456541 0.704115 2096
IMUInitAddPose 1.7562e-05 -nan 1.7562e-05 1
InitializerFirstFrame 0.0280905 -nan 0.0280905 1
InitializerOtherFrames 0.0271686 0.000150139 0.065187 93
VisualMarginalization 3.3564e-05 9.19747e-10 0.00122061 2090
activatePointsMT 0.00438224 3.97354e-06 0.0154166 2096
addActiveFrame 0.0583514 0.00579077 0.746043 6803
afterCoarseTracking 2.81497e-07 5.33793e-14 1.629e-05 6709
baIteration 0.0230381 4.53125e-05 0.170548 12594
coarseTrackingIteration 0.000167296 3.94821e-08 0.00482995 74644
debugPlot 1.52581e-07 5.36173e-12 0.000106056 2096
debugPlotIDepthMap 4.14598e-07 2.91179e-14 2.244e-06 2096
debugPlotIDepthMapFloat 4.29108e-08 1.08379e-15 5.11e-07 2096
deliverTrackedFrame 0.0548728 0.00585115 0.734794 6710
flagFramesForMarginalization 1.88121e-06 1.44055e-11 0.000163691 2096
fullCoarseTracking 0.00279012 2.16743e-06 0.01308 6709
initObjectsAndMakeImage 0.00109441 9.98013e-08 0.00455979 6803
makeKeyframe 0.166904 0.000467673 0.734788 2096
makeKeyframeChangeTrackingRef 0.00181106 6.58978e-08 0.00453198 2096
makeNewTraces 0.00341759 1.8714e-07 0.00628407 2096
makeNonKeyframe 0.0039573 1.89345e-06 0.00935076 4614
marginalizeAndRemovePoints 0.00340826 8.48226e-07 0.00815568 2096
marginalizeFrame 0.00162183 1.28709e-07 0.00464111 2090
marginalizeFrameOverhead 0.00149533 1.06195e-07 0.00442829 2090
marginalizeFrames 0.00161842 1.38925e-07 0.00464269 2096
newFrameAndNewResidualsForOldPoints 0.000887415 3.97971e-08 0.00294252 2096
printEigenValLine 1.36147e-07 1.4845e-15 1.002e-06 2096
printLogLine 0.000156961 6.66749e-08 0.00267901 2096
publishInMakeKeyframe 1.72925e-07 6.55641e-15 1.423e-06 2096
removeOutliers 0.000145657 4.00457e-09 0.001475 2096
swapTrackingRef 5.67713e-07 6.64694e-12 0.000110013 2096
timeMeasurement 2.29669e-06 9.98474e-12 0.000121475 6803
traceNewCoarse 0.00354938 1.73082e-06 0.00933438 6710
zero 1.89297e-07 1.16857e-12 8.8744e-05 6803
