1591949474.711405 11.370987 0.267444
1591949474.876405 11.382497 0.237262
1591949475.041405 11.395348 0.212984
1591949475.206406 11.424702 0.193274
1591949475.338406 11.502867 0.179666
1591949475.470406 11.588696 0.167205
1591949475.569407 11.683411 0.150531
1591949475.668407 11.742551 0.142801
1591949475.800407 11.837298 0.134101
1591949475.899407 11.932333 0.123536
1591949475.998407 12.001181 0.117785
1591949476.130408 12.092860 0.111596
1591949476.229408 12.194145 0.102221
1591949476.328408 12.301213 0.097867
1591949476.460409 12.411293 0.091254
1591949476.559409 12.513058 0.083090
1591949476.658409 12.569802 0.079367
1591949476.757409 12.625227 0.076168
1591949476.856410 12.679841 0.073100
1591949476.988410 12.734974 0.066545
1591949477.120410 12.811032 0.063063
1591949477.252410 12.860024 0.059760
1591949477.384411 12.931066 0.056444
1591949477.516411 12.981016 0.053480
1591949477.648411 13.002944 0.048206
1591949477.813412 13.028427 0.044855
1591949477.945412 13.065106 0.042513
1591949478.077412 13.091869 0.040262
1591949478.176413 13.114478 0.038876
1591949478.275413 13.129919 0.037540
1591949478.374413 13.142493 0.036325
1591949478.506413 13.155993 0.034782
1591949478.638414 13.158224 0.033202
1591949478.770414 13.162671 0.031673
1591949478.935415 13.165127 0.030026
1591949479.100415 13.160586 0.028670
1591949479.232415 13.160878 0.027624
1591949479.364415 13.157578 0.026536
1591949479.496416 13.145914 0.025568
1591949479.595416 13.150172 0.025083
1591949479.694416 13.153513 0.024614
1591949479.826417 13.152334 0.024017
1591949479.925417 13.154193 0.023547
1591949480.057417 13.157669 0.023137
1591949480.189417 13.157273 0.022707
1591949480.321418 13.153038 0.022277
1591949480.453418 13.156319 0.021866
1591949480.585418 13.161767 0.021487
1591949480.717419 13.160256 0.021127
1591949480.849419 13.165634 0.020824
1591949480.981419 13.170993 0.020511
1591949481.113420 13.173501 0.020250
1591949481.212420 13.177582 0.020068
1591949481.344420 13.167761 0.019907
1591949481.509421 13.163406 0.019592
1591949481.608421 13.163876 0.019429
1591949481.740421 13.158903 0.019187
1591949481.872421 13.154724 0.018975
1591949482.004422 13.157440 0.018821
1591949482.103422 13.168462 0.018736
1591949482.235422 13.169175 0.018571
1591949482.334423 13.167271 0.018459
1591949482.433423 13.163660 0.018353
1591949482.532423 13.164290 0.018243
1591949482.631423 13.168310 0.018168
1591949482.730423 13.165163 0.018056
1591949482.829424 13.163727 0.018048
1591949482.928424 13.164421 0.017981
1591949483.027424 13.160691 0.017891
1591949483.126424 13.161571 0.017793
1591949483.225425 13.159603 0.017700
1591949483.324425 13.159170 0.017624
1591949483.456425 13.161694 0.017530
1591949483.555425 13.165450 0.017463
1591949483.687426 13.166607 0.017346
1591949483.786426 13.169065 0.017343
1591949483.885426 13.168450 0.017274
1591949483.984426 13.165998 0.017219
1591949484.083426 13.165704 0.017155
1591949484.182427 13.168710 0.017112
1591949484.314427 13.169011 0.017035
1591949484.413427 13.167531 0.016952
1591949484.545428 13.169466 0.016880
1591949484.677428 13.170806 0.016802
1591949484.809428 13.164414 0.016731
1591949484.908428 13.161840 0.016672
1591949485.007429 13.162726 0.016629
1591949485.106429 13.160940 0.016594
1591949485.172429 13.161167 0.016561
1591949485.238430 13.162165 0.016566
1591949485.304430 13.160404 0.016550
1591949485.370430 13.162022 0.016510
1591949485.436430 13.160572 0.016478
1591949485.502430 13.160313 0.016434
1591949485.568430 13.161176 0.016401
1591949485.634430 13.163001 0.016358
1591949485.700431 13.161123 0.016317
1591949485.766431 13.153503 0.016261
1591949485.832431 13.149666 0.016235
1591949485.898431 13.149873 0.016180
1591949485.997431 13.148720 0.016095
1591949486.096431 13.146909 0.015987
1591949486.195432 13.149958 0.015888
1591949486.294432 13.148390 0.015780
1591949486.393432 13.149673 0.015683
1591949486.525432 13.149094 0.015536
1591949486.624433 13.148634 0.015407
1591949486.723433 13.149058 0.015288
1591949486.822433 13.153014 0.015151
1591949486.921433 13.153151 0.015020
1591949487.020433 13.153674 0.014869
1591949487.119434 13.153759 0.014782
1591949487.185434 13.150494 0.014680
1591949487.251434 13.156580 0.014573
1591949487.317434 13.156396 0.014449
1591949487.416435 13.160641 0.014271
1591949487.482435 13.161822 0.014133
1591949487.581435 13.161657 0.013946
1591949487.680435 13.167980 0.013782
1591949487.779435 13.168562 0.013598
1591949487.878436 13.165217 0.013399
1591949487.977436 13.168564 0.013225
1591949488.076436 13.168480 0.013112
1591949488.175436 13.170269 0.012945
1591949488.274436 13.175754 0.012793
1591949488.373437 13.179745 0.012651
1591949488.472437 13.181950 0.012510
1591949488.571437 13.177582 0.012381
1591949488.670437 13.177237 0.012268
1591949488.769438 13.179239 0.012167
1591949488.868438 13.173673 0.012068
1591949488.967438 13.171442 0.011957
1591949489.099438 13.173304 0.011835
1591949489.231439 13.177295 0.011719
1591949489.363439 13.172562 0.011616
1591949489.495439 13.174204 0.011543
1591949489.660440 13.182040 0.011453
1591949489.792440 13.179979 0.011385
1591949489.924440 13.185029 0.011332
1591949490.056441 13.174458 0.011307
1591949490.221441 13.173632 0.011247
1591949490.353441 13.174076 0.011209
1591949490.485442 13.171316 0.011171
1591949490.617442 13.173229 0.011152
1591949490.749442 13.179709 0.011124
1591949490.881443 13.181828 0.011147
1591949491.013443 13.182752 0.011132
1591949491.112443 13.182191 0.011128
1591949491.211443 13.182473 0.011118
1591949491.310444 13.180110 0.011107
1591949491.409444 13.177223 0.011103
1591949491.508444 13.179378 0.011091
1591949491.607445 13.179016 0.011090
1591949491.706445 13.177924 0.011083
1591949491.805445 13.180051 0.011075
1591949491.871445 13.178515 0.011080
1591949491.970445 13.176790 0.011085
1591949492.069446 13.176199 0.011077
1591949492.135446 13.176396 0.011072
1591949492.201446 13.175596 0.011066
1591949492.267446 13.175245 0.011053
1591949492.333446 13.173910 0.011052
1591949492.399446 13.174332 0.011054
1591949492.465447 13.173854 0.011056
1591949492.531447 13.173720 0.011053
1591949492.597447 13.172887 0.011043
1591949492.663447 13.172080 0.011051
1591949492.729447 13.173688 0.011048
1591949492.795447 13.174708 0.011052
1591949492.861447 13.175039 0.011049
1591949492.927448 13.175009 0.011048
1591949492.993448 13.174690 0.011046
1591949493.059448 13.174287 0.011045
1591949493.125448 13.174182 0.011046
1591949493.191448 13.174481 0.011046
1591949493.257448 13.174136 0.011045
1591949493.323449 13.173183 0.011044
1591949493.389449 13.172681 0.011041
1591949493.455449 13.172184 0.011041
1591949493.521449 13.171745 0.011038
1591949493.587449 13.171446 0.011036
1591949493.653450 13.170967 0.011037
1591949493.719450 13.170884 0.011033
1591949493.785450 13.171505 0.011034
1591949493.851450 13.171458 0.011034
1591949493.917450 13.172400 0.011034
1591949493.983450 13.172604 0.011034
1591949494.049450 13.171278 0.011034
1591949494.115450 13.170750 0.011032
1591949494.181451 13.170612 0.011027
1591949494.247451 13.170784 0.011027
1591949494.313451 13.170879 0.011029
1591949494.379451 13.170794 0.011030
1591949494.445451 13.170565 0.011030
1591949494.511451 13.170846 0.011028
1591949494.577451 13.169707 0.011028
1591949494.643452 13.169864 0.011027
1591949494.709452 13.169771 0.011028
1591949494.775452 13.170093 0.011028
1591949494.841452 13.169497 0.011026
1591949494.907452 13.169972 0.011027
1591949494.973453 13.169866 0.011019
1591949495.039453 13.170273 0.011023
1591949495.105453 13.170223 0.011020
1591949495.171453 13.169801 0.011024
1591949495.237453 13.169986 0.011025
1591949495.303453 13.169785 0.011012
1591949495.369453 13.169092 0.011021
1591949495.435453 13.169634 0.011020
1591949495.501454 13.169689 0.011015
1591949495.567454 13.169603 0.011022
1591949495.633454 13.169855 0.011019
1591949495.699454 13.170082 0.011020
1591949495.765454 13.170244 0.011019
1591949495.831455 13.170028 0.011020
1591949495.897455 13.170075 0.011023
1591949495.963455 13.169475 0.011016
1591949496.029455 13.169010 0.011017
1591949496.095455 13.168777 0.011019
1591949496.161455 13.168720 0.011020
1591949496.227455 13.169659 0.011017
1591949496.293456 13.170130 0.011015
1591949496.359456 13.169858 0.011021
1591949496.425456 13.170035 0.011013
1591949496.491456 13.170667 0.011018
1591949496.524456 13.170760 0.011015
1591949496.590456 13.170629 0.011012
1591949496.656456 13.171362 0.011014
1591949496.689457 13.171213 0.011015
1591949496.755457 13.170879 0.011008
1591949496.821457 13.169649 0.011008
1591949496.887457 13.169639 0.011006
1591949496.953457 13.167603 0.011001
1591949497.052458 13.169282 0.011000
1591949497.151458 13.173524 0.010995
1591949497.250458 13.174718 0.010987
1591949497.316458 13.174636 0.010982
1591949497.382458 13.174865 0.010977
1591949497.448458 13.176801 0.010971
1591949497.514458 13.175836 0.010961
1591949497.580459 13.177244 0.010960
1591949497.679459 13.177038 0.010955
1591949497.778459 13.178459 0.010948
1591949497.844459 13.178768 0.010938
1591949497.910459 13.180040 0.010934
1591949497.976460 13.181108 0.010926
1591949498.042460 13.179069 0.010921
1591949498.108460 13.181262 0.010919
1591949498.174460 13.182395 0.010910
1591949498.240460 13.183257 0.010896
1591949498.306460 13.183250 0.010890
1591949498.372461 13.183215 0.010870
1591949498.438461 13.182596 0.010876
1591949498.537461 13.181787 0.010859
1591949498.636461 13.177685 0.010863
1591949498.735461 13.178573 0.010857
1591949498.801461 13.183381 0.010855
1591949498.867462 13.179219 0.010851
1591949498.933462 13.177386 0.010844
1591949498.999462 13.175591 0.010841
1591949499.065462 13.179241 0.010831
1591949499.131462 13.179203 0.010836
1591949499.197463 13.179179 0.010832
1591949499.263463 13.178575 0.010834
1591949499.362463 13.179138 0.010830
1591949499.428463 13.178795 0.010826
1591949499.527463 13.179293 0.010825
1591949499.626463 13.179231 0.010821
1591949499.692464 13.181898 0.010821
1591949499.758464 13.181767 0.010819
1591949499.824464 13.179137 0.010812
1591949499.890464 13.178967 0.010818
1591949499.956464 13.178507 0.010815
1591949500.055465 13.178577 0.010815
1591949500.154465 13.179969 0.010813
1591949500.253465 13.181752 0.010812
1591949500.352465 13.181794 0.010810
1591949500.451465 13.182457 0.010810
1591949500.550466 13.182459 0.010805
1591949500.649466 13.181308 0.010803
1591949500.748466 13.180761 0.010790
1591949500.847466 13.182873 0.010793
1591949500.946466 13.183045 0.010786
1591949501.045467 13.181229 0.010781
1591949501.111467 13.181422 0.010779
1591949501.177467 13.182397 0.010772
1591949501.276468 13.184993 0.010764
1591949501.375468 13.186764 0.010750
1591949501.474468 13.189784 0.010732
1591949501.573468 13.192930 0.010712
1591949501.672468 13.195638 0.010684
1591949501.771469 13.199003 0.010649
1591949501.870469 13.202138 0.010614
1591949501.969469 13.206809 0.010570
1591949502.068469 13.207225 0.010528
1591949502.134469 13.208397 0.010491
1591949502.233470 13.212003 0.010445
1591949502.332470 13.216219 0.010392
1591949502.431470 13.221307 0.010340
1591949502.530470 13.230970 0.010281
1591949502.629470 13.235996 0.010208
1591949502.761471 13.244355 0.010130
1591949502.893471 13.256949 0.010040
1591949503.025471 13.267556 0.009941
1591949503.157472 13.275599 0.009837
1591949503.256472 13.286048 0.009769
1591949503.388472 13.296943 0.009687
1591949503.553473 13.311127 0.009602
1591949503.751473 13.322114 0.009499
1591949503.949474 13.332407 0.009408
1591949504.114474 13.337465 0.009337
1591949504.312475 13.346167 0.009271
1591949504.477475 13.355967 0.009220
1591949504.642475 13.359270 0.009170
1591949504.807476 13.357600 0.009127
1591949504.972476 13.357287 0.009071
1591949505.104476 13.358870 0.009041
1591949505.236477 13.359609 0.009010
1591949505.368477 13.361260 0.008979
1591949505.500478 13.363325 0.008945
1591949505.632478 13.364944 0.008905
1591949505.764478 13.365653 0.008863
1591949505.896478 13.366368 0.008815
1591949506.028479 13.365121 0.008784
1591949506.160479 13.363068 0.008762
1591949506.292479 13.362196 0.008709
1591949506.424480 13.361044 0.008676
1591949506.556480 13.360924 0.008652
1591949506.688480 13.361127 0.008622
1591949506.820481 13.359292 0.008575
1591949506.952481 13.358684 0.008537
1591949507.084481 13.358781 0.008508
1591949507.216481 13.357344 0.008486
1591949507.348482 13.357187 0.008460
1591949507.480482 13.353196 0.008416
1591949507.612483 13.351380 0.008385
1591949507.744483 13.348920 0.008355
1591949507.876483 13.344798 0.008291
1591949508.008483 13.343821 0.008287
1591949508.140484 13.341864 0.008246
1591949508.272484 13.339042 0.008229
1591949508.404484 13.337130 0.008216
1591949508.536485 13.336412 0.008194
1591949508.668485 13.335469 0.008173
1591949508.800485 13.333266 0.008143
1591949508.932486 13.332588 0.008132
1591949509.064486 13.330988 0.008111
1591949509.196486 13.327717 0.008092
1591949509.328486 13.326611 0.008074
1591949509.427487 13.325777 0.008057
1591949509.526487 13.324533 0.008046
1591949509.625487 13.323661 0.008034
1591949509.724488 13.322996 0.008023
1591949509.823488 13.322472 0.008007
1591949509.922488 13.321706 0.008000
1591949510.021488 13.320917 0.007977
1591949510.153488 13.319797 0.007972
1591949510.252489 13.319432 0.007965
1591949510.351489 13.318812 0.007956
1591949510.450489 13.318402 0.007941
1591949510.582489 13.317569 0.007935
1591949510.681490 13.317738 0.007926
1591949510.813490 13.317673 0.007915
1591949510.912490 13.317415 0.007908
1591949511.011491 13.317404 0.007902
1591949511.110491 13.317706 0.007888
1591949511.209491 13.317339 0.007890
1591949511.308491 13.317367 0.007882
1591949511.407491 13.317206 0.007871
1591949511.506492 13.317096 0.007872
1591949511.605492 13.316276 0.007863
1591949511.704492 13.315953 0.007857
1591949511.803492 13.316075 0.007851
1591949511.902493 13.316389 0.007849
1591949512.001493 13.316458 0.007843
1591949512.100493 13.316696 0.007838
1591949512.199493 13.316546 0.007831
1591949512.298493 13.316317 0.007825
1591949512.397494 13.316362 0.007823
1591949512.496494 13.318060 0.007814
1591949512.595494 13.317232 0.007815
1591949512.694494 13.316441 0.007810
1591949512.793495 13.316170 0.007794
1591949512.859495 13.315733 0.007802
1591949512.925495 13.316585 0.007795
1591949512.991495 13.317658 0.007782
1591949513.057495 13.317611 0.007794
1591949513.123495 13.316756 0.007794
1591949513.189496 13.315759 0.007786
1591949513.255496 13.316137 0.007782
1591949513.321496 13.315475 0.007783
1591949513.387496 13.315942 0.007786
1591949513.453496 13.315395 0.007786
1591949513.519496 13.316042 0.007784
1591949513.585497 13.315672 0.007780
1591949513.651497 13.315543 0.007779
1591949513.717497 13.315451 0.007778
1591949513.783497 13.315020 0.007773
1591949513.849497 13.313828 0.007777
1591949513.915497 13.313612 0.007769
1591949513.981498 13.313896 0.007775
1591949514.080498 13.313260 0.007773
1591949514.179498 13.311843 0.007765
1591949514.245498 13.311290 0.007762
1591949514.344498 13.310952 0.007761
1591949514.410499 13.310274 0.007752
1591949514.476499 13.309765 0.007762
1591949514.575499 13.309462 0.007761
1591949514.674499 13.308853 0.007759
1591949514.773499 13.308615 0.007733
1591949514.872500 13.308202 0.007736
1591949514.938500 13.307296 0.007750
1591949515.037500 13.306714 0.007725
1591949515.136500 13.306348 0.007749
1591949515.202500 13.306180 0.007740
1591949515.268501 13.305270 0.007744
1591949515.334501 13.304955 0.007744
1591949515.400501 13.304189 0.007742
1591949515.466501 13.304246 0.007743
1591949515.532501 13.303931 0.007731
1591949515.598501 13.302967 0.007737
1591949515.664501 13.303098 0.007741
1591949515.730502 13.302357 0.007737
1591949515.796502 13.301474 0.007736
1591949515.862502 13.300367 0.007741
1591949515.928502 13.300090 0.007739
1591949515.994502 13.299615 0.007734
1591949516.060503 13.298959 0.007727
1591949516.126503 13.297583 0.007729
1591949516.192503 13.297421 0.007730
1591949516.258503 13.297820 0.007721
1591949516.324503 13.297083 0.007724
1591949516.390503 13.295936 0.007732
1591949516.456503 13.295573 0.007729
1591949516.522503 13.296100 0.007715
1591949516.621504 13.296363 0.007730
1591949516.720504 13.296086 0.007726
1591949516.819504 13.295917 0.007725
1591949516.885504 13.294826 0.007707
1591949516.984504 13.294671 0.007720
1591949517.050505 13.294395 0.007720
1591949517.116505 13.294593 0.007715
1591949517.215505 13.293880 0.007720
1591949517.281505 13.293376 0.007718
1591949517.380505 13.292705 0.007720
1591949517.446506 13.292075 0.007708
1591949517.545506 13.292040 0.007716
1591949517.611506 13.291620 0.007710
1591949517.677506 13.291834 0.007716
1591949517.776506 13.291959 0.007716
1591949517.875507 13.291872 0.007714
1591949517.974507 13.290769 0.007715
1591949518.073507 13.290386 0.007714
1591949518.139507 13.290124 0.007711
1591949518.205507 13.290019 0.007714
1591949518.271508 13.289744 0.007713
1591949518.337508 13.289972 0.007709
1591949518.403508 13.289461 0.007709
1591949518.469508 13.289430 0.007708
1591949518.535508 13.289533 0.007706
1591949518.601508 13.289201 0.007709
1591949518.667508 13.288854 0.007701
1591949518.733509 13.288236 0.007704
1591949518.799509 13.288011 0.007705
1591949518.865509 13.287704 0.007696
1591949518.931509 13.287538 0.007710
1591949519.030509 13.287217 0.007705
1591949519.129510 13.286785 0.007708
1591949519.195510 13.287154 0.007709
1591949519.261510 13.287086 0.007699
1591949519.327510 13.286957 0.007707
1591949519.393510 13.286639 0.007699
1591949519.459511 13.286858 0.007707
1591949519.558511 13.286558 0.007698
1591949519.624511 13.286455 0.007687
1591949519.690511 13.286670 0.007704
1591949519.756511 13.285828 0.007705
1591949519.822511 13.285655 0.007695
1591949519.888511 13.284940 0.007705
1591949519.954512 13.285173 0.007703
1591949520.020512 13.284943 0.007702
1591949520.086512 13.284648 0.007704
1591949520.152512 13.284270 0.007701
1591949520.251512 13.283101 0.007701
1591949520.317513 13.282906 0.007683
1591949520.383512 13.282650 0.007679
1591949520.449513 13.282401 0.007698
1591949520.515513 13.282444 0.007694
1591949520.581513 13.282428 0.007693
1591949520.647513 13.282096 0.007702
1591949520.713513 13.281783 0.007696
1591949520.779514 13.281946 0.007701
1591949520.878514 13.281264 0.007701
1591949520.944514 13.280962 0.007699
1591949521.010514 13.281114 0.007697
1591949521.076514 13.281310 0.007684
1591949521.142514 13.280781 0.007700
1591949521.241515 13.280592 0.007700
1591949521.340515 13.280231 0.007694
1591949521.439515 13.279581 0.007695
1591949521.505515 13.279599 0.007698
1591949521.571515 13.279789 0.007696
1591949521.703516 13.279698 0.007690
1591949521.835516 13.279696 0.007695
1591949521.934516 13.279413 0.007696
1591949522.033517 13.279217 0.007691
1591949522.132517 13.278895 0.007694
1591949522.231517 13.279563 0.007691
1591949522.297517 13.279487 0.007693
1591949522.363518 13.278483 0.007686
1591949522.429518 13.278433 0.007692
1591949522.495518 13.278212 0.007691
1591949522.561518 13.278260 0.007694
1591949522.627518 13.278172 0.007689
1591949522.726518 13.278781 0.007693
1591949522.792518 13.278985 0.007686
1591949522.858519 13.278865 0.007692
1591949522.924519 13.278015 0.007679
1591949522.990519 13.277820 0.007689
1591949523.056519 13.277976 0.007691
1591949523.122519 13.277463 0.007691
1591949523.188519 13.277054 0.007681
1591949523.254519 13.276482 0.007689
1591949523.320520 13.276578 0.007682
1591949523.386520 13.276702 0.007688
1591949523.452520 13.275869 0.007681
1591949523.518520 13.276388 0.007654
1591949523.584520 13.275736 0.007676
1591949523.650520 13.275241 0.007672
1591949523.716521 13.275712 0.007680
1591949523.815521 13.275931 0.007685
1591949523.914521 13.276010 0.007686
1591949523.980521 13.276014 0.007687
1591949524.046521 13.275814 0.007685
1591949524.112521 13.275311 0.007663
1591949524.178522 13.274489 0.007678
1591949524.244522 13.274493 0.007685
1591949524.310522 13.274857 0.007684
1591949524.376522 13.274127 0.007685
1591949524.442522 13.273064 0.007685
1591949524.508523 13.271829 0.007680
1591949524.574523 13.270943 0.007664
1591949524.640523 13.270689 0.007668
1591949524.706523 13.271468 0.007665
1591949524.772523 13.271505 0.007682
1591949524.838523 13.271196 0.007669
1591949524.904524 13.271244 0.007680
1591949524.970524 13.270355 0.007679
1591949525.036524 13.270372 0.007680
1591949525.102524 13.270529 0.007674
1591949525.168524 13.270454 0.007664
1591949525.234524 13.270544 0.007677
1591949525.300524 13.270810 0.007680
1591949525.366524 13.270998 0.007680
1591949525.432524 13.270290 0.007680
1591949525.498525 13.268913 0.007658
1591949525.564525 13.268679 0.007646
1591949525.630525 13.268637 0.007667
1591949525.696525 13.268597 0.007675
1591949525.795525 13.268043 0.007672
1591949525.894526 13.266366 0.007672
1591949525.960526 13.266688 0.007633
1591949526.059526 13.265291 0.007665
1591949526.125526 13.266370 0.007667
1591949526.191526 13.265672 0.007673
1591949526.257527 13.266290 0.007674
1591949526.323527 13.266245 0.007664
1591949526.389527 13.265790 0.007653
1591949526.455527 13.265619 0.007671
1591949526.521527 13.265938 0.007662
1591949526.587528 13.266072 0.007672
1591949526.653527 13.266169 0.007665
1591949526.719528 13.264672 0.007656
1591949526.785528 13.263958 0.007668
1591949526.851528 13.264508 0.007668
1591949526.917528 13.265135 0.007644
1591949526.983528 13.264928 0.007663
1591949527.049529 13.264957 0.007668
1591949527.115529 13.264653 0.007668
1591949527.181529 13.264034 0.007663
1591949527.247529 13.264416 0.007660
1591949527.313529 13.264678 0.007659
1591949527.379529 13.264300 0.007664
1591949527.478529 13.265030 0.007659
1591949527.544530 13.264630 0.007663
1591949527.610530 13.263719 0.007643
1591949527.676530 13.263210 0.007655
1591949527.775530 13.264297 0.007650
1591949527.874530 13.266148 0.007650
1591949527.973531 13.268105 0.007659
1591949528.039531 13.268242 0.007645
1591949528.105531 13.268689 0.007645
1591949528.171531 13.268624 0.007650
1591949528.237531 13.268083 0.007648
1591949528.303531 13.269340 0.007649
1591949528.402532 13.270741 0.007642
1591949528.501532 13.270974 0.007636
1591949528.600532 13.272453 0.007645
1591949528.666532 13.274355 0.007621
1591949528.732533 13.276561 0.007628
1591949528.798533 13.276924 0.007640
1591949528.864533 13.278613 0.007597
1591949528.963533 13.281036 0.007628
1591949529.062533 13.282497 0.007617
1591949529.161533 13.284332 0.007626
1591949529.227534 13.286416 0.007619
1591949529.326534 13.292864 0.007603
1591949529.392534 13.294630 0.007592
1591949529.458534 13.296985 0.007596
1591949529.524534 13.297114 0.007619
1591949529.623535 13.303566 0.007607
1591949529.689535 13.306643 0.007592
1591949529.755535 13.308948 0.007590
1591949529.854535 13.313068 0.007606
1591949529.953536 13.318838 0.007590
1591949530.019536 13.323249 0.007521
1591949530.085536 13.324387 0.007604
1591949530.151536 13.327159 0.007605
1591949530.217536 13.331351 0.007595
1591949530.283536 13.333322 0.007565
1591949530.349536 13.335474 0.007571
1591949530.415536 13.338203 0.007598
1591949530.481537 13.341620 0.007602
1591949530.547537 13.344920 0.007597
1591949530.613537 13.349323 0.007590
1591949530.679537 13.351125 0.007599
1591949530.745537 13.354128 0.007543
1591949530.811538 13.357351 0.007511
1591949530.877537 13.360090 0.007507
1591949530.943538 13.363254 0.007560
1591949531.009538 13.366238 0.007572
1591949531.075538 13.368393 0.007583
1591949531.141538 13.372848 0.007586
1591949531.207538 13.376112 0.007580
1591949531.273539 13.379083 0.007585
1591949531.339539 13.383008 0.007547
1591949531.405539 13.385352 0.007553
1591949531.471539 13.388280 0.007529
1591949531.537539 13.390657 0.007580
1591949531.603539 13.392309 0.007562
1591949531.669539 13.394033 0.007588
1591949531.768540 13.397125 0.007543
1591949531.867540 13.399176 0.007582
1591949531.966540 13.401144 0.007561
1591949532.065540 13.402530 0.007547
1591949532.164541 13.403688 0.007574
1591949532.263541 13.404646 0.007566
1591949532.362541 13.405618 0.007570
1591949532.461541 13.407390 0.007574
1591949532.560541 13.407566 0.007578
1591949532.659542 13.408131 0.007578
1591949532.758542 13.408381 0.007555
1591949532.824542 13.407839 0.007561
1591949532.890542 13.407717 0.007548
1591949532.989543 13.407536 0.007559
1591949533.088543 13.407314 0.007556
1591949533.187543 13.406931 0.007566
1591949533.286543 13.406418 0.007574
1591949533.385543 13.405843 0.007572
1591949533.484544 13.405150 0.007559
1591949533.583544 13.404146 0.007567
1591949533.682544 13.403435 0.007568
1591949533.781544 13.402737 0.007573
1591949533.880545 13.402088 0.007566
1591949533.979545 13.401578 0.007567
1591949534.078545 13.400577 0.007573
1591949534.144545 13.399856 0.007568
1591949534.210545 13.399371 0.007573
1591949534.276546 13.398425 0.007543
1591949534.342546 13.398109 0.007558
1591949534.441546 13.397692 0.007565
1591949534.507546 13.397080 0.007570
1591949534.573546 13.396888 0.007565
1591949534.639546 13.395843 0.007555
1591949534.705546 13.395698 0.007571
1591949534.771547 13.395532 0.007566
1591949534.837547 13.394898 0.007570
1591949534.903547 13.394935 0.007567
1591949534.969547 13.394668 0.007568
1591949535.035547 13.393899 0.007568
1591949535.101547 13.393194 0.007566
1591949535.167548 13.393172 0.007567
1591949535.233548 13.392957 0.007562
1591949535.299548 13.392723 0.007563
1591949535.365548 13.391809 0.007568
1591949535.431548 13.391834 0.007569
1591949535.497549 13.391574 0.007562
1591949535.563549 13.391326 0.007562
1591949535.629549 13.391002 0.007561
1591949535.695549 13.390919 0.007562
1591949535.761549 13.390535 0.007548
1591949535.827549 13.390587 0.007555
1591949535.893549 13.390428 0.007565
1591949535.959550 13.390264 0.007562
1591949536.025550 13.389952 0.007565
1591949536.091550 13.390047 0.007557
1591949536.157550 13.389990 0.007552
1591949536.223550 13.389674 0.007559
1591949536.289550 13.390384 0.007557
1591949536.355551 13.390503 0.007563
1591949536.454551 13.390603 0.007562
1591949536.553551 13.390240 0.007561
1591949536.652551 13.389539 0.007559
1591949536.751551 13.389200 0.007553
1591949536.850552 13.387966 0.007553
1591949536.949552 13.387272 0.007557
1591949537.048552 13.386794 0.007558
1591949537.147552 13.386809 0.007556
1591949537.246552 13.387183 0.007548
1591949537.345553 13.386635 0.007547
1591949537.444553 13.387365 0.007549
1591949537.543553 13.387499 0.007555
1591949537.642553 13.387928 0.007555
1591949537.708554 13.387760 0.007525
1591949537.807554 13.387723 0.007557
1591949537.906554 13.386757 0.007559
1591949538.005554 13.386097 0.007545
1591949538.104554 13.384513 0.007550
1591949538.203555 13.383178 0.007541
1591949538.302555 13.382819 0.007552
1591949538.401555 13.383745 0.007555
1591949538.500556 13.383917 0.007548
1591949538.599555 13.385015 0.007555
1591949538.665556 13.384814 0.007544
1591949538.764556 13.384688 0.007544
1591949538.896556 13.383377 0.007536
1591949538.995557 13.383444 0.007535
1591949539.094557 13.384230 0.007554
1591949539.193557 13.385030 0.007541
1591949539.292557 13.385776 0.007547
1591949539.391558 13.384299 0.007553
1591949539.490558 13.383577 0.007551
1591949539.622558 13.383586 0.007545
1591949539.721558 13.383822 0.007549
1591949539.820559 13.383289 0.007551
1591949539.886559 13.381964 0.007546
1591949539.985559 13.382117 0.007546
1591949540.084559 13.382806 0.007549
1591949540.183559 13.383540 0.007543
1591949540.282560 13.383276 0.007519
1591949540.381560 13.383519 0.007528
1591949540.480560 13.383308 0.007550
1591949540.579561 13.384803 0.007543
1591949540.678560 13.384213 0.007545
1591949540.777561 13.385150 0.007548
1591949540.876561 13.386196 0.007541
1591949540.975561 13.387521 0.007523
1591949541.074562 13.389167 0.007537
1591949541.173562 13.390102 0.007535
1591949541.272562 13.391837 0.007538
1591949541.371562 13.393323 0.007540
1591949541.470562 13.395333 0.007537
1591949541.569563 13.397268 0.007541
1591949541.668563 13.398875 0.007542
1591949541.734563 13.400764 0.007503
1591949541.800563 13.403391 0.007481
1591949541.899564 13.405332 0.007538
1591949541.998564 13.406771 0.007536
1591949542.097564 13.408325 0.007531
1591949542.196564 13.410880 0.007526
1591949542.295565 13.413286 0.007514
1591949542.394565 13.415682 0.007528
1591949542.493565 13.416821 0.007544
1591949542.559565 13.418448 0.007537
1591949542.658565 13.420622 0.007539
1591949542.757565 13.422838 0.007506
1591949542.856566 13.424821 0.007533
1591949542.955566 13.426829 0.007542
1591949543.054566 13.428288 0.007541
1591949543.153566 13.429269 0.007527
1591949543.252567 13.431081 0.007533
1591949543.351567 13.433113 0.007517
1591949543.450567 13.434585 0.007480
1591949543.549567 13.435913 0.007495
1591949543.648567 13.436442 0.007505
1591949543.747568 13.437214 0.007500
1591949543.846568 13.436746 0.007524
1591949543.945568 13.436963 0.007520
1591949544.044569 13.438440 0.007522
1591949544.143569 13.438810 0.007533
1591949544.242569 13.438472 0.007526
1591949544.341569 13.438269 0.007531
1591949544.440570 13.438444 0.007528
1591949544.506570 13.437869 0.007527
1591949544.572570 13.437564 0.007526
1591949544.638570 13.437462 0.007521
1591949544.704570 13.437043 0.007530
1591949544.770570 13.436757 0.007529
1591949544.836570 13.436530 0.007524
1591949544.902571 13.436449 0.007516
1591949545.001571 13.436190 0.007521
1591949545.100571 13.435875 0.007502
1591949545.199571 13.435196 0.007519
1591949545.298572 13.434843 0.007522
1591949545.397572 13.434121 0.007514
1591949545.496572 13.433914 0.007523
1591949545.595572 13.433784 0.007509
1591949545.694572 13.433461 0.007507
1591949545.793573 13.433151 0.007502
1591949545.892573 13.432905 0.007516
1591949545.991573 13.432023 0.007518
1591949546.090573 13.431436 0.007497
1591949546.189574 13.430971 0.007506
1591949546.255574 13.430193 0.007518
1591949546.354574 13.430172 0.007495
1591949546.453574 13.429807 0.007518
1591949546.552575 13.428530 0.007517
1591949546.651575 13.428577 0.007504
1591949546.717575 13.428261 0.007514
1591949546.783575 13.428201 0.007517
1591949546.849575 13.427825 0.007506
1591949546.915575 13.427697 0.007485
1591949546.981576 13.427206 0.007480
1591949547.047576 13.427513 0.007501
1591949547.146576 13.427259 0.007500
1591949547.245576 13.426955 0.007513
1591949547.344577 13.426791 0.007506
1591949547.410577 13.426214 0.007493
1591949547.476577 13.426073 0.007513
1591949547.542577 13.426128 0.007512
1591949547.608577 13.426844 0.007506
1591949547.674577 13.427138 0.007502
1591949547.740577 13.427588 0.007399
1591949547.839578 13.427345 0.007499
1591949547.938578 13.426976 0.007506
1591949548.037578 13.427559 0.007504
1591949548.136578 13.427421 0.007491
1591949548.235579 13.426704 0.007502
1591949548.334579 13.426455 0.007505
1591949548.433579 13.427020 0.007501
1591949548.532579 13.426533 0.007505
1591949548.631579 13.426058 0.007504
1591949548.730580 13.425935 0.007494
1591949548.829580 13.425625 0.007491
1591949548.928580 13.425742 0.007501
1591949549.027580 13.425257 0.007497
1591949549.126581 13.425347 0.007498
1591949549.225581 13.425321 0.007492
1591949549.324581 13.425581 0.007496
1591949549.423581 13.425727 0.007494
1591949549.489582 13.425368 0.007498
1591949549.588582 13.425010 0.007492
1591949549.654582 13.425716 0.007500
1591949549.720582 13.425970 0.007471
1591949549.786582 13.426860 0.007495
1591949549.852582 13.426798 0.007493
1591949549.918582 13.426834 0.007470
1591949549.984583 13.427186 0.007496
1591949550.050583 13.427528 0.007492
1591949550.116583 13.428301 0.007486
1591949550.182583 13.428572 0.007467
1591949550.248583 13.428360 0.007462
1591949550.314584 13.428436 0.007487
1591949550.380584 13.428506 0.007485
1591949550.446584 13.428690 0.007464
1591949550.512584 13.429173 0.007477
1591949550.578584 13.429459 0.007471
1591949550.644584 13.428997 0.007488
1591949550.743584 13.428899 0.007492
1591949550.842585 13.429545 0.007483
1591949550.908585 13.430915 0.007484
1591949551.007585 13.431422 0.007483
1591949551.106585 13.431364 0.007475
1591949551.205586 13.430703 0.007489
1591949551.304586 13.430183 0.007474
1591949551.403586 13.430081 0.007477
1591949551.502586 13.429713 0.007483
1591949551.601586 13.429629 0.007488
1591949551.700587 13.429479 0.007448
1591949551.799587 13.429945 0.007489
1591949551.898587 13.430524 0.007456
1591949551.997587 13.430884 0.007478
1591949552.096588 13.431518 0.007453
1591949552.195588 13.431945 0.007480
1591949552.327588 13.432844 0.007483
1591949552.459589 13.432890 0.007488
1591949552.558589 13.432781 0.007472
1591949552.657589 13.433537 0.007479
1591949552.789589 13.433044 0.007465
1591949552.921590 13.434217 0.007464
1591949553.020590 13.434946 0.007465
1591949553.119590 13.436185 0.007474
1591949553.218590 13.437655 0.007360
1591949553.317590 13.438271 0.007475
1591949553.416591 13.439942 0.007486
1591949553.482591 13.440829 0.007481
1591949553.581591 13.442327 0.007478
1591949553.647591 13.443116 0.007478
1591949553.713592 13.443131 0.007447
1591949553.812592 13.444743 0.007433
1591949553.878592 13.444722 0.007348
1591949553.977592 13.444071 0.007409
1591949554.076592 13.444348 0.007423
1591949554.208593 13.444870 0.007438
1591949554.307593 13.446123 0.007397
1591949554.406593 13.447325 0.007401
1591949554.505593 13.448314 0.007447
1591949554.604594 13.449115 0.007437
1591949554.703594 13.450069 0.007457
1591949554.769594 13.449239 0.007431
1591949554.835594 13.449440 0.007463
1591949554.901594 13.448841 0.007373
1591949554.967594 13.449286 0.007462
1591949555.033595 13.449304 0.007476
1591949555.099595 13.449723 0.007461
1591949555.165595 13.450205 0.007473
1591949555.231595 13.450174 0.007471
1591949555.297595 13.450035 0.007470
1591949555.363595 13.449338 0.007453
1591949555.429596 13.447927 0.007469
1591949555.495596 13.447893 0.007454
1591949555.561596 13.446753 0.007457
1591949555.627596 13.446368 0.007460
1591949555.726596 13.446196 0.007469
1591949555.825596 13.445318 0.007434
1591949555.924597 13.444871 0.007389
1591949556.023597 13.446035 0.007450
1591949556.122597 13.445580 0.007476
1591949556.221597 13.445270 0.007447
1591949556.320598 13.443568 0.007433
1591949556.419598 13.441943 0.007415
1591949556.518598 13.441407 0.007472
1591949556.617598 13.440365 0.007480
1591949556.683599 13.439798 0.007463
1591949556.749599 13.438849 0.007463
1591949556.815599 13.438496 0.007456
1591949556.881599 13.437827 0.007467
1591949556.947599 13.437513 0.007444
1591949557.013599 13.436686 0.007467
1591949557.079599 13.436398 0.007469
1591949557.145600 13.436192 0.007451
1591949557.211600 13.435706 0.007429
1591949557.277600 13.435105 0.007413
1591949557.343600 13.434122 0.007479
1591949557.409600 13.433513 0.007476
1591949557.475600 13.432625 0.007467
1591949557.541600 13.431895 0.007478
1591949557.607601 13.431180 0.007484
1591949557.673601 13.430553 0.007475
1591949557.739601 13.430527 0.007476
1591949557.805601 13.429572 0.007481
1591949557.871601 13.429111 0.007463
1591949557.937602 13.428941 0.007475
1591949558.003602 13.428648 0.007455
1591949558.069602 13.428228 0.007443
1591949558.135602 13.427361 0.007480
1591949558.201602 13.426972 0.007472
1591949558.267602 13.426340 0.007479
1591949558.333602 13.425220 0.007468
1591949558.399603 13.424464 0.007475
1591949558.465603 13.423771 0.007468
1591949558.531603 13.423318 0.007434
1591949558.597603 13.423137 0.007470
1591949558.663603 13.422060 0.007466
1591949558.729603 13.422018 0.007482
1591949558.795604 13.421434 0.007467
1591949558.861603 13.420715 0.007467
1591949558.927604 13.420443 0.007473
1591949558.993604 13.419843 0.007450
1591949559.059604 13.419523 0.007479
1591949559.125604 13.419384 0.007484
1591949559.191604 13.419176 0.007478
1591949559.257605 13.418838 0.007484
1591949559.323605 13.418282 0.007483
1591949559.389605 13.418047 0.007476
1591949559.455605 13.417481 0.007455
1591949559.521605 13.416747 0.007460
1591949559.587605 13.416363 0.007448
1591949559.653606 13.416203 0.007484
1591949559.719606 13.415280 0.007482
1591949559.785606 13.415046 0.007484
1591949559.851606 13.414529 0.007475
1591949559.917606 13.413956 0.007446
1591949559.983606 13.413808 0.007474
1591949560.049606 13.412865 0.007479
1591949560.115607 13.412362 0.007443
1591949560.214607 13.411691 0.007461
1591949560.313607 13.410934 0.007450
1591949560.412607 13.410407 0.007471
1591949560.478608 13.410352 0.007463
1591949560.544608 13.409991 0.007479
1591949560.643608 13.409766 0.007483
1591949560.742608 13.409326 0.007480
1591949560.841609 13.408348 0.007470
1591949560.940609 13.408872 0.007445
1591949561.039609 13.408561 0.007468
1591949561.138609 13.408045 0.007482
1591949561.237609 13.407847 0.007478
1591949561.336610 13.408019 0.007474
1591949561.435610 13.407085 0.007482
1591949561.534610 13.405826 0.007462
1591949561.633610 13.405856 0.007465
1591949561.732610 13.405887 0.007465
1591949561.831611 13.405331 0.007460
1591949561.930611 13.405114 0.007469
1591949562.029611 13.404652 0.007463
1591949562.128611 13.403908 0.007472
1591949562.227612 13.403399 0.007481
1591949562.326612 13.402565 0.007471
1591949562.458612 13.402056 0.007462
1591949562.590612 13.401163 0.007457
1591949562.722613 13.400710 0.007458
1591949562.821613 13.400937 0.007454
1591949562.920613 13.400535 0.007445
1591949563.052614 13.400307 0.007474
1591949563.184614 13.400515 0.007476
1591949563.316614 13.401178 0.007479
1591949563.448615 13.400555 0.007473
1591949563.613615 13.400252 0.007452
1591949563.778615 13.400880 0.007463
1591949563.943616 13.400798 0.007471
1591949564.108616 13.399946 0.007470
1591949564.240617 13.399444 0.007463
1591949564.405617 13.399697 0.007413
1591949564.537617 13.397668 0.007393
1591949564.669617 13.397144 0.007428
1591949564.801618 13.396992 0.007459
1591949564.933618 13.397806 0.007407
1591949565.065619 13.397603 0.007454
1591949565.197619 13.396942 0.007470
1591949565.329619 13.395827 0.007455
1591949565.461619 13.395023 0.007397
1591949565.593620 13.394577 0.007373
1591949565.692620 13.393722 0.007394
1591949565.791620 13.393504 0.007407
1591949565.890620 13.393938 0.007432
1591949565.989620 13.393601 0.007451
1591949566.088621 13.393625 0.007408
1591949566.187621 13.393856 0.007462
1591949566.286621 13.393905 0.007444
1591949566.385622 13.394257 0.007456
1591949566.484622 13.394664 0.007459
1591949566.583622 13.395063 0.007471
1591949566.682622 13.395547 0.007464
1591949566.814623 13.396401 0.007458
1591949566.946623 13.396500 0.007464
1591949567.078623 13.397336 0.007444
1591949567.210624 13.397459 0.007458
1591949567.342624 13.397406 0.007456
1591949567.474624 13.397973 0.007467
1591949567.606625 13.398585 0.007414
1591949567.738625 13.398823 0.007447
1591949567.870625 13.399391 0.007462
1591949568.002625 13.399417 0.007456
1591949568.101626 13.399807 0.007447
1591949568.233626 13.400037 0.007385
1591949568.332626 13.399961 0.007418
1591949568.431627 13.399978 0.007439
1591949568.530627 13.400155 0.007385
1591949568.629627 13.400005 0.007438
1591949568.728627 13.400041 0.007425
1591949568.827627 13.399862 0.007448
1591949568.959628 13.399859 0.007452
1591949569.091628 13.399563 0.007447
1591949569.223628 13.399844 0.007429
1591949569.322628 13.399861 0.007462
1591949569.421629 13.400010 0.007378
1591949569.553629 13.399780 0.007375
1591949569.652630 13.399847 0.007466
1591949569.751630 13.399857 0.007367
1591949569.850630 13.399542 0.007442
1591949569.949630 13.399452 0.007459
1591949570.048630 13.399010 0.007451
1591949570.147631 13.398873 0.007463
1591949570.246631 13.398976 0.007465
1591949570.378631 13.398990 0.007461
1591949570.477631 13.398732 0.007440
1591949570.576632 13.398548 0.007461
1591949570.708632 13.398549 0.007444
1591949570.840632 13.398548 0.007388
1591949570.972633 13.398488 0.007451
1591949571.104633 13.398643 0.007422
1591949571.236633 13.398514 0.007461
1591949571.401634 13.398467 0.007462
1591949571.566634 13.398564 0.007460
1591949571.731634 13.398713 0.007462
1591949571.929635 13.399101 0.007462
1591949572.127635 13.399726 0.007443
1591949572.358636 13.400285 0.007446
1591949572.655637 13.401336 0.007442
1591949572.952637 13.401297 0.007459
1591949573.348638 13.401789 0.007454
1591949573.876640 13.403577 0.007456
1591949574.371640 13.404399 0.007462
1591949575.031642 13.404786 0.007461
1591949575.361643 13.404581 0.007461
1591949575.625643 13.404316 0.007450
1591949575.922644 13.404056 0.007462
1591949576.120645 13.403746 0.007462
1591949576.351645 13.403420 0.007457
1591949576.681646 13.403309 0.007455
1591949576.978647 13.402814 0.007458
1591949577.209647 13.402416 0.007458
1591949577.407648 13.402352 0.007436
1591949577.572648 13.402059 0.007460
1591949577.737648 13.401778 0.007458
1591949577.902649 13.401617 0.007445
1591949578.034649 13.401542 0.007454
1591949578.166649 13.401267 0.007460
1591949578.298650 13.401088 0.007454
1591949578.430650 13.400851 0.007451
1591949578.595651 13.400732 0.007450
1591949578.727651 13.400763 0.007454
1591949578.859651 13.400902 0.007455
1591949578.991651 13.401024 0.007458
1591949579.123652 13.400684 0.007448
1591949579.255652 13.400944 0.007453
1591949579.387652 13.400692 0.007448
1591949579.486652 13.400347 0.007442
1591949579.585653 13.400285 0.007452
1591949579.684653 13.400079 0.007448
1591949579.783653 13.399880 0.007437
1591949579.882653 13.399859 0.007418
1591949580.014654 13.399368 0.007451
1591949580.179654 13.399509 0.007381
1591949580.311654 13.399323 0.007439
1591949580.443655 13.398986 0.007454
1591949580.575655 13.399247 0.007433
1591949580.707655 13.399866 0.007425
1591949580.806656 13.399960 0.007389
1591949580.905656 13.399767 0.007442
1591949581.004656 13.399965 0.007451
1591949581.103657 13.399795 0.007419
1591949581.202657 13.399718 0.007440
1591949581.334657 13.399747 0.007423
1591949581.433657 13.399881 0.007438
1591949581.532657 13.399453 0.007451
1591949581.631658 13.399738 0.007433
1591949581.730658 13.399744 0.007411
1591949581.829658 13.399382 0.007443
1591949581.928658 13.399331 0.007449
1591949582.027658 13.399519 0.007444
1591949582.126659 13.399933 0.007415
1591949582.225659 13.399906 0.007450
1591949582.324659 13.399802 0.007423
1591949582.423660 13.399988 0.007434
1591949582.522660 13.399612 0.007429
1591949582.654660 13.399769 0.007392
1591949582.753660 13.399756 0.007427
1591949582.852660 13.399828 0.007425
1591949582.951661 13.399479 0.007427
1591949583.050661 13.399269 0.007439
1591949583.149661 13.399127 0.007439
1591949583.248662 13.399067 0.007430
1591949583.347661 13.399088 0.007326
1591949583.446662 13.398833 0.007415
1591949583.545662 13.398713 0.007447
1591949583.644662 13.398995 0.007443
1591949583.743663 13.398915 0.007436
1591949583.842663 13.398947 0.007446
1591949583.908663 13.399094 0.007385
1591949583.974663 13.398981 0.007451
1591949584.040663 13.398916 0.007416
1591949584.106663 13.398738 0.007432
1591949584.172663 13.398721 0.007440
1591949584.238664 13.398972 0.007330
1591949584.304664 13.398950 0.007388
1591949584.370664 13.398712 0.007447
1591949584.436664 13.398701 0.007448
1591949584.502665 13.398737 0.007445
1591949584.568665 13.398778 0.007436
1591949584.667665 13.398487 0.007419
1591949584.733665 13.398367 0.007427
1591949584.799665 13.398173 0.007443
1591949584.865665 13.397987 0.007449
1591949584.931665 13.397919 0.007449
1591949584.997666 13.397881 0.007443
1591949585.096666 13.397670 0.007447
1591949585.195666 13.397833 0.007420
1591949585.261666 13.397794 0.007425
1591949585.327667 13.397645 0.007438
1591949585.393667 13.397648 0.007440
1591949585.459667 13.397595 0.007432
1591949585.525667 13.397574 0.007438
1591949585.591667 13.397388 0.007388
1591949585.657667 13.397213 0.007387
1591949585.723667 13.397126 0.007449
1591949585.789668 13.397103 0.007447
1591949585.855668 13.397052 0.007440
1591949585.921668 13.396921 0.007447
1591949585.987668 13.396767 0.007391
1591949586.053668 13.396817 0.007449
1591949586.119668 13.396628 0.007417
1591949586.185668 13.396477 0.007410
1591949586.284669 13.396464 0.007443
1591949586.350669 13.396397 0.007444
1591949586.416669 13.396180 0.007420
1591949586.515669 13.396096 0.007445
1591949586.614670 13.396153 0.007416
1591949586.680670 13.396075 0.007440
1591949586.746670 13.396088 0.007433
1591949586.845670 13.395949 0.007408
1591949586.911670 13.395840 0.007440
1591949587.010671 13.395672 0.007437
1591949587.109671 13.395632 0.007445
1591949587.175671 13.395615 0.007432
1591949587.241671 13.395658 0.007447
1591949587.307671 13.395542 0.007440
1591949587.373672 13.395617 0.007447
1591949587.472672 13.395606 0.007435
1591949587.571672 13.395492 0.007437
1591949587.670672 13.395395 0.007423
1591949587.769672 13.395519 0.007411
1591949587.868673 13.395523 0.007401
1591949587.967673 13.395478 0.007420
1591949588.066673 13.395645 0.007366
1591949588.132673 13.395848 0.007290
1591949588.198673 13.395516 0.007364
1591949588.297673 13.395897 0.007398
1591949588.396674 13.396099 0.007435
1591949588.495674 13.396380 0.007387
1591949588.594674 13.396596 0.007406
1591949588.693675 13.396607 0.007409
1591949588.792675 13.396821 0.007418
1591949588.891675 13.397446 0.007388
1591949588.990675 13.397503 0.007306
1591949589.089675 13.397721 0.007375
1591949589.188676 13.398288 0.007434
1591949589.287676 13.398693 0.007376
1591949589.386676 13.399012 0.007348
1591949589.485676 13.399089 0.007409
1591949589.584677 13.399509 0.007431
1591949589.683677 13.400135 0.007365
1591949589.782677 13.400049 0.007416
1591949589.848677 13.400296 0.007356
1591949589.947677 13.400555 0.007391
1591949590.046678 13.400591 0.007372
1591949590.145678 13.401042 0.007425
1591949590.244678 13.401376 0.007348
1591949590.310678 13.401526 0.007395
1591949590.376678 13.401577 0.007420
1591949590.442678 13.401497 0.007391
1591949590.541679 13.401633 0.007430
1591949590.640679 13.401619 0.007339
1591949590.739679 13.401629 0.007362
1591949590.838680 13.401751 0.007432
1591949590.970680 13.401735 0.007439
1591949591.102680 13.401790 0.007378
1591949591.201680 13.401745 0.007342
1591949591.300681 13.401944 0.007360
1591949591.399681 13.401884 0.007433
1591949591.498681 13.401927 0.007437
1591949591.597682 13.401821 0.007401
1591949591.696681 13.401677 0.007396
1591949591.795682 13.401478 0.007423
1591949591.894682 13.401475 0.007432
1591949591.993682 13.401222 0.007400
1591949592.059682 13.401062 0.007397
1591949592.125683 13.400727 0.007364
1591949592.191683 13.400529 0.007387
1591949592.290683 13.400041 0.007414
1591949592.389683 13.399801 0.007415
1591949592.455683 13.400029 0.007294
1591949592.554684 13.400024 0.007393
1591949592.620684 13.399943 0.007416
1591949592.686684 13.400077 0.007360
1591949592.752684 13.400072 0.007196
1591949592.818684 13.400122 0.007425
1591949592.917685 13.400231 0.007348
1591949593.016685 13.400171 0.007352
1591949593.115685 13.400080 0.007339
1591949593.214685 13.400043 0.007431
1591949593.280685 13.400160 0.007430
1591949593.379686 13.399801 0.007281
1591949593.445686 13.399844 0.007397
1591949593.544686 13.399671 0.007426
1591949593.610686 13.399444 0.007387
1591949593.676686 13.399254 0.007428
1591949593.742687 13.399331 0.007415
1591949593.808686 13.399465 0.007336
1591949593.874687 13.399501 0.007380
1591949593.940687 13.399449 0.007379
1591949594.039687 13.399155 0.007418
1591949594.138687 13.399205 0.007414
1591949594.237688 13.399167 0.007424
1591949594.336688 13.399190 0.007419
1591949594.435688 13.399213 0.007421
1591949594.534688 13.399103 0.007424
1591949594.633689 13.399102 0.007423
1591949594.699689 13.399224 0.007398
1591949594.798689 13.399152 0.006861
1591949594.897689 13.399141 0.007409
1591949594.996689 13.399093 0.007367
1591949595.062690 13.399266 0.007356
1591949595.128690 13.399182 0.007417
1591949595.194690 13.399314 0.007383
1591949595.260690 13.399214 0.007418
1591949595.326690 13.399188 0.007384
1591949595.392690 13.399173 0.007415
1591949595.491690 13.399120 0.007410
1591949595.557691 13.399158 0.006976
1591949595.623691 13.399118 0.007400
1591949595.689691 13.398941 0.007344
1591949595.788691 13.398949 0.007379
1591949595.887691 13.399168 0.007414
1591949595.953692 13.399075 0.007412
1591949596.019692 13.399075 0.007418
1591949596.085692 13.399099 0.007395
1591949596.151692 13.399075 0.007410
1591949596.217692 13.399183 0.007325
1591949596.283693 13.399182 0.007408
1591949596.382693 13.399321 0.007370
1591949596.481693 13.399483 0.007416
1591949596.580693 13.399567 0.007385
1591949596.646693 13.399686 0.007377
1591949596.745693 13.399909 0.007353
1591949596.877694 13.400026 0.007397
1591949596.976694 13.400064 0.007404
1591949597.075694 13.400055 0.007304
1591949597.174694 13.400122 0.007273
1591949597.273695 13.400099 0.007354
1591949597.372695 13.399556 0.007362
1591949597.471695 13.399727 0.007398
1591949597.570695 13.399784 0.007414
1591949597.669695 13.399871 0.007378
1591949597.768696 13.399980 0.007264
1591949597.867696 13.400234 0.007282
1591949597.966696 13.400469 0.007372
1591949598.065696 13.400528 0.007379
1591949598.164697 13.400649 0.007376
1591949598.263697 13.400966 0.007388
1591949598.362697 13.400991 0.007404
1591949598.494698 13.401437 0.007389
1591949598.626698 13.401346 0.007384
1591949598.758698 13.401352 0.007398
1591949598.890698 13.401481 0.007373
1591949598.989699 13.401537 0.007233
1591949599.088699 13.401379 0.007300
1591949599.187699 13.400984 0.007363
1591949599.286700 13.400552 0.007404
1591949599.385700 13.399818 0.007384
1591949599.484700 13.399960 0.007383
1591949599.583700 13.399579 0.007382
1591949599.682700 13.399456 0.007350
1591949599.781701 13.399763 0.007302
1591949599.880701 13.399664 0.007370
1591949600.012701 13.399589 0.007360
1591949600.111701 13.399366 0.007345
1591949600.243702 13.399044 0.007382
1591949600.375702 13.398050 0.007344
1591949600.474702 13.397940 0.007308
1591949600.573702 13.397877 0.007395
1591949600.672703 13.397673 0.007360
1591949600.771703 13.397213 0.007335
1591949600.870703 13.397194 0.007402
1591949600.969703 13.397055 0.007352
1591949601.068704 13.396631 0.007331
1591949601.167704 13.395715 0.007304
1591949601.266704 13.395870 0.007390
1591949601.365705 13.395679 0.007319
1591949601.464705 13.395406 0.007384
1591949601.563705 13.394903 0.007352
1591949601.662705 13.394607 0.007374
1591949601.728705 13.394241 0.007370
1591949601.794705 13.393624 0.007356
1591949601.893706 13.394032 0.007323
1591949601.992706 13.393613 0.007373
1591949602.091706 13.393459 0.007304
1591949602.190706 13.393157 0.007273
1591949602.289707 13.392804 0.007326
1591949602.355707 13.392305 0.007370
1591949602.454707 13.392063 0.007384
1591949602.553707 13.391679 0.007360
1591949602.652708 13.391495 0.007341
1591949602.751708 13.391182 0.007383
1591949602.850708 13.390937 0.007361
1591949602.949708 13.390319 0.007365
1591949603.048708 13.390185 0.007385
1591949603.147709 13.389926 0.007390
1591949603.246709 13.389596 0.007362
1591949603.345709 13.389252 0.007387
1591949603.444709 13.388958 0.007375
1591949603.543710 13.388656 0.007369
1591949603.642710 13.388365 0.007303
1591949603.741710 13.388081 0.007368
1591949603.840710 13.387756 0.007350
1591949603.939710 13.387363 0.007324
1591949604.038711 13.387008 0.007284
1591949604.137711 13.386657 0.007334
1591949604.236711 13.386332 0.007376
1591949604.335711 13.386071 0.007375
1591949604.434712 13.385924 0.007353
1591949604.533712 13.385705 0.007368
1591949604.632712 13.385588 0.007339
1591949604.731713 13.385378 0.007343
1591949604.797713 13.385343 0.007345
1591949604.896713 13.385207 0.007360
1591949604.962713 13.385385 0.007315
1591949605.028713 13.385430 0.007376
1591949605.127713 13.385388 0.007323
1591949605.193714 13.385167 0.007361
1591949605.292714 13.385027 0.007354
1591949605.391714 13.384850 0.007371
1591949605.490714 13.384747 0.007343
1591949605.589715 13.384715 0.007360
1591949605.688715 13.384715 0.007345
1591949605.787715 13.384566 0.007199
1591949605.886715 13.384559 0.007317
1591949605.952715 13.384658 0.007355
1591949606.018715 13.384480 0.007344
1591949606.084716 13.384347 0.007345
1591949606.150716 13.384354 0.007345
1591949606.216716 13.384360 0.007327
1591949606.282716 13.384405 0.007350
1591949606.348716 13.384381 0.007359
1591949606.447717 13.384336 0.007358
1591949606.513717 13.384234 0.007116
1591949606.579717 13.384255 0.007352
1591949606.645717 13.384120 0.007343
1591949606.711717 13.384147 0.007334
1591949606.777717 13.384169 0.007347
1591949606.843717 13.384050 0.007352
1591949606.909718 13.384150 0.007322
1591949606.975718 13.384124 0.007321
1591949607.041718 13.384229 0.007329
1591949607.107718 13.384120 0.007332
1591949607.173718 13.383949 0.007310
1591949607.239718 13.384057 0.007345
1591949607.338719 13.384068 0.007353
1591949607.404719 13.384015 0.007264
1591949607.470719 13.384089 0.007256
1591949607.569719 13.384068 0.007348
1591949607.635720 13.383888 0.007328
1591949607.734720 13.383676 0.007335
1591949607.833720 13.383912 0.007317
1591949607.932720 13.383632 0.007272
1591949608.031720 13.383730 0.007310
1591949608.130721 13.383726 0.007297
1591949608.229721 13.383656 0.007329
1591949608.328721 13.383414 0.007342
1591949608.427721 13.383153 0.007326
1591949608.526721 13.383022 0.007330
1591949608.625722 13.382998 0.007215
1591949608.724722 13.382813 0.007240
1591949608.823722 13.382768 0.007338
1591949608.889722 13.382759 0.007290
1591949608.955723 13.382591 0.007344
1591949609.021723 13.382491 0.007326
1591949609.087723 13.382385 0.007178
1591949609.153723 13.382477 0.007329
1591949609.219723 13.382315 0.007340
1591949609.285723 13.382248 0.007337
1591949609.351723 13.382047 0.007277
1591949609.417724 13.382132 0.007341
1591949609.483724 13.382040 0.007324
1591949609.549724 13.381970 0.007330
1591949609.615724 13.381894 0.007282
1591949609.681724 13.381875 0.007343
1591949609.747724 13.381854 0.007295
1591949609.813725 13.381773 0.007303
1591949609.879725 13.381765 0.007340
1591949609.945725 13.381573 0.007335
1591949610.044725 13.381360 0.007320
1591949610.143725 13.381359 0.007335
1591949610.242725 13.381186 0.007330
1591949610.374726 13.380983 0.007274
1591949610.473726 13.380824 0.007270
1591949610.605726 13.381273 0.007231
1591949610.704726 13.381374 0.007322
1591949610.803727 13.381455 0.007289
1591949610.902727 13.381337 0.007323
1591949611.001727 13.381282 0.007333
1591949611.100728 13.381078 0.007316
1591949611.199728 13.381269 0.007229
1591949611.265728 13.381102 0.007339
1591949611.331728 13.380867 0.007302
1591949611.397728 13.380924 0.007329
1591949611.463728 13.380983 0.007328
1591949611.529728 13.381189 0.007333
1591949611.595729 13.381187 0.007308
1591949611.661729 13.381208 0.007314
1591949611.727729 13.381204 0.007322
1591949611.793729 13.381171 0.007330
1591949611.859729 13.381113 0.007291
1591949611.925730 13.381204 0.007330
1591949611.991730 13.380885 0.007219
1591949612.090730 13.381042 0.007256
1591949612.156730 13.381248 0.007291
1591949612.222730 13.380682 0.007146
1591949612.321731 13.380998 0.007325
1591949612.420731 13.380814 0.007311
1591949612.486731 13.380757 0.007320
1591949612.552731 13.380546 0.007325
1591949612.651731 13.380293 0.007331
1591949612.750731 13.380539 0.007302
1591949612.849732 13.380183 0.007336
1591949612.948732 13.380071 0.007335
1591949613.047732 13.379748 0.007314
1591949613.146732 13.379916 0.007326
1591949613.245733 13.380220 0.007332
1591949613.344733 13.380163 0.007335
1591949613.443733 13.379875 0.007282
1591949613.542733 13.379550 0.007255
1591949613.641734 13.379581 0.007335
1591949613.740734 13.379370 0.007301
1591949613.839734 13.379321 0.007327
1591949613.938734 13.378903 0.007327
1591949614.037735 13.378573 0.007281
1591949614.136735 13.378404 0.007298
1591949614.235735 13.378313 0.007336
1591949614.334735 13.378082 0.007335
1591949614.433735 13.378198 0.007336
1591949614.532736 13.378080 0.007336
1591949614.631736 13.377867 0.007304
1591949614.730736 13.377651 0.007319
1591949614.829736 13.377856 0.007286
1591949614.928736 13.377156 0.007283
1591949614.994737 13.377066 0.007260
1591949615.093737 13.377484 0.007335
1591949615.159737 13.377047 0.007329
1591949615.225737 13.376511 0.007318
1591949615.324738 13.376391 0.007329
1591949615.390738 13.376008 0.007269
1591949615.456738 13.376207 0.007332
1591949615.522738 13.376034 0.007277
1591949615.588738 13.375813 0.007301
1591949615.654738 13.375699 0.007233
1591949615.753738 13.375559 0.007330
1591949615.852739 13.375379 0.007323
1591949615.951739 13.374947 0.007279
1591949616.050739 13.374935 0.007253
1591949616.182740 13.375264 0.007184
1591949616.314740 13.374901 0.007275
1591949616.446740 13.374255 0.007261
1591949616.578741 13.374528 0.007328
1591949616.710741 13.374577 0.007303
1591949616.842741 13.373957 0.007300
1591949616.974741 13.373907 0.007323
1591949617.106742 13.374108 0.007326
1591949617.238742 13.374429 0.007256
1591949617.370742 13.374079 0.007289
1591949617.502743 13.373748 0.007282
1591949617.634743 13.374273 0.007326
1591949617.766743 13.374458 0.007331
1591949617.898744 13.374281 0.007316
1591949618.030744 13.374046 0.007306
1591949618.129744 13.373738 0.007323
1591949618.228744 13.373776 0.007332
1591949618.360745 13.373539 0.007299
1591949618.492745 13.374144 0.007329
1591949618.624745 13.374209 0.007312
1591949618.756746 13.373826 0.007191
1591949618.888746 13.372983 0.007276
1591949619.053746 13.372570 0.007278
1591949619.218747 13.372447 0.007334
1591949619.383747 13.372953 0.007315
1591949619.548748 13.373003 0.007309
1591949619.713748 13.372990 0.007307
1591949619.878748 13.373254 0.007284
1591949620.043749 13.373296 0.007290
1591949620.208749 13.373273 0.007319
1591949620.373749 13.373524 0.007290
1591949620.538750 13.373516 0.007281
1591949620.703750 13.373295 0.007325
1591949620.868751 13.373269 0.007314
1591949621.000751 13.373307 0.007258
1591949621.165751 13.373195 0.007328
1591949621.297752 13.373595 0.007310
1591949621.462752 13.373732 0.007330
1591949621.627753 13.373801 0.007187
1591949621.792753 13.373873 0.007295
1591949621.957753 13.373824 0.007316
1591949622.122754 13.373730 0.007257
1591949622.287754 13.373692 0.007285
1591949622.452754 13.373361 0.007321
1591949622.650755 13.373087 0.007298
1591949622.815755 13.373022 0.007215
1591949622.980756 13.373043 0.007317
1591949623.178756 13.372933 0.007275
1591949623.343756 13.372751 0.007315
1591949623.508757 13.372888 0.007332
1591949623.706757 13.373000 0.007328
1591949623.871758 13.373090 0.007324
1591949624.036758 13.372976 0.007304
1591949624.201758 13.372832 0.007322
1591949624.366759 13.372829 0.007287
1591949624.564759 13.372416 0.007318
1591949624.729760 13.372624 0.007283
1591949624.894760 13.372753 0.007124
1591949625.059760 13.372692 0.007286
1591949625.257761 13.372531 0.007298
1591949625.455761 13.372475 0.007290
1591949625.620762 13.372422 0.007291
1591949625.818762 13.372233 0.007329
1591949626.016763 13.372474 0.007324
1591949626.181763 13.372529 0.007275
1591949626.379764 13.372315 0.007153
1591949626.577764 13.372509 0.007330
1591949626.775765 13.372288 0.007318
1591949626.940765 13.371815 0.007314
1591949627.105765 13.371578 0.007280
1591949627.270766 13.371655 0.007287
1591949627.468766 13.371567 0.007334
1591949627.633767 13.371657 0.007295
1591949627.798767 13.371894 0.007203
1591949627.963768 13.372117 0.007236
1591949628.128768 13.372113 0.007307
1591949628.293768 13.372365 0.007295
1591949628.458769 13.372675 0.007306
1591949628.623769 13.372853 0.007246
1591949628.788769 13.372826 0.007321
1591949628.953770 13.372528 0.007295
1591949629.151770 13.372545 0.007333
1591949629.316771 13.372360 0.007332
1591949629.481771 13.372507 0.007288
1591949629.679771 13.372503 0.007307
1591949629.877772 13.371720 0.007335
1591949630.042772 13.371787 0.007286
1591949630.207773 13.371406 0.007303
1591949630.372773 13.371017 0.007330
1591949630.537773 13.370955 0.007330
1591949630.735774 13.370498 0.007328
1591949630.933774 13.370826 0.007297
1591949631.131775 13.370653 0.007319
1591949631.329775 13.371015 0.007323
1591949631.527776 13.369911 0.007334
1591949631.725776 13.369091 0.006486
1591949631.923777 13.371154 0.006421
1591949632.121777 13.372235 0.006391
1591949632.319777 13.373736 0.006781
1591949632.484778 13.372324 0.006713
1591949632.649778 13.372075 0.007249
1591949632.847779 13.371872 0.007263
1591949633.012779 13.370200 0.007291
1591949633.177780 13.369887 0.007250
1591949633.342780 13.369785 0.007311
1591949633.540781 13.369370 0.007327
1591949633.705781 13.369020 0.007327
1591949633.870781 13.368842 0.007232
1591949634.035782 13.369038 0.007331
1591949634.200782 13.369150 0.007275
1591949634.365782 13.368721 0.007332
1591949634.530783 13.368759 0.007335
1591949634.695783 13.368999 0.007310
1591949634.860784 13.369257 0.007331
1591949635.025784 13.368944 0.007335
1591949635.190784 13.368516 0.007290
1591949635.322785 13.368529 0.007336
1591949635.454785 13.368482 0.007300
1591949635.586785 13.368526 0.007321
1591949635.718786 13.368536 0.007293
1591949635.850786 13.368523 0.007334
1591949636.015786 13.368589 0.007310
1591949636.147787 13.368482 0.007334
1591949636.312787 13.368378 0.007336
1591949636.477787 13.368438 0.007255
1591949636.609788 13.368735 0.007305
1591949636.741788 13.368860 0.007249
1591949636.873788 13.369171 0.007318
1591949637.005789 13.369277 0.007330
1591949637.137789 13.369194 0.007310
1591949637.269789 13.369197 0.007304
1591949637.401790 13.369126 0.007228
1591949637.533790 13.368807 0.007331
1591949637.665790 13.369002 0.007325
1591949637.797791 13.368820 0.007333
1591949637.962791 13.368729 0.007219
1591949638.127791 13.368950 0.007333
1591949638.292792 13.369063 0.007141
1591949638.457792 13.368939 0.007324
1591949638.589792 13.368988 0.007319
1591949638.721793 13.368963 0.007329
1591949638.853793 13.369191 0.007319
1591949638.985794 13.369258 0.007299
1591949639.117794 13.369199 0.006991
1591949639.249794 13.369421 0.007311
1591949639.381794 13.369668 0.007318
1591949639.513795 13.369599 0.007330
1591949639.645795 13.369842 0.007333
1591949639.777795 13.369876 0.007330
1591949639.909796 13.369775 0.007307
1591949640.041796 13.369705 0.007321
1591949640.173796 13.369718 0.007321
1591949640.305797 13.369644 0.007300
1591949640.437797 13.369449 0.007331
1591949640.569797 13.369191 0.007326
1591949640.701798 13.369186 0.007285
1591949640.833798 13.369441 0.007278
1591949640.932798 13.369720 0.007125
1591949641.031798 13.369636 0.007232
1591949641.130799 13.369393 0.007085
1591949641.229799 13.369621 0.007148
1591949641.361799 13.369780 0.007062
1591949641.460799 13.369528 0.007122
1591949641.559800 13.369856 0.007268
1591949641.658800 13.370044 0.007300
1591949641.757800 13.369128 0.007274
1591949641.856800 13.368539 0.007035
1591949641.955801 13.368796 0.007000
1591949642.087801 13.368566 0.006580
1591949642.219801 13.368267 0.006644
1591949642.351801 13.367912 0.006928
1591949642.483802 13.367203 0.007203
1591949642.615802 13.366760 0.006862
1591949642.747802 13.365918 0.006597
1591949642.846803 13.365418 0.006848
1591949642.978803 13.364464 0.007204
1591949643.110803 13.364024 0.007246
1591949643.242804 13.363498 0.006859
1591949643.374804 13.363304 0.006650
1591949643.506804 13.362694 0.006738
1591949643.638804 13.362280 0.007230
1591949643.770805 13.361341 0.007273
1591949643.869805 13.361454 0.007330
1591949644.001805 13.361796 0.007281
1591949644.133806 13.361947 0.007145
1591949644.265806 13.361439 0.007316
1591949644.397806 13.360715 0.007244
1591949644.529807 13.360439 0.007030
1591949644.694807 13.360449 0.007247
1591949644.859807 13.360839 0.007233
1591949644.991808 13.360817 0.007280
1591949645.123808 13.360195 0.007304
1591949645.222808 13.359926 0.007289
1591949645.321808 13.358547 0.007335
1591949645.420809 13.358331 0.007184
1591949645.519809 13.358285 0.007292
1591949645.651809 13.358233 0.007311
1591949645.783809 13.357988 0.007229
1591949645.915810 13.357986 0.007299
1591949646.047810 13.358066 0.007264
1591949646.146810 13.357934 0.007295
1591949646.278811 13.358090 0.007314
1591949646.410811 13.357999 0.007310
1591949646.575812 13.357639 0.007305
1591949646.707812 13.357529 0.007311
1591949646.839812 13.357696 0.007252
1591949646.971813 13.357724 0.007169
1591949647.103813 13.358193 0.007232
1591949647.268813 13.358202 0.007032
1591949647.400814 13.358560 0.007026
1591949647.532814 13.359105 0.007047
1591949647.697814 13.358882 0.007169
1591949647.829814 13.358926 0.007026
1591949647.928815 13.358637 0.006903
1591949648.027815 13.359640 0.006690
1591949648.126815 13.359920 0.007276
1591949648.258816 13.358923 0.007003
1591949648.390816 13.359052 0.006952
1591949648.522816 13.359159 0.006601
1591949648.687816 13.359149 0.006614
1591949648.852817 13.359723 0.006823
1591949648.984817 13.359338 0.005578
1591949649.116817 13.360220 0.006671
1591949649.281818 13.360206 0.007140
1591949649.446818 13.358958 0.007040
1591949649.611819 13.359149 0.007016
1591949649.809819 13.359029 0.007241
1591949649.974820 13.359160 0.007318
1591949650.139820 13.359232 0.007324
1591949650.304821 13.359274 0.007328
1591949650.436821 13.359251 0.007318
1591949650.601821 13.358908 0.007322
1591949650.766821 13.358496 0.007265
1591949650.931822 13.358240 0.007217
1591949651.096822 13.358284 0.007079
1591949651.294823 13.358066 0.006920
1591949651.459823 13.357691 0.006954
1591949651.624824 13.358327 0.007222
1591949651.822824 13.358160 0.007255
1591949651.987824 13.356443 0.007166
1591949652.152825 13.355709 0.007260
1591949652.350825 13.354847 0.007312
1591949652.515826 13.354503 0.007331
1591949652.680826 13.353979 0.007327
1591949652.878826 13.353730 0.007294
1591949653.076827 13.353367 0.007313
1591949653.274827 13.353188 0.007315
1591949653.472828 13.353361 0.007311
1591949653.670828 13.353469 0.007334
1591949653.868829 13.353418 0.007329
1591949654.066829 13.353942 0.007325
1591949654.264830 13.353687 0.007317
1591949654.462830 13.354166 0.007294
1591949654.627831 13.354050 0.007283
1591949654.825831 13.354565 0.007283
1591949655.023832 13.355024 0.007321
1591949655.221832 13.354888 0.007317
1591949655.386832 13.354869 0.007327
1591949655.551833 13.354689 0.007310
1591949655.749833 13.354712 0.007336
1591949655.947834 13.354688 0.007333
1591949656.145834 13.354812 0.007335
1591949656.211834 13.354645 0.007328
1591949656.376835 13.355199 0.007328
1591949656.541835 13.355283 0.007299
1591949656.706836 13.355768 0.007315
1591949656.838836 13.355889 0.007314
1591949657.036836 13.355636 0.007325
1591949657.234837 13.355440 0.007331
1591949657.366837 13.355473 0.007298
1591949657.498837 13.355211 0.007314
1591949657.696838 13.355148 0.007329
1591949657.861838 13.354990 0.007307
1591949657.993839 13.354895 0.007314
1591949658.125839 13.354610 0.007299
1591949658.257839 13.354636 0.007309
1591949658.422840 13.354442 0.007300
1591949658.554840 13.354415 0.007304
1591949658.653840 13.354784 0.007292
1591949658.785840 13.354552 0.007323
1591949658.884841 13.354491 0.007263
1591949659.016841 13.355114 0.007194
1591949659.148841 13.355237 0.007291
1591949659.247842 13.355846 0.007021
1591949659.379842 13.355502 0.007155
1591949659.511842 13.355366 0.007238
1591949659.643842 13.354979 0.007245
1591949659.775843 13.354873 0.007209
1591949659.907843 13.354457 0.007130
1591949660.006843 13.354780 0.007283
1591949660.138844 13.354677 0.007105
1591949660.270844 13.354917 0.007251
1591949660.435844 13.355141 0.007296
1591949660.600845 13.354555 0.007204
1591949660.765845 13.354076 0.007328
1591949660.897846 13.354043 0.007296
1591949661.029846 13.353572 0.007240
1591949661.194846 13.352621 0.007307
1591949661.326846 13.352109 0.007321
1591949661.458847 13.351967 0.007288
1591949661.590847 13.351643 0.007315
1591949661.722847 13.351039 0.007260
1591949661.854848 13.350878 0.007294
1591949661.986848 13.350518 0.007308
1591949662.118848 13.349776 0.007190
1591949662.250849 13.349612 0.007244
1591949662.382849 13.349754 0.007325
1591949662.514849 13.349636 0.007325
1591949662.646850 13.349735 0.007325
1591949662.778850 13.349081 0.007308
1591949662.910850 13.348491 0.007328
1591949663.042850 13.348025 0.007253
1591949663.174851 13.347699 0.007323
1591949663.306851 13.347974 0.007327
1591949663.438852 13.347614 0.007322
1591949663.570852 13.347247 0.007304
1591949663.669852 13.347019 0.007323
1591949663.801852 13.346631 0.007283
1591949663.900852 13.346553 0.007309
1591949663.999853 13.346373 0.007300
1591949664.098853 13.346048 0.007312
1591949664.197853 13.345898 0.007318
1591949664.296854 13.345321 0.007294
1591949664.395854 13.345021 0.007309
1591949664.494854 13.344740 0.007308
1591949664.626854 13.344465 0.007312
1591949664.758855 13.344087 0.007311
1591949664.890855 13.343820 0.007318
1591949665.022855 13.343459 0.007304
1591949665.154855 13.342963 0.007313
1591949665.286856 13.342797 0.007319
1591949665.418856 13.342648 0.007320
1591949665.550856 13.342478 0.007255
1591949665.649857 13.342244 0.007266
1591949665.748857 13.342120 0.007298
1591949665.847857 13.341293 0.007245
1591949665.946857 13.340925 0.007307
1591949666.045857 13.340461 0.007315
1591949666.144858 13.339862 0.007245
1591949666.243858 13.339249 0.007304
1591949666.408859 13.337310 0.007306
1591949666.540859 13.335660 0.007305
1591949666.672859 13.334519 0.007243
1591949666.804859 13.333720 0.007298
1591949666.936860 13.333278 0.007271
1591949667.068860 13.333398 0.007289
1591949667.167860 13.333165 0.007221
1591949667.299861 13.332428 0.007212
1591949667.431861 13.332265 0.007293
1591949667.530861 13.332139 0.007302
1591949667.629861 13.332217 0.007269
1591949667.728862 13.332393 0.007302
1591949667.827862 13.331944 0.007306
1591949667.926862 13.331800 0.007245
1591949668.025862 13.331680 0.007241
1591949668.124862 13.331036 0.007196
1591949668.223863 13.330676 0.007132
1591949668.322863 13.330060 0.007213
1591949668.421863 13.329997 0.007280
1591949668.520864 13.328177 0.007202
1591949668.652864 13.327190 0.007278
1591949668.751864 13.326762 0.007305
1591949668.883864 13.326366 0.007299
1591949668.982865 13.325362 0.007305
1591949669.081865 13.324711 0.007274
1591949669.180865 13.323655 0.007208
1591949669.279865 13.323613 0.007046
1591949669.378865 13.323104 0.007311
1591949669.477866 13.321530 0.007307
1591949669.576866 13.320588 0.007290
1591949669.675866 13.319216 0.007230
1591949669.774866 13.319283 0.007251
1591949669.873867 13.318536 0.007151
1591949669.972867 13.317531 0.007303
1591949670.071867 13.316589 0.007162
1591949670.170867 13.315762 0.007308
1591949670.269867 13.315380 0.007262
1591949670.368868 13.315595 0.007261
1591949670.467868 13.314601 0.007291
1591949670.566868 13.313718 0.007295
1591949670.665869 13.313237 0.007278
1591949670.764869 13.312806 0.007226
1591949670.863869 13.312075 0.007225
1591949670.962869 13.311424 0.007273
1591949671.061870 13.310132 0.007304
1591949671.193870 13.308784 0.007115
1591949671.325870 13.307722 0.007225
1591949671.424870 13.307152 0.007106
1591949671.523871 13.306342 0.007249
1591949671.622871 13.305017 0.007250
1591949671.721871 13.305302 0.007189
1591949671.820871 13.304151 0.007304
1591949671.952872 13.303475 0.007288
1591949672.051872 13.302565 0.007305
1591949672.183872 13.301788 0.007193
1591949672.282872 13.300779 0.007038
1591949672.381873 13.299281 0.007225
1591949672.480873 13.298574 0.007172
1591949672.579873 13.298888 0.007171
1591949672.678873 13.297958 0.007244
1591949672.777874 13.297018 0.007288
1591949672.876874 13.296542 0.007297
1591949672.975874 13.295157 0.007307
1591949673.074874 13.294642 0.007305
1591949673.173874 13.293116 0.007283
1591949673.272875 13.293202 0.007280
1591949673.371875 13.293541 0.007310
1591949673.503875 13.291068 0.007298
1591949673.635876 13.289982 0.007195
1591949673.734876 13.288855 0.007166
1591949673.866876 13.286623 0.007279
1591949673.998876 13.285660 0.007217
1591949674.130877 13.283608 0.007110
1591949674.229877 13.282547 0.006987
1591949674.328877 13.281008 0.006960
1591949674.460878 13.279813 0.006971
1591949674.592878 13.279159 0.007125
1591949674.724878 13.279062 0.007151
1591949674.856878 13.278774 0.007208
1591949674.988879 13.278432 0.007280
1591949675.120879 13.278204 0.007263
1591949675.252879 13.276583 0.007279
1591949675.417880 13.275706 0.007286
1591949675.615880 13.274841 0.007216
1591949675.813881 13.271672 0.007137
1591949675.978881 13.270830 0.007298
1591949676.143882 13.262876 0.006060
1591949676.308882 13.263509 0.007299
1591949676.473882 13.262907 0.007202
1591949676.638883 13.260167 0.007296
1591949676.770883 13.258410 0.007301
1591949676.935883 13.257383 0.007297
1591949677.100884 13.257195 0.007297
1591949677.265884 13.256583 0.007305
1591949677.430884 13.255951 0.007280
1591949677.595885 13.256208 0.007307
1591949677.760885 13.256321 0.007276
1591949677.925886 13.256267 0.007282
1591949678.057886 13.256490 0.007287
1591949678.222886 13.256111 0.007288
1591949678.387887 13.256479 0.007269
1591949678.519887 13.257544 0.007305
1591949678.651887 13.257908 0.007221
1591949678.783888 13.257708 0.007245
1591949678.882888 13.257313 0.007268
1591949678.981888 13.256483 0.007205
1591949679.080888 13.255922 0.007270
1591949679.179889 13.255962 0.007288
1591949679.311889 13.253946 0.007303
1591949679.410889 13.253890 0.007295
1591949679.509890 13.255500 0.007262
1591949679.608890 13.254965 0.007295
1591949679.707890 13.254446 0.007307
1591949679.806890 13.253218 0.007309
1591949679.905890 13.252670 0.007298
1591949680.004891 13.253429 0.007308
1591949680.103891 13.253508 0.007296
1591949680.202891 13.253442 0.007293
1591949680.301891 13.254121 0.007294
1591949680.400892 13.253449 0.007305
1591949680.499892 13.252593 0.007307
1591949680.598892 13.252291 0.007303
1591949680.697892 13.253067 0.007306
1591949680.796892 13.253738 0.007304
1591949680.895893 13.254450 0.007294
1591949680.994893 13.254787 0.007299
1591949681.093893 13.254800 0.007288
1591949681.192894 13.255114 0.007299
1591949681.291894 13.255377 0.007298
1591949681.390894 13.255625 0.007305
1591949681.489894 13.256295 0.007288
1591949681.588894 13.255869 0.007287
1591949681.687895 13.255495 0.007260
1591949681.786895 13.255594 0.007275
1591949681.885895 13.257281 0.007288
1591949681.984895 13.257715 0.007299
1591949682.083895 13.257103 0.007302
1591949682.149896 13.256476 0.007305
1591949682.248896 13.257168 0.007304
1591949682.314896 13.257428 0.007295
1591949682.413896 13.257280 0.007304
1591949682.479897 13.257226 0.007294
1591949682.545897 13.257658 0.007304
1591949682.644897 13.257666 0.007289
1591949682.743897 13.258341 0.007301
1591949682.842897 13.258263 0.007279
1591949682.941897 13.258304 0.007296
1591949683.007898 13.258184 0.007306
1591949683.073898 13.258737 0.007294
1591949683.139898 13.259259 0.007302
1591949683.205898 13.259136 0.007302
1591949683.304898 13.260289 0.007308
1591949683.403899 13.260192 0.007305
1591949683.502899 13.259829 0.007301
1591949683.601899 13.260595 0.007272
1591949683.667899 13.260931 0.007252
1591949683.766899 13.261396 0.007307
1591949683.832900 13.261427 0.007220
1591949683.931900 13.262162 0.007299
1591949684.030900 13.262576 0.007295
1591949684.129900 13.263098 0.007308
1591949684.228901 13.263344 0.007273
1591949684.327901 13.263141 0.007287
1591949684.393901 13.262757 0.007295
1591949684.492901 13.262749 0.007306
1591949684.591902 13.262559 0.007298
1591949684.657902 13.262792 0.007296
1591949684.723902 13.262552 0.007308
1591949684.822902 13.262888 0.007305
1591949684.888902 13.262896 0.007308
1591949684.954902 13.262472 0.007213
1591949685.053903 13.263281 0.007308
1591949685.119903 13.263055 0.007300
1591949685.218903 13.263156 0.007308
1591949685.317903 13.262807 0.007309
1591949685.383904 13.261904 0.007291
1591949685.449904 13.262551 0.007285
1591949685.515904 13.262958 0.007240
1591949685.581904 13.262973 0.007275
1591949685.647904 13.262780 0.007246
1591949685.713904 13.263215 0.007101
1591949685.779905 13.262473 0.007286
1591949685.878905 13.262493 0.007255
1591949685.944905 13.263021 0.007033
1591949686.043905 13.261940 0.007293
1591949686.142905 13.260526 0.007305
1591949686.241905 13.259730 0.007299
1591949686.340906 13.259630 0.007309
1591949686.439906 13.258886 0.007308
1591949686.538906 13.258758 0.007275
1591949686.637906 13.259154 0.007296
1591949686.769907 13.258891 0.007306
1591949686.901907 13.258869 0.007304
1591949687.000907 13.259801 0.007290
1591949687.099908 13.258654 0.007304
1591949687.198908 13.256922 0.007304
1591949687.297908 13.255997 0.007294
1591949687.429908 13.255085 0.007306
1591949687.561909 13.253982 0.007271
1591949687.693909 13.252388 0.007297
1591949687.858909 13.252672 0.007302
1591949688.023910 13.251034 0.007296
1591949688.221910 13.249908 0.007308
1591949688.452911 13.247464 0.007307
