DelayedMarginalization 0.00181913 1.8072e-06 0.0133492 2097
DelayedMarginalizationOnly 0.00084106 8.96835e-07 0.010269 2097
EF-marginalizeFrame 0.00228767 1.89677e-06 0.0138016 2097
FullSystem::trackNewCoarse 0.00996724 4.90277e-05 0.0491897 6472
FullSystem::trackNewCoarseNoIMU 0.00281543 1.58814e-06 0.0105964 237
FullSystemOptimize 0.20023 0.000925118 0.295007 2103
GraphUnrolling 0.031913 8.10604e-05 0.0434507 7
IMUInitAddPose 4.50426e-05 1.02816e-08 0.00298773 2103
IMUInitOptimize 0.0745139 0.00110883 0.125938 33
IMUIntegration::finishKeyframeOperations 8.32586e-05 5.6662e-09 0.00148463 2065
InitializerFirstFrame 0.0279504 -nan 0.0279504 1
InitializerOtherFrames 0.0355044 0.00024723 0.0860894 93
MainMarginalization 0.002039 1.85338e-06 0.0136249 2097
MarginalizationReplacementBuildGraph 0.00162308 4.18686e-07 0.00263673 7
MarginalizationReplacementReplaceGraph 0.0347169 4.01002e-05 0.0436906 6
MarginalizeMainGraph 0.000976903 6.23608e-07 0.00895737 2097
PGBA 0.269568 -nan 0.269568 1
PGBAFull 0.0359787 0.00982004 0.281226 8
PrepareGraphForMainOptimization 0.0320486 8.14567e-05 0.0436393 7
VisualMarginalization 3.77984e-05 2.47542e-09 0.00130575 2097
activatePointsMT 0.00572229 7.75896e-06 0.0220334 2103
addActiveFrame 0.0881882 0.0112567 0.583539 6803
addIMUData 0.00148289 2.57422e-06 0.0195368 6472
addIMUDataToBA 0.000154392 1.54717e-08 0.00257626 6802
addKeyframeToBA 5.66315e-05 7.06925e-10 0.000771862 2103
afterCoarseTracking 3.34702e-07 2.24553e-14 2.675e-06 6709
baIteration 0.0333247 6.17524e-05 0.087566 11783
baMatrixInversion 0.000204667 2.3181e-08 0.00454552 11783
baUpdateBuildHessians 0.000805415 7.55873e-07 0.0136632 11783
coarseTrackingIteration 0.000783977 1.65125e-06 0.0157528 69376
computeBAUpdate 0.00113275 8.30754e-07 0.0158478 11783
computeCoarseUpdate 0.000440749 1.05006e-06 0.0118184 67698
computeFactorForCoarseGraphAndMarginalCovariances 0.00300701 1.84281e-06 0.0152607 2065
convertHAndBFromDSO 0.000122154 9.15186e-09 0.00629168 20145
debugPlot 1.22887e-07 5.17345e-15 7.22e-07 2103
debugPlotIDepthMap 4.31806e-07 2.4605e-14 2.504e-06 2103
debugPlotIDepthMapFloat 3.99672e-08 5.55107e-16 4.2e-07 2103
deliverTrackedFrame 0.0755063 0.011203 0.467837 6710
flagFramesForMarginalization 2.56441e-06 4.14065e-11 0.000224151 2103
fullCoarseTracking 0.0119397 8.14057e-05 0.129868 6709
initObjectsAndMakeImage 0.00144185 2.467e-07 0.00931808 6803
makeKeyframe 0.229813 0.000994413 0.467821 2103
makeKeyframeChangeTrackingRef 0.00236689 3.26639e-07 0.005476 2103
makeNewTraces 0.00408329 4.58277e-07 0.00794117 2103
makeNonKeyframe 0.00491043 3.0026e-06 0.0129054 4607
marginalizeAndRemovePoints 0.00428903 1.37655e-06 0.00882784 2103
marginalizeFrame 0.00435286 2.47125e-06 0.0162392 2097
marginalizeFrameOverhead 0.00205931 2.49409e-07 0.00574641 2097
marginalizeFrames 0.00435593 2.54768e-06 0.0162624 2103
newFrameAndNewResidualsForOldPoints 0.00120636 1.48043e-07 0.00362659 2103
printBiases 1.30946e-05 2.98108e-09 0.00237539 2103
printEigenValLine 1.75835e-07 1.03311e-12 4.6728e-05 2103
printLogLine 0.000188537 1.75436e-07 0.0053791 2103
publishInMakeKeyframe 2.05476e-07 4.71435e-13 3.1407e-05 2103
removeOutliers 0.000210382 8.96362e-09 0.00186676 2103
swapTrackingRef 0.000215791 1.88707e-07 0.00676152 2103
timeMeasurement 1.85664e-06 1.24605e-11 0.000192856 6803
traceNewCoarse 0.00442677 2.73659e-06 0.0128902 6710
updateBAValues 1.22743e-05 2.14013e-10 0.00143636 21304
zero 1.12064e-07 4.57737e-14 1.6861e-05 6803
