EF-marginalizeFrame 0.000110467 3.47616e-09 0.00113998 1935
FullSystem::trackNewCoarseNoIMU 0.00259368 2.4007e-05 0.205434 6280
FullSystemOptimize 0.147101 0.000226349 0.292989 1941
IMUInitAddPose 1.7462e-05 -nan 1.7462e-05 1
InitializerFirstFrame 0.0249959 -nan 0.0249959 1
InitializerOtherFrames 0.0320063 0.000284895 0.0872814 90
VisualMarginalization 3.19008e-05 2.06887e-10 0.000305697 1935
activatePointsMT 0.0044483 4.16363e-06 0.02061 1941
addActiveFrame 0.0570634 0.00562293 0.350501 6371
afterCoarseTracking 2.72032e-07 8.9529e-14 1.615e-05 6280
baIteration 0.0229271 3.70179e-05 0.0817415 11664
coarseTrackingIteration 0.00015355 3.616e-08 0.00587564 69203
debugPlot 9.47362e-08 3.7217e-15 6.31e-07 1941
debugPlotIDepthMap 3.97609e-07 2.35005e-14 1.954e-06 1941
debugPlotIDepthMapFloat 3.97295e-08 6.19135e-16 3.8e-07 1941
deliverTrackedFrame 0.0537147 0.00565731 0.304712 6281
flagFramesForMarginalization 1.80644e-06 7.84706e-13 2.6639e-05 1941
fullCoarseTracking 0.0026012 2.40113e-05 0.205444 6280
initObjectsAndMakeImage 0.00108156 1.03417e-07 0.00413597 6371
makeKeyframe 0.165441 0.000229875 0.304672 1941
makeKeyframeChangeTrackingRef 0.00176002 5.89713e-08 0.00433444 1941
makeNewTraces 0.00338187 1.55398e-07 0.00577352 1941
makeNonKeyframe 0.00372408 1.81199e-06 0.00777317 4340
marginalizeAndRemovePoints 0.00329297 7.94563e-07 0.00691656 1941
marginalizeFrame 0.00159229 1.35293e-07 0.00444417 1935
marginalizeFrameOverhead 0.00147881 1.16023e-07 0.00432555 1935
marginalizeFrames 0.00158853 1.42872e-07 0.0044458 1941
newFrameAndNewResidualsForOldPoints 0.000902234 3.70615e-08 0.00307383 1941
printEigenValLine 1.9404e-07 4.23748e-12 9.0819e-05 1941
printLogLine 0.000156702 8.45544e-08 0.00387484 1941
publishInMakeKeyframe 1.51176e-07 5.70867e-15 7.71e-07 1941
removeOutliers 0.000140861 4.85297e-09 0.00142896 1941
swapTrackingRef 5.23089e-07 8.35087e-12 0.000127296 1941
timeMeasurement 1.60966e-06 4.19215e-12 0.000128177 6371
traceNewCoarse 0.00334202 1.63661e-06 0.00775973 6281
zero 1.12391e-07 6.71645e-15 1.663e-06 6371
