1591949474.744405 11.571476 0.245944
1591949474.909405 11.605115 0.220144
1591949475.074405 11.659303 0.198311
1591949475.239406 11.709782 0.180344
1591949475.371406 11.746909 0.168526
1591949475.470406 11.828946 0.160292
1591949475.569407 11.897596 0.145711
1591949475.701407 11.964414 0.135692
1591949475.833407 12.058350 0.126915
1591949475.932407 12.125654 0.120165
1591949476.031408 12.185621 0.109442
1591949476.130408 12.259701 0.105282
1591949476.262408 12.317242 0.098982
1591949476.394408 12.424430 0.092837
1591949476.526409 12.527532 0.083503
1591949476.625409 12.554443 0.080219
1591949476.724409 12.649749 0.076904
1591949476.823409 12.673596 0.074082
1591949476.955410 12.715632 0.067348
1591949477.120410 12.786419 0.063043
1591949477.252410 12.837301 0.059820
1591949477.384411 12.888560 0.056391
1591949477.516411 12.914343 0.053548
1591949477.648411 12.965447 0.050686
1591949477.813412 13.034561 0.045377
1591949477.945412 13.066752 0.043068
1591949478.077412 13.078999 0.040734
1591949478.176413 13.095914 0.039238
1591949478.275413 13.108054 0.037854
1591949478.374413 13.122979 0.036498
1591949478.473413 13.136385 0.035344
1591949478.605414 13.137188 0.033871
1591949478.737414 13.147382 0.032505
1591949478.902414 13.153544 0.030724
1591949479.067415 13.152867 0.029211
1591949479.232415 13.154578 0.027865
1591949479.397415 13.164988 0.026623
1591949479.529416 13.161858 0.025742
1591949479.661416 13.159566 0.025214
1591949479.760417 13.152113 0.024754
1591949479.859416 13.147076 0.024277
1591949479.958417 13.147452 0.023830
1591949480.057417 13.149138 0.023437
1591949480.156417 13.147939 0.023067
1591949480.255418 13.144543 0.022742
1591949480.354418 13.155380 0.022480
1591949480.486418 13.154834 0.022159
1591949480.618418 13.161229 0.021830
1591949480.750419 13.165164 0.021498
1591949480.882419 13.167079 0.021197
1591949481.014420 13.171822 0.020943
1591949481.146420 13.175162 0.020670
1591949481.245420 13.173334 0.020484
1591949481.377420 13.171766 0.020322
1591949481.509421 13.177116 0.020112
1591949481.641421 13.176529 0.019889
1591949481.773421 13.175368 0.019655
1591949481.905421 13.171462 0.019468
1591949482.004422 13.166230 0.019333
1591949482.136422 13.172953 0.019203
1591949482.235422 13.168112 0.019060
1591949482.334423 13.167268 0.018928
1591949482.433423 13.168053 0.018851
1591949482.532423 13.168755 0.018746
1591949482.631423 13.169297 0.018662
1591949482.730423 13.168463 0.018541
1591949482.829424 13.167691 0.018507
1591949482.928424 13.165617 0.018448
1591949483.027424 13.165969 0.018349
1591949483.126424 13.166053 0.018271
1591949483.225425 13.163995 0.018187
1591949483.324425 13.163989 0.018126
1591949483.456425 13.168025 0.018018
1591949483.555425 13.167172 0.017981
1591949483.687426 13.168182 0.017888
1591949483.786426 13.174939 0.017835
1591949483.885426 13.175516 0.017776
1591949483.984426 13.173967 0.017728
1591949484.083426 13.168433 0.017650
1591949484.182427 13.164734 0.017578
1591949484.314427 13.166853 0.017491
1591949484.446427 13.163875 0.017427
1591949484.578428 13.162893 0.017369
1591949484.710428 13.159969 0.017291
1591949484.809428 13.160676 0.017254
1591949484.908428 13.158352 0.017189
1591949485.007429 13.155442 0.017134
1591949485.106429 13.153298 0.017071
1591949485.205429 13.156227 0.017030
1591949485.304430 13.157756 0.016992
1591949485.370430 13.160931 0.016999
1591949485.436430 13.160089 0.016965
1591949485.502430 13.161257 0.016934
1591949485.568430 13.160709 0.016895
1591949485.634430 13.159615 0.016852
1591949485.700431 13.157408 0.016805
1591949485.766431 13.151146 0.016785
1591949485.832431 13.149591 0.016736
1591949485.898431 13.149835 0.016677
1591949485.964431 13.146442 0.016609
1591949486.063432 13.144127 0.016509
1591949486.162431 13.153063 0.016425
1591949486.261432 13.152759 0.016319
1591949486.360432 13.153675 0.016218
1591949486.459432 13.156771 0.016111
1591949486.591432 13.160900 0.015953
1591949486.690433 13.165476 0.015830
1591949486.789433 13.165399 0.015703
1591949486.888433 13.162694 0.015584
1591949486.987433 13.157323 0.015431
1591949487.086434 13.148297 0.015288
1591949487.185434 13.145896 0.015116
1591949487.251434 13.151975 0.015003
1591949487.317434 13.154882 0.014869
1591949487.416435 13.160478 0.014674
1591949487.515435 13.165392 0.014479
1591949487.581435 13.162853 0.014352
1591949487.680435 13.160689 0.014160
1591949487.779435 13.159063 0.013971
1591949487.878436 13.156185 0.013767
1591949487.977436 13.157418 0.013583
1591949488.076436 13.156952 0.013403
1591949488.175436 13.152594 0.013254
1591949488.274436 13.152876 0.013088
1591949488.373437 13.157789 0.012938
1591949488.472437 13.165755 0.012827
1591949488.571437 13.164708 0.012693
1591949488.670437 13.162912 0.012578
1591949488.769438 13.163230 0.012494
1591949488.868438 13.161591 0.012396
1591949488.967438 13.161981 0.012291
1591949489.099438 13.162061 0.012186
1591949489.231439 13.160404 0.012072
1591949489.363439 13.163295 0.011987
1591949489.495439 13.160883 0.011906
1591949489.660440 13.162380 0.011813
1591949489.825440 13.161146 0.011728
1591949489.957441 13.162799 0.011669
1591949490.089441 13.161323 0.011623
1591949490.221441 13.165558 0.011581
1591949490.353441 13.169253 0.011544
1591949490.485442 13.164397 0.011512
1591949490.617442 13.166779 0.011500
1591949490.749442 13.167097 0.011547
1591949490.881443 13.168241 0.011539
1591949490.980443 13.168683 0.011528
1591949491.079443 13.167069 0.011519
1591949491.178443 13.167167 0.011514
1591949491.277444 13.165963 0.011507
1591949491.376444 13.168812 0.011492
1591949491.475444 13.168041 0.011488
1591949491.574445 13.162756 0.011495
1591949491.673445 13.163479 0.011494
1591949491.772445 13.163927 0.011483
1591949491.871445 13.164274 0.011475
1591949491.970445 13.162406 0.011471
1591949492.069446 13.162392 0.011471
1591949492.135446 13.161872 0.011468
1591949492.201446 13.161690 0.011468
1591949492.267446 13.160454 0.011458
1591949492.333446 13.160376 0.011460
1591949492.399446 13.160823 0.011457
1591949492.465447 13.161199 0.011454
1591949492.531447 13.159881 0.011455
1591949492.597447 13.159568 0.011453
1591949492.663447 13.159495 0.011456
1591949492.729447 13.161123 0.011455
1591949492.795447 13.161928 0.011455
1591949492.861447 13.160894 0.011453
1591949492.927448 13.161305 0.011453
1591949492.993448 13.160517 0.011434
1591949493.059448 13.159679 0.011443
1591949493.125448 13.159387 0.011442
1591949493.191448 13.159601 0.011447
1591949493.257448 13.159361 0.011445
1591949493.323449 13.159241 0.011443
1591949493.389449 13.158985 0.011441
1591949493.455449 13.158398 0.011439
1591949493.521449 13.157748 0.011439
1591949493.587449 13.158114 0.011434
1591949493.686449 13.157424 0.011438
1591949493.752450 13.157667 0.011438
1591949493.818450 13.157809 0.011437
1591949493.884450 13.157990 0.011437
1591949493.950450 13.157795 0.011437
1591949494.016450 13.157038 0.011437
1591949494.082450 13.156877 0.011435
1591949494.148451 13.157121 0.011436
1591949494.214451 13.156796 0.011431
1591949494.280451 13.156822 0.011431
1591949494.346451 13.156746 0.011428
1591949494.412451 13.157500 0.011433
1591949494.478451 13.156950 0.011426
1591949494.577451 13.155729 0.011429
1591949494.643452 13.155293 0.011423
1591949494.709452 13.155641 0.011430
1591949494.775452 13.154975 0.011428
1591949494.841452 13.154792 0.011427
1591949494.907452 13.154137 0.011427
1591949494.973453 13.154570 0.011423
1591949495.039453 13.154593 0.011421
1591949495.105453 13.154601 0.011424
1591949495.171453 13.154545 0.011422
1591949495.270453 13.155108 0.011424
1591949495.336453 13.155492 0.011426
1591949495.402453 13.155176 0.011427
1591949495.468454 13.155194 0.011423
1591949495.534454 13.154748 0.011425
1591949495.600454 13.155456 0.011424
1591949495.666454 13.155373 0.011422
1591949495.732454 13.155714 0.011419
1591949495.798455 13.155325 0.011412
1591949495.864455 13.156204 0.011411
1591949495.930455 13.155538 0.011422
1591949495.996455 13.155434 0.011412
1591949496.062455 13.155593 0.011413
1591949496.128455 13.154862 0.011414
1591949496.194455 13.154896 0.011419
1591949496.260455 13.155651 0.011415
1591949496.326456 13.156383 0.011421
1591949496.392456 13.156022 0.011418
1591949496.458456 13.156089 0.011421
1591949496.524456 13.156452 0.011418
1591949496.590456 13.155833 0.011420
1591949496.656456 13.156292 0.011419
1591949496.722457 13.156088 0.011400
1591949496.788457 13.155868 0.011407
1591949496.854457 13.155373 0.011406
1591949496.953457 13.155724 0.011404
1591949497.052458 13.155853 0.011393
1591949497.151458 13.159350 0.011378
1591949497.250458 13.159364 0.011379
1591949497.316458 13.161009 0.011377
1591949497.382458 13.159638 0.011372
1591949497.448458 13.160446 0.011368
1591949497.514458 13.161400 0.011368
1591949497.580459 13.162560 0.011362
1591949497.679459 13.163012 0.011352
1591949497.778459 13.163536 0.011343
1591949497.844459 13.165729 0.011335
1591949497.910459 13.164619 0.011323
1591949497.976460 13.164144 0.011318
1591949498.042460 13.164835 0.011311
1591949498.108460 13.164670 0.011300
1591949498.174460 13.165066 0.011300
1591949498.240460 13.164178 0.011294
1591949498.306460 13.166471 0.011286
1591949498.372461 13.166295 0.011278
1591949498.438461 13.164798 0.011276
1591949498.537461 13.167652 0.011254
1591949498.636461 13.168602 0.011246
1591949498.735461 13.171565 0.011241
1591949498.801461 13.171666 0.011234
1591949498.867462 13.170974 0.011237
1591949498.933462 13.168455 0.011238
1591949498.999462 13.168120 0.011230
1591949499.065462 13.168802 0.011223
1591949499.131462 13.168756 0.011226
1591949499.197463 13.168388 0.011218
1591949499.263463 13.165963 0.011216
1591949499.329463 13.165915 0.011217
1591949499.428463 13.165665 0.011215
1591949499.527463 13.167049 0.011217
1591949499.593463 13.166065 0.011212
1591949499.659464 13.167024 0.011212
1591949499.725464 13.168702 0.011211
1591949499.791464 13.167788 0.011210
1591949499.857464 13.167197 0.011208
1591949499.923464 13.166782 0.011207
1591949500.022465 13.166164 0.011204
1591949500.121464 13.167456 0.011202
1591949500.220465 13.167563 0.011201
1591949500.319465 13.168907 0.011199
1591949500.418465 13.169145 0.011197
1591949500.517466 13.170940 0.011194
1591949500.616466 13.169929 0.011190
1591949500.715466 13.168843 0.011185
1591949500.814466 13.170471 0.011181
1591949500.913467 13.170820 0.011173
1591949501.012467 13.170930 0.011169
1591949501.111467 13.170758 0.011159
1591949501.177467 13.170259 0.011157
1591949501.243467 13.172065 0.011149
1591949501.309467 13.173142 0.011143
1591949501.408468 13.175691 0.011128
1591949501.474468 13.176701 0.011113
1591949501.573468 13.179892 0.011097
1591949501.672468 13.182513 0.011069
1591949501.771469 13.185683 0.011027
1591949501.870469 13.188625 0.010988
1591949501.969469 13.194100 0.010944
1591949502.068469 13.198221 0.010893
1591949502.134469 13.201237 0.010858
1591949502.200469 13.203540 0.010821
1591949502.266470 13.205792 0.010784
1591949502.332470 13.208223 0.010750
1591949502.431470 13.210882 0.010693
1591949502.530470 13.216606 0.010634
1591949502.629470 13.221722 0.010564
1591949502.761471 13.231507 0.010481
1591949502.893471 13.243063 0.010386
1591949503.025471 13.252834 0.010283
1591949503.157472 13.266243 0.010184
1591949503.289472 13.278838 0.010090
1591949503.421473 13.289236 0.010008
1591949503.586473 13.301429 0.009922
1591949503.784473 13.310809 0.009819
1591949503.982474 13.320257 0.009723
1591949504.147474 13.328265 0.009662
1591949504.312475 13.332600 0.009591
1591949504.477475 13.338723 0.009546
1591949504.609475 13.340392 0.009507
1591949504.774476 13.341250 0.009466
1591949504.939476 13.340619 0.009416
1591949505.104476 13.341810 0.009380
1591949505.269477 13.341823 0.009335
1591949505.434477 13.341830 0.009272
1591949505.566478 13.341653 0.009258
1591949505.698478 13.342492 0.009226
1591949505.830478 13.342743 0.009188
1591949505.962479 13.341887 0.009154
1591949506.094479 13.341634 0.009118
1591949506.226479 13.340599 0.009074
1591949506.358479 13.339422 0.009022
1591949506.490480 13.338891 0.009003
1591949506.622480 13.337387 0.008956
1591949506.754480 13.335070 0.008919
1591949506.886481 13.333232 0.008886
1591949507.018481 13.331131 0.008852
1591949507.150481 13.328995 0.008826
1591949507.282482 13.327730 0.008803
1591949507.414482 13.326190 0.008771
1591949507.546482 13.325533 0.008742
1591949507.678483 13.323079 0.008709
1591949507.810483 13.319260 0.008662
1591949507.942483 13.317482 0.008641
1591949508.074483 13.315982 0.008602
1591949508.206484 13.314035 0.008583
1591949508.338484 13.311492 0.008553
1591949508.470484 13.310516 0.008534
1591949508.602485 13.309193 0.008512
1591949508.734485 13.307518 0.008486
1591949508.833485 13.306722 0.008475
1591949508.965486 13.305157 0.008452
1591949509.097486 13.303088 0.008429
1591949509.229486 13.301682 0.008410
1591949509.361487 13.300143 0.008387
1591949509.460487 13.299604 0.008381
1591949509.592487 13.298238 0.008361
1591949509.724488 13.297395 0.008347
1591949509.856488 13.296280 0.008321
1591949509.988488 13.295911 0.008310
1591949510.087488 13.296009 0.008297
1591949510.186489 13.295283 0.008286
1591949510.318489 13.294416 0.008275
1591949510.450489 13.294377 0.008264
1591949510.549489 13.294154 0.008253
1591949510.648490 13.293410 0.008246
1591949510.747490 13.293103 0.008237
1591949510.846490 13.292331 0.008228
1591949510.945490 13.291395 0.008207
1591949511.044491 13.291597 0.008212
1591949511.143491 13.291629 0.008206
1591949511.275491 13.291774 0.008197
1591949511.374491 13.291876 0.008191
1591949511.473492 13.291141 0.008187
1591949511.572492 13.291382 0.008177
1591949511.671492 13.291513 0.008172
1591949511.770492 13.291783 0.008164
1591949511.869493 13.291358 0.008163
1591949511.968493 13.291797 0.008153
1591949512.067493 13.291885 0.008146
1591949512.166493 13.292298 0.008141
1591949512.265493 13.291967 0.008138
1591949512.364494 13.292176 0.008132
1591949512.463494 13.292307 0.008128
1591949512.562494 13.292496 0.008127
1591949512.661494 13.292032 0.008120
1591949512.760495 13.291981 0.008115
1591949512.826495 13.292151 0.008113
1591949512.892495 13.292267 0.008111
1591949512.958495 13.292638 0.008097
1591949513.024495 13.292399 0.008105
1591949513.090496 13.292460 0.008096
1591949513.156496 13.292289 0.008095
1591949513.222496 13.292426 0.008095
1591949513.288496 13.292207 0.008093
1591949513.387496 13.292364 0.008095
1591949513.453496 13.292184 0.008092
1591949513.519496 13.292311 0.008093
1591949513.585497 13.291481 0.008082
1591949513.651497 13.291430 0.008090
1591949513.717497 13.291370 0.008087
1591949513.783497 13.290912 0.008074
1591949513.849497 13.289999 0.008082
1591949513.948497 13.290594 0.008082
1591949514.047498 13.289773 0.008078
1591949514.146498 13.288907 0.008075
1591949514.245498 13.288823 0.008070
1591949514.311498 13.288660 0.008073
1591949514.377498 13.289158 0.008061
1591949514.443499 13.288296 0.008070
1591949514.509499 13.287905 0.008051
1591949514.608499 13.286490 0.008043
1591949514.707499 13.285348 0.008062
1591949514.773499 13.285153 0.008060
1591949514.839499 13.285313 0.008062
1591949514.905500 13.285339 0.008059
1591949514.971500 13.284828 0.008052
1591949515.070500 13.283318 0.008055
1591949515.169500 13.282436 0.008055
1591949515.235501 13.281884 0.008052
1591949515.301501 13.281053 0.008049
1591949515.367501 13.280524 0.008041
1591949515.433501 13.280259 0.008051
1591949515.499501 13.280632 0.008050
1591949515.565501 13.280705 0.008044
1591949515.631501 13.280888 0.008038
1591949515.697502 13.280825 0.008044
1591949515.763502 13.280321 0.008041
1591949515.829502 13.278992 0.008033
1591949515.928502 13.278330 0.008022
1591949516.027502 13.277326 0.008032
1591949516.093503 13.275290 0.008036
1591949516.159503 13.276270 0.008026
1591949516.225503 13.276065 0.008025
1591949516.291503 13.275821 0.008033
1591949516.357503 13.275233 0.008037
1591949516.423503 13.274339 0.008020
1591949516.522503 13.274644 0.008028
1591949516.621504 13.274520 0.008030
1591949516.720504 13.274221 0.008010
1591949516.819504 13.273874 0.008028
1591949516.885504 13.273786 0.008005
1591949516.951504 13.273113 0.008028
1591949517.017504 13.273280 0.008025
1591949517.083505 13.273205 0.008027
1591949517.149505 13.272742 0.008015
1591949517.215505 13.272767 0.008010
1591949517.314505 13.272009 0.008019
1591949517.413506 13.271707 0.008020
1591949517.512506 13.271884 0.008021
1591949517.611506 13.271864 0.008021
1591949517.677506 13.271891 0.008020
1591949517.743506 13.272264 0.008018
1591949517.809507 13.272252 0.008018
1591949517.908507 13.271506 0.008017
1591949518.007507 13.270701 0.008016
1591949518.073507 13.270730 0.008006
1591949518.139507 13.271021 0.008001
1591949518.205507 13.271287 0.008013
1591949518.271508 13.271139 0.008009
1591949518.337508 13.270904 0.008010
1591949518.403508 13.270628 0.007999
1591949518.469508 13.270186 0.008006
1591949518.535508 13.269894 0.008010
1591949518.601508 13.269517 0.008011
1591949518.700509 13.270213 0.008006
1591949518.766509 13.269994 0.008005
1591949518.832509 13.269999 0.008006
1591949518.898509 13.270536 0.008002
1591949518.997509 13.270471 0.007981
1591949519.063509 13.270157 0.008005
1591949519.129510 13.269743 0.008007
1591949519.195510 13.269843 0.008003
1591949519.261510 13.269487 0.007994
1591949519.327510 13.269242 0.008002
1591949519.393510 13.268645 0.008003
1591949519.459511 13.268726 0.008004
1591949519.558511 13.268775 0.008002
1591949519.624511 13.268702 0.007995
1591949519.723511 13.268456 0.008002
1591949519.822511 13.268821 0.007998
1591949519.888511 13.268055 0.007999
1591949519.954512 13.268178 0.007997
1591949520.020512 13.267704 0.008000
1591949520.086512 13.268099 0.007999
1591949520.152512 13.267532 0.007999
1591949520.218512 13.266871 0.007999
1591949520.284513 13.266442 0.007998
1591949520.383512 13.266146 0.008002
1591949520.449513 13.265964 0.007995
1591949520.515513 13.266037 0.007999
1591949520.581513 13.266186 0.007983
1591949520.647513 13.265734 0.007990
1591949520.713513 13.265785 0.007997
1591949520.779514 13.265141 0.007998
1591949520.878514 13.264877 0.007999
1591949520.944514 13.264685 0.007999
1591949521.010514 13.264772 0.007997
1591949521.076514 13.264419 0.007997
1591949521.175515 13.263964 0.007997
1591949521.274515 13.263804 0.007996
1591949521.373515 13.263102 0.007997
1591949521.439515 13.262794 0.007996
1591949521.505515 13.263565 0.007988
1591949521.571515 13.262849 0.007994
1591949521.670516 13.262908 0.007988
1591949521.769516 13.263259 0.007990
1591949521.868516 13.262940 0.007993
1591949521.967516 13.262890 0.007980
1591949522.066517 13.263018 0.007984
1591949522.165517 13.263170 0.007981
1591949522.264517 13.262806 0.007985
1591949522.330517 13.262251 0.007980
1591949522.429518 13.262569 0.007991
1591949522.495518 13.262687 0.007990
1591949522.561518 13.263099 0.007961
1591949522.627518 13.263125 0.007983
1591949522.693518 13.263078 0.007987
1591949522.759518 13.263287 0.007988
1591949522.825519 13.263754 0.007976
1591949522.891519 13.263245 0.007970
1591949522.957519 13.263032 0.007982
1591949523.023519 13.262936 0.007978
1591949523.089519 13.262409 0.007981
1591949523.155519 13.262028 0.007977
1591949523.221519 13.263183 0.007973
1591949523.287519 13.263042 0.007985
1591949523.353520 13.262592 0.007984
1591949523.419520 13.262518 0.007979
1591949523.485520 13.262450 0.007982
1591949523.551520 13.262455 0.007978
1591949523.617520 13.262556 0.007948
1591949523.683521 13.262292 0.007981
1591949523.749521 13.261966 0.007978
1591949523.848521 13.262513 0.007975
1591949523.947521 13.263213 0.007976
1591949524.013521 13.263752 0.007943
1591949524.079521 13.263480 0.007980
1591949524.145522 13.263077 0.007972
1591949524.211522 13.263198 0.007976
1591949524.277522 13.263132 0.007960
1591949524.343522 13.263379 0.007979
1591949524.409522 13.263096 0.007977
1591949524.475522 13.262500 0.007978
1591949524.541523 13.262089 0.007971
1591949524.607523 13.261671 0.007976
1591949524.673523 13.261286 0.007978
1591949524.739523 13.261677 0.007977
1591949524.805523 13.262759 0.007975
1591949524.871523 13.263175 0.007973
1591949524.937523 13.262817 0.007967
1591949525.003524 13.261913 0.007973
1591949525.069524 13.261967 0.007975
1591949525.135524 13.262013 0.007974
1591949525.201524 13.262574 0.007971
1591949525.267524 13.263133 0.007969
1591949525.333524 13.263608 0.007977
1591949525.399525 13.263648 0.007973
1591949525.465525 13.262418 0.007974
1591949525.531525 13.261295 0.007971
1591949525.597525 13.261659 0.007966
1591949525.663525 13.261342 0.007960
1591949525.729525 13.260864 0.007966
1591949525.828526 13.260667 0.007954
1591949525.927526 13.261287 0.007968
1591949525.993526 13.262002 0.007956
1591949526.092526 13.261974 0.007967
1591949526.158526 13.260782 0.007960
1591949526.224527 13.261105 0.007957
1591949526.290527 13.261788 0.007921
1591949526.356527 13.261366 0.007967
1591949526.422527 13.261633 0.007962
1591949526.488527 13.261415 0.007967
1591949526.554527 13.262073 0.007963
1591949526.620527 13.262446 0.007963
1591949526.686528 13.261390 0.007964
1591949526.752528 13.261891 0.007945
1591949526.851528 13.262771 0.007956
1591949526.950528 13.262883 0.007952
1591949527.016528 13.262007 0.007945
1591949527.082529 13.261315 0.007944
1591949527.148529 13.261640 0.007933
1591949527.214529 13.262220 0.007958
1591949527.280529 13.262232 0.007959
1591949527.346529 13.261618 0.007938
1591949527.412529 13.261474 0.007954
1591949527.511529 13.260222 0.007944
1591949527.577530 13.259362 0.007950
1591949527.643530 13.259548 0.007946
1591949527.742530 13.259905 0.007949
1591949527.841530 13.261682 0.007947
1591949527.940531 13.265218 0.007950
1591949528.006531 13.264048 0.007937
1591949528.072531 13.265444 0.007934
1591949528.138531 13.265569 0.007935
1591949528.204531 13.265699 0.007948
1591949528.270531 13.265128 0.007943
1591949528.369532 13.265844 0.007942
1591949528.468532 13.266581 0.007932
1591949528.567532 13.266060 0.007932
1591949528.633532 13.268193 0.007917
1591949528.699532 13.270228 0.007931
1591949528.765533 13.271341 0.007907
1591949528.831533 13.272616 0.007922
1591949528.897533 13.274431 0.007911
1591949528.963533 13.275584 0.007922
1591949529.062533 13.277350 0.007916
1591949529.161533 13.279775 0.007917
1591949529.227534 13.281842 0.007916
1591949529.326534 13.286417 0.007910
1591949529.392534 13.289115 0.007871
1591949529.491534 13.291688 0.007903
1591949529.557534 13.293826 0.007908
1591949529.656535 13.300056 0.007894
1591949529.722535 13.301161 0.007889
1591949529.788535 13.304330 0.007899
1591949529.887535 13.308152 0.007896
1591949529.953536 13.311545 0.007862
1591949530.019536 13.314687 0.007853
1591949530.085536 13.315728 0.007893
1591949530.151536 13.319331 0.007889
1591949530.217536 13.323975 0.007879
1591949530.283536 13.325774 0.007877
1591949530.349536 13.328259 0.007882
1591949530.415536 13.330569 0.007881
1591949530.481537 13.334199 0.007876
1591949530.547537 13.337111 0.007874
1591949530.613537 13.340836 0.007872
1591949530.679537 13.343166 0.007861
1591949530.745537 13.346149 0.007830
1591949530.811538 13.349214 0.007813
1591949530.877537 13.352070 0.007807
1591949530.943538 13.354913 0.007845
1591949531.009538 13.358791 0.007836
1591949531.075538 13.361295 0.007855
1591949531.141538 13.364175 0.007866
1591949531.207538 13.367342 0.007869
1591949531.273539 13.370563 0.007861
1591949531.339539 13.372866 0.007868
1591949531.405539 13.374828 0.007869
1591949531.471539 13.378506 0.007833
1591949531.537539 13.381660 0.007847
1591949531.603539 13.383786 0.007861
1591949531.702539 13.386822 0.007860
1591949531.801540 13.389634 0.007836
1591949531.900540 13.391656 0.007838
1591949531.999540 13.393002 0.007833
1591949532.098541 13.394515 0.007861
1591949532.197541 13.396825 0.007838
1591949532.296541 13.397387 0.007841
1591949532.395541 13.398513 0.007856
1591949532.494541 13.398968 0.007844
1591949532.593542 13.399286 0.007863
1591949532.692542 13.399618 0.007822
1591949532.791542 13.399714 0.007846
1591949532.890542 13.398620 0.007839
1591949532.989543 13.398417 0.007838
1591949533.088543 13.398047 0.007833
1591949533.187543 13.398088 0.007828
1591949533.286543 13.397670 0.007850
1591949533.385543 13.397350 0.007857
1591949533.484544 13.396252 0.007845
1591949533.583544 13.395953 0.007852
1591949533.682544 13.394849 0.007855
1591949533.781544 13.393975 0.007843
1591949533.880545 13.393174 0.007853
1591949533.979545 13.393119 0.007845
1591949534.078545 13.392265 0.007857
1591949534.177546 13.391496 0.007841
1591949534.243546 13.390748 0.007835
1591949534.309546 13.390361 0.007853
1591949534.375546 13.389912 0.007850
1591949534.441546 13.389384 0.007853
1591949534.507546 13.388704 0.007853
1591949534.573546 13.388341 0.007853
1591949534.639546 13.387947 0.007843
1591949534.705546 13.387480 0.007844
1591949534.771547 13.387051 0.007854
1591949534.837547 13.386568 0.007853
1591949534.903547 13.386360 0.007850
1591949534.969547 13.386053 0.007851
1591949535.035547 13.385763 0.007841
1591949535.101547 13.385168 0.007840
1591949535.167548 13.384912 0.007850
1591949535.233548 13.384587 0.007844
1591949535.299548 13.384274 0.007850
1591949535.365548 13.383749 0.007850
1591949535.431548 13.383752 0.007837
1591949535.497549 13.383683 0.007835
1591949535.563549 13.383371 0.007844
1591949535.629549 13.382988 0.007834
1591949535.695549 13.382888 0.007841
1591949535.761549 13.382389 0.007842
1591949535.827549 13.382444 0.007845
1591949535.893549 13.382205 0.007844
1591949535.959550 13.382441 0.007846
1591949536.025550 13.382515 0.007837
1591949536.124550 13.382500 0.007847
1591949536.223550 13.383212 0.007834
1591949536.289550 13.383321 0.007845
1591949536.355551 13.383338 0.007844
1591949536.454551 13.382729 0.007845
1591949536.553551 13.382642 0.007844
1591949536.652551 13.382816 0.007841
1591949536.751551 13.382492 0.007842
1591949536.850552 13.382294 0.007840
1591949536.949552 13.382181 0.007841
1591949537.048552 13.382201 0.007825
1591949537.147552 13.382063 0.007841
1591949537.246552 13.381650 0.007832
1591949537.378553 13.381498 0.007831
1591949537.477553 13.380885 0.007818
1591949537.576553 13.380727 0.007835
1591949537.675554 13.381352 0.007841
1591949537.774554 13.381812 0.007822
1591949537.873554 13.381714 0.007837
1591949537.972554 13.381213 0.007816
1591949538.071555 13.381163 0.007823
1591949538.170555 13.380314 0.007836
1591949538.269555 13.379851 0.007833
1591949538.368555 13.380831 0.007829
1591949538.467555 13.379600 0.007828
1591949538.566556 13.379573 0.007799
1591949538.665556 13.379351 0.007833
1591949538.764556 13.379800 0.007822
1591949538.896556 13.379871 0.007833
1591949538.995557 13.380072 0.007836
1591949539.094557 13.380252 0.007832
1591949539.193557 13.380630 0.007834
1591949539.325557 13.380394 0.007836
1591949539.424558 13.379883 0.007814
1591949539.523558 13.379224 0.007833
1591949539.622558 13.379859 0.007824
1591949539.721558 13.379776 0.007834
1591949539.820559 13.379716 0.007822
1591949539.919559 13.379362 0.007800
1591949540.018559 13.379501 0.007828
1591949540.117559 13.379762 0.007832
1591949540.216560 13.380441 0.007828
1591949540.315560 13.380401 0.007829
1591949540.414560 13.380514 0.007830
1591949540.513560 13.380674 0.007828
1591949540.612560 13.380999 0.007818
1591949540.711561 13.381319 0.007832
1591949540.777561 13.382056 0.007831
1591949540.876561 13.383375 0.007829
1591949540.975561 13.385139 0.007815
1591949541.074562 13.386437 0.007819
1591949541.173562 13.388643 0.007821
1591949541.272562 13.390551 0.007810
1591949541.371562 13.392654 0.007816
1591949541.470562 13.394586 0.007809
1591949541.569563 13.396771 0.007822
1591949541.668563 13.398193 0.007823
1591949541.734563 13.399760 0.007809
1591949541.833563 13.402191 0.007810
1591949541.932564 13.403769 0.007828
1591949542.031564 13.405817 0.007810
1591949542.130564 13.408998 0.007822
1591949542.196564 13.410416 0.007783
1591949542.295565 13.412485 0.007821
1591949542.394565 13.415327 0.007813
1591949542.460565 13.416450 0.007806
1591949542.559565 13.418597 0.007821
1591949542.658565 13.421375 0.007812
1591949542.757565 13.423372 0.007817
1591949542.856566 13.425740 0.007819
1591949542.955566 13.428316 0.007823
1591949543.054566 13.429694 0.007806
1591949543.153566 13.430522 0.007823
1591949543.252567 13.431976 0.007817
1591949543.351567 13.434111 0.007770
1591949543.417567 13.435314 0.007717
1591949543.516567 13.436145 0.007738
1591949543.615568 13.436781 0.007808
1591949543.714568 13.437667 0.007775
1591949543.813568 13.438609 0.007814
1591949543.912568 13.438618 0.007818
1591949544.011569 13.438425 0.007816
1591949544.110569 13.438805 0.007810
1591949544.209569 13.438639 0.007815
1591949544.308569 13.438441 0.007814
1591949544.374569 13.438286 0.007810
1591949544.440570 13.438261 0.007808
1591949544.506570 13.438033 0.007812
1591949544.572570 13.438119 0.007813
1591949544.638570 13.437704 0.007810
1591949544.737570 13.437491 0.007810
1591949544.803571 13.437564 0.007791
1591949544.869570 13.436632 0.007806
1591949544.935571 13.436314 0.007794
1591949545.034571 13.436050 0.007803
1591949545.100571 13.436090 0.007797
1591949545.166571 13.435760 0.007794
1591949545.265572 13.435226 0.007804
1591949545.331572 13.434682 0.007804
1591949545.430572 13.433837 0.007771
1591949545.529572 13.433848 0.007800
1591949545.628572 13.433229 0.007801
1591949545.727572 13.432751 0.007790
1591949545.826573 13.432890 0.007794
1591949545.925573 13.432483 0.007785
1591949546.024573 13.431959 0.007788
1591949546.123574 13.431528 0.007770
1591949546.222574 13.431046 0.007799
1591949546.288574 13.430842 0.007782
1591949546.387574 13.430387 0.007791
1591949546.486575 13.430105 0.007796
1591949546.618575 13.429527 0.007798
1591949546.717575 13.429052 0.007789
1591949546.783575 13.429038 0.007789
1591949546.849575 13.428753 0.007797
1591949546.948575 13.428886 0.007786
1591949547.014576 13.428645 0.007749
1591949547.113576 13.428082 0.007790
1591949547.212576 13.427863 0.007765
1591949547.311576 13.428168 0.007791
1591949547.410577 13.427535 0.007794
1591949547.509577 13.427567 0.007772
1591949547.575577 13.427785 0.007788
1591949547.641577 13.428068 0.007760
1591949547.740577 13.428420 0.007691
1591949547.839578 13.428414 0.007785
1591949547.938578 13.428580 0.007781
1591949548.037578 13.428298 0.007781
1591949548.136578 13.428371 0.007786
1591949548.235579 13.427380 0.007779
1591949548.334579 13.427514 0.007766
1591949548.433579 13.427885 0.007778
1591949548.532579 13.427730 0.007775
1591949548.631579 13.426749 0.007768
1591949548.730580 13.426822 0.007784
1591949548.829580 13.426833 0.007781
1591949548.928580 13.426851 0.007783
1591949549.027580 13.426361 0.007762
1591949549.126581 13.426241 0.007771
1591949549.225581 13.426399 0.007769
1591949549.324581 13.427029 0.007771
1591949549.423581 13.426941 0.007769
1591949549.522582 13.427341 0.007777
1591949549.621582 13.427199 0.007779
1591949549.687582 13.427672 0.007773
1591949549.753582 13.427308 0.007744
1591949549.819582 13.427160 0.007724
1591949549.885582 13.427476 0.007778
1591949549.951583 13.428224 0.007775
1591949550.017583 13.428301 0.007777
1591949550.083583 13.428036 0.007776
1591949550.149583 13.429003 0.007776
1591949550.215583 13.429302 0.007779
1591949550.281583 13.429451 0.007774
1591949550.347584 13.429289 0.007756
1591949550.413584 13.429604 0.007771
1591949550.479584 13.429454 0.007773
1591949550.545584 13.429513 0.007775
1591949550.611584 13.429597 0.007769
1591949550.677584 13.429427 0.007778
1591949550.743584 13.429178 0.007724
1591949550.809585 13.429767 0.007775
1591949550.908585 13.429605 0.007775
1591949551.007585 13.429641 0.007771
1591949551.106585 13.430206 0.007770
1591949551.205586 13.430216 0.007769
1591949551.304586 13.429298 0.007763
1591949551.403586 13.429179 0.007763
1591949551.502586 13.428874 0.007747
1591949551.601586 13.428507 0.007766
1591949551.700587 13.428128 0.007716
1591949551.799587 13.428838 0.007755
1591949551.898587 13.429435 0.007752
1591949551.997587 13.430191 0.007759
1591949552.096588 13.430772 0.007715
1591949552.195588 13.431012 0.007710
1591949552.294588 13.431591 0.007764
1591949552.426588 13.430953 0.007736
1591949552.558589 13.430479 0.007710
1591949552.657589 13.430040 0.007743
1591949552.789589 13.430692 0.007751
1591949552.888590 13.431043 0.007735
1591949552.987590 13.430925 0.007733
1591949553.086590 13.430869 0.007754
1591949553.185590 13.433669 0.007744
1591949553.284590 13.435295 0.007757
1591949553.383591 13.435941 0.007747
1591949553.449591 13.436636 0.007730
1591949553.548591 13.437622 0.007750
1591949553.647591 13.438267 0.007766
1591949553.746592 13.441294 0.007733
1591949553.812592 13.441180 0.007734
1591949553.911592 13.441237 0.007761
1591949554.010592 13.441829 0.007745
1591949554.109592 13.442264 0.007700
1591949554.241593 13.445049 0.007703
1591949554.340593 13.445221 0.007679
1591949554.439593 13.445653 0.007708
1591949554.538593 13.445880 0.007551
1591949554.637594 13.446977 0.007714
1591949554.736594 13.447628 0.007722
1591949554.835594 13.447717 0.007656
1591949554.901594 13.448240 0.007745
1591949554.967594 13.449364 0.007743
1591949555.033595 13.449333 0.007738
1591949555.099595 13.450065 0.007750
1591949555.165595 13.450412 0.007758
1591949555.231595 13.449835 0.007748
1591949555.297595 13.449141 0.007764
1591949555.363595 13.448976 0.007762
1591949555.429596 13.448545 0.007760
1591949555.495596 13.448335 0.007739
1591949555.561596 13.448630 0.007743
1591949555.627596 13.448335 0.007726
1591949555.726596 13.447466 0.007759
1591949555.825596 13.447153 0.007734
1591949555.924597 13.447288 0.007688
1591949556.023597 13.446891 0.007712
1591949556.122597 13.447176 0.007743
1591949556.188597 13.446907 0.007760
1591949556.254597 13.446835 0.007761
1591949556.353598 13.445383 0.007696
1591949556.419598 13.444940 0.007747
1591949556.518598 13.443873 0.007704
1591949556.617598 13.444565 0.007762
1591949556.716599 13.444632 0.007767
1591949556.782599 13.443727 0.007764
1591949556.848599 13.443353 0.007737
1591949556.914599 13.442643 0.007759
1591949556.980599 13.442387 0.007748
1591949557.046599 13.441426 0.007756
1591949557.112600 13.440881 0.007747
1591949557.178600 13.440635 0.007743
1591949557.244600 13.440338 0.007751
1591949557.310600 13.439569 0.007740
1591949557.376600 13.439110 0.007753
1591949557.442600 13.437910 0.007737
1591949557.508600 13.437525 0.007718
1591949557.574601 13.437120 0.007762
1591949557.640601 13.436915 0.007762
1591949557.706601 13.436128 0.007757
1591949557.772601 13.435518 0.007764
1591949557.838601 13.435265 0.007755
1591949557.904601 13.434936 0.007719
1591949557.970602 13.434589 0.007740
1591949558.036602 13.434126 0.007763
1591949558.102602 13.433983 0.007762
1591949558.168602 13.433083 0.007741
1591949558.234602 13.432075 0.007732
1591949558.300602 13.431209 0.007761
1591949558.366602 13.430574 0.007764
1591949558.432603 13.429892 0.007755
1591949558.498603 13.429632 0.007749
1591949558.564603 13.429277 0.007745
1591949558.630603 13.429088 0.007729
1591949558.696603 13.428485 0.007741
1591949558.762604 13.428320 0.007750
1591949558.828604 13.427824 0.007763
1591949558.894604 13.427384 0.007747
1591949558.960604 13.427099 0.007751
1591949559.026604 13.426163 0.007746
1591949559.092604 13.426165 0.007745
1591949559.158604 13.425845 0.007710
1591949559.224604 13.425264 0.007747
1591949559.290605 13.425004 0.007743
1591949559.356605 13.424652 0.007760
1591949559.422605 13.424301 0.007764
1591949559.488605 13.423920 0.007722
1591949559.554605 13.423761 0.007760
1591949559.620605 13.423222 0.007694
1591949559.686605 13.422560 0.007724
1591949559.752606 13.422318 0.007748
1591949559.818606 13.421816 0.007757
1591949559.884606 13.421382 0.007744
1591949559.950606 13.421176 0.007764
1591949560.016607 13.420394 0.007742
1591949560.082607 13.419971 0.007758
1591949560.148607 13.419475 0.007753
1591949560.247607 13.418728 0.007762
1591949560.346607 13.418376 0.007721
1591949560.445607 13.418337 0.007748
1591949560.511608 13.417878 0.007760
1591949560.577608 13.417454 0.007756
1591949560.643608 13.416814 0.007755
1591949560.742608 13.416584 0.007754
1591949560.808608 13.416356 0.007738
1591949560.907609 13.416084 0.007734
1591949561.006609 13.415149 0.007764
1591949561.105609 13.414843 0.007739
1591949561.204609 13.413980 0.007751
1591949561.270609 13.413056 0.007741
1591949561.369610 13.413023 0.007761
1591949561.468610 13.412386 0.007762
1591949561.567610 13.411973 0.007762
1591949561.666610 13.411405 0.007723
1591949561.765610 13.410992 0.007722
1591949561.864611 13.411087 0.007763
1591949561.963611 13.410577 0.007734
1591949562.062611 13.410109 0.007726
1591949562.161612 13.410488 0.007752
1591949562.293612 13.409631 0.007762
1591949562.392612 13.408957 0.007755
1591949562.491612 13.407888 0.007723
1591949562.623613 13.405041 0.007760
1591949562.755613 13.404819 0.007751
1591949562.887613 13.405240 0.007750
1591949563.052614 13.404483 0.007750
1591949563.184614 13.405191 0.007761
1591949563.316614 13.406068 0.007752
1591949563.448615 13.407022 0.007749
1591949563.613615 13.406469 0.007741
1591949563.745615 13.405271 0.007700
1591949563.877616 13.405176 0.007754
1591949564.009616 13.404152 0.007693
1591949564.174616 13.403157 0.007719
1591949564.339617 13.403013 0.007736
1591949564.471617 13.402128 0.007728
1591949564.603617 13.400285 0.007681
1591949564.735618 13.399446 0.007712
1591949564.867618 13.399591 0.007654
1591949564.999618 13.400001 0.007689
1591949565.131618 13.399347 0.007679
1591949565.263619 13.399614 0.007751
1591949565.362619 13.398989 0.007616
1591949565.461619 13.398239 0.007746
1591949565.560620 13.397737 0.007730
1591949565.659620 13.397118 0.007657
1591949565.758620 13.395857 0.007663
1591949565.857620 13.396175 0.007727
1591949565.956620 13.396023 0.007748
1591949566.055621 13.395643 0.007736
1591949566.154621 13.395339 0.007726
1591949566.253621 13.395148 0.007732
1591949566.352622 13.395219 0.007708
1591949566.451622 13.395642 0.007750
1591949566.550622 13.395915 0.007720
1591949566.649622 13.396451 0.007753
1591949566.748623 13.396523 0.007753
1591949566.880623 13.397378 0.007749
1591949567.012623 13.397404 0.007750
1591949567.144623 13.397421 0.007719
1591949567.276624 13.397735 0.007732
1591949567.408624 13.397938 0.007739
1591949567.540624 13.398299 0.007717
1591949567.672625 13.398614 0.007708
1591949567.804625 13.398893 0.007726
1591949567.936625 13.399090 0.007728
1591949568.068626 13.399905 0.007748
1591949568.167626 13.399997 0.007705
1591949568.266626 13.400525 0.007634
1591949568.365626 13.400192 0.007719
1591949568.497627 13.400606 0.007634
1591949568.596627 13.400426 0.007663
1591949568.728627 13.400228 0.007738
1591949568.827627 13.400468 0.007677
1591949568.959628 13.400427 0.007739
1591949569.091628 13.400020 0.007681
1591949569.223628 13.400255 0.007720
1591949569.322628 13.400608 0.007697
1591949569.421629 13.400450 0.007663
1591949569.553629 13.400462 0.007738
1591949569.685629 13.400179 0.007722
1591949569.784630 13.400017 0.007591
1591949569.883630 13.400099 0.007744
1591949569.982630 13.399816 0.007732
1591949570.081630 13.399360 0.007742
1591949570.180630 13.399195 0.007746
1591949570.279631 13.399058 0.007740
1591949570.378631 13.399091 0.007643
1591949570.477631 13.398844 0.007736
1591949570.576632 13.398864 0.007709
1591949570.708632 13.398810 0.007723
1591949570.840632 13.398717 0.007696
1591949570.972633 13.398768 0.007716
1591949571.104633 13.398791 0.007696
1591949571.236633 13.398764 0.007729
1591949571.401634 13.398834 0.007736
1591949571.533634 13.398622 0.007739
1591949571.698634 13.398486 0.007724
1591949571.863635 13.398725 0.007742
1591949572.061635 13.399019 0.007744
1591949572.259635 13.399351 0.007721
1591949572.523636 13.400157 0.007727
1591949572.787637 13.400504 0.007729
1591949573.150638 13.400663 0.007743
1591949573.612639 13.401520 0.007743
1591949574.338640 13.402977 0.007738
1591949575.064642 13.403341 0.007744
1591949575.394643 13.402844 0.007741
1591949575.658643 13.402733 0.007743
1591949575.955644 13.402648 0.007740
1591949576.153645 13.402374 0.007727
1591949576.252645 13.402000 0.007732
1591949576.417645 13.401899 0.007740
1591949576.549646 13.401628 0.007738
1591949576.846646 13.401281 0.007721
1591949577.110647 13.401158 0.007726
1591949577.341647 13.400845 0.007733
1591949577.539648 13.400364 0.007734
1591949577.737648 13.400338 0.007733
1591949577.902649 13.400154 0.007735
1591949578.067649 13.400132 0.007725
1591949578.199650 13.399943 0.007738
1591949578.331650 13.399911 0.007733
1591949578.496650 13.399649 0.007738
1591949578.661651 13.399665 0.007737
1591949578.793651 13.399934 0.007662
1591949578.925651 13.399626 0.007729
1591949579.057652 13.399833 0.007737
1591949579.189652 13.399954 0.007735
1591949579.321652 13.399892 0.007728
1591949579.420652 13.399313 0.007715
1591949579.519653 13.399314 0.007735
1591949579.618653 13.399208 0.007720
1591949579.717653 13.398949 0.007711
1591949579.816653 13.398842 0.007721
1591949579.915654 13.399085 0.007641
1591949580.014654 13.399047 0.007720
1591949580.146654 13.398874 0.007729
1591949580.278655 13.398642 0.007727
1591949580.410655 13.399160 0.007724
1591949580.542655 13.398645 0.007728
1591949580.674655 13.398578 0.007700
1591949580.773656 13.398901 0.007681
1591949580.872656 13.398981 0.007697
1591949580.971656 13.399175 0.007733
1591949581.070656 13.399747 0.007677
1591949581.169657 13.399315 0.007726
1591949581.268657 13.399218 0.007699
1591949581.367657 13.399099 0.007730
1591949581.499657 13.399042 0.007731
1591949581.598658 13.399064 0.007673
1591949581.697658 13.398516 0.007725
1591949581.796658 13.398719 0.007686
1591949581.895658 13.398912 0.007730
1591949581.994658 13.398832 0.007697
1591949582.093659 13.399188 0.007715
1591949582.192659 13.399484 0.007729
1591949582.291659 13.399309 0.007635
1591949582.390659 13.399247 0.007725
1591949582.489660 13.399055 0.007710
1591949582.588660 13.398952 0.007719
1591949582.687660 13.399013 0.007641
1591949582.786660 13.398900 0.007686
1591949582.885661 13.398839 0.007690
1591949582.984661 13.398774 0.007679
1591949583.083661 13.398489 0.007702
1591949583.182661 13.398382 0.007621
1591949583.281662 13.398508 0.007682
1591949583.380662 13.398478 0.007722
1591949583.479662 13.398608 0.007720
1591949583.578662 13.398496 0.007723
1591949583.677662 13.398680 0.007689
1591949583.776663 13.398432 0.007721
1591949583.875663 13.398369 0.007715
1591949583.941663 13.398296 0.007714
1591949584.007663 13.397976 0.007713
1591949584.073663 13.397982 0.007702
1591949584.139664 13.398314 0.007711
1591949584.205664 13.398306 0.007712
1591949584.271664 13.398354 0.007710
1591949584.337664 13.398153 0.007720
1591949584.403664 13.398200 0.007666
1591949584.469664 13.398152 0.007704
1591949584.535664 13.398040 0.007689
1591949584.634665 13.398094 0.007720
1591949584.733665 13.398029 0.007718
1591949584.832665 13.397795 0.007722
1591949584.898665 13.397534 0.007727
1591949584.964666 13.397604 0.007678
1591949585.063666 13.397425 0.007716
1591949585.162666 13.397197 0.007727
1591949585.261666 13.397165 0.007725
1591949585.360666 13.397200 0.007704
1591949585.426666 13.397307 0.007613
1591949585.492667 13.397225 0.007663
1591949585.558667 13.397028 0.007668
1591949585.624667 13.396893 0.007710
1591949585.690667 13.396771 0.007636
1591949585.756667 13.396780 0.007727
1591949585.822668 13.396611 0.007695
1591949585.888668 13.396598 0.007712
1591949585.954668 13.396531 0.007667
1591949586.020668 13.396425 0.007725
1591949586.086668 13.396347 0.007669
1591949586.152668 13.396241 0.007704
1591949586.251668 13.396082 0.007726
1591949586.350669 13.396001 0.007728
1591949586.416669 13.395993 0.007710
1591949586.482669 13.395898 0.007726
1591949586.581669 13.395850 0.007724
1591949586.680670 13.395850 0.007705
1591949586.779670 13.395741 0.007696
1591949586.845670 13.395518 0.007715
1591949586.911670 13.395490 0.007684
1591949586.977670 13.395429 0.007696
1591949587.043670 13.395285 0.007731
1591949587.109671 13.395476 0.007682
1591949587.175671 13.395501 0.007680
1591949587.241671 13.395662 0.007708
1591949587.307671 13.395603 0.007631
1591949587.373672 13.395597 0.007729
1591949587.472672 13.395421 0.007723
1591949587.571672 13.395295 0.007722
1591949587.670672 13.395418 0.007708
1591949587.769672 13.395320 0.007729
1591949587.868673 13.395414 0.007664
1591949587.967673 13.395456 0.007600
1591949588.066673 13.395319 0.007724
1591949588.132673 13.395303 0.007658
1591949588.198673 13.395304 0.007650
1591949588.264673 13.395454 0.007666
1591949588.330674 13.395279 0.007729
1591949588.429674 13.395597 0.007714
1591949588.528674 13.395607 0.007663
1591949588.627674 13.395878 0.007631
1591949588.726674 13.395492 0.007707
1591949588.825675 13.395711 0.007711
1591949588.924675 13.396255 0.007634
1591949589.023675 13.396253 0.007710
1591949589.122675 13.396609 0.007515
1591949589.221676 13.397032 0.007645
1591949589.320676 13.397463 0.007625
1591949589.419676 13.397494 0.007603
1591949589.518677 13.397697 0.007663
1591949589.617676 13.398270 0.007672
1591949589.683677 13.398347 0.007711
1591949589.749677 13.398019 0.007630
1591949589.815677 13.398285 0.007704
1591949589.881677 13.398679 0.007694
1591949589.947677 13.398321 0.007727
1591949590.013678 13.398468 0.007639
1591949590.112678 13.398630 0.007728
1591949590.178678 13.398696 0.007712
1591949590.244678 13.398640 0.007692
1591949590.343678 13.398780 0.007725
1591949590.409679 13.398930 0.007648
1591949590.475679 13.398932 0.007593
1591949590.541679 13.398825 0.007695
1591949590.607679 13.398733 0.007716
1591949590.706679 13.398744 0.007714
1591949590.805679 13.398925 0.007713
1591949590.937680 13.398573 0.007691
1591949591.069680 13.398659 0.007686
1591949591.168680 13.398919 0.007708
1591949591.267680 13.399073 0.007670
1591949591.366681 13.398993 0.007677
1591949591.465681 13.398880 0.007702
1591949591.564681 13.399018 0.007721
1591949591.663682 13.398754 0.007696
1591949591.762681 13.398581 0.007603
1591949591.861682 13.398084 0.007702
1591949591.960682 13.398078 0.007646
1591949592.059682 13.397801 0.007552
1591949592.125683 13.397401 0.007576
1591949592.191683 13.397218 0.007619
1591949592.257683 13.396869 0.007708
1591949592.323683 13.396850 0.007707
1591949592.389683 13.396965 0.007642
1591949592.455683 13.397100 0.007702
1591949592.521683 13.397260 0.007617
1591949592.587684 13.397647 0.007673
1591949592.653684 13.397713 0.007559
1591949592.719684 13.397794 0.007457
1591949592.785684 13.397836 0.007644
1591949592.884684 13.397879 0.007696
1591949592.950685 13.397819 0.007702
1591949593.049685 13.397807 0.007673
1591949593.148685 13.397633 0.007712
1591949593.214685 13.397852 0.007712
1591949593.280685 13.397833 0.007679
1591949593.379686 13.397724 0.007682
1591949593.478686 13.397618 0.007659
1591949593.544686 13.397840 0.007493
1591949593.610686 13.397272 0.007589
1591949593.676686 13.397211 0.007647
1591949593.742687 13.397130 0.007709
1591949593.808686 13.397069 0.007652
1591949593.874687 13.397048 0.007708
1591949593.940687 13.397070 0.007670
1591949594.039687 13.397042 0.007692
1591949594.138687 13.396865 0.007631
1591949594.237688 13.396856 0.007690
1591949594.336688 13.396625 0.007697
1591949594.435688 13.396484 0.007694
1591949594.501688 13.396447 0.007690
1591949594.600688 13.396405 0.007676
1591949594.666688 13.396533 0.007632
1591949594.765689 13.396462 0.007623
1591949594.864689 13.396345 0.007687
1591949594.963689 13.396615 0.007636
1591949595.029690 13.396432 0.007529
1591949595.128690 13.396206 0.007565
1591949595.194690 13.396245 0.007284
1591949595.260690 13.396517 0.007623
1591949595.359690 13.396770 0.007648
1591949595.425690 13.396730 0.007658
1591949595.491690 13.396602 0.007692
1591949595.557691 13.396717 0.007323
1591949595.623691 13.396819 0.007624
1591949595.689691 13.396785 0.007655
1591949595.788691 13.396727 0.007610
1591949595.854691 13.396663 0.007597
1591949595.920692 13.396463 0.007697
1591949595.986692 13.396405 0.007595
1591949596.052692 13.396326 0.007677
1591949596.118692 13.396436 0.007473
1591949596.184692 13.396478 0.007689
1591949596.250692 13.396531 0.007556
1591949596.349693 13.396418 0.007691
1591949596.448693 13.396363 0.007697
1591949596.547693 13.396424 0.007617
1591949596.613693 13.396559 0.007663
1591949596.712693 13.396648 0.007696
1591949596.811694 13.396489 0.007691
1591949596.943694 13.396558 0.007693
1591949597.042694 13.396587 0.007585
1591949597.141694 13.396588 0.007593
1591949597.240695 13.396493 0.007648
1591949597.339695 13.396460 0.007692
1591949597.438695 13.396409 0.007632
1591949597.537695 13.396503 0.007684
1591949597.636696 13.396853 0.007677
1591949597.735696 13.397114 0.007653
1591949597.834696 13.397688 0.007540
1591949597.933696 13.397890 0.007579
1591949598.032696 13.397920 0.007652
1591949598.131697 13.397816 0.007650
1591949598.230697 13.398057 0.007666
1591949598.362697 13.398274 0.007605
1591949598.494698 13.398503 0.007688
1591949598.626698 13.398400 0.007686
1591949598.758698 13.398379 0.007673
1591949598.857698 13.398382 0.007684
1591949598.956699 13.398624 0.007606
1591949599.055699 13.398306 0.007577
1591949599.154699 13.397934 0.007575
1591949599.253699 13.397576 0.007679
1591949599.352700 13.397181 0.007609
1591949599.451700 13.397261 0.007684
1591949599.550700 13.396997 0.007657
1591949599.649700 13.396559 0.007684
1591949599.748700 13.396655 0.007614
1591949599.847701 13.396490 0.007575
1591949599.979701 13.396094 0.007651
1591949600.078701 13.396264 0.007509
1591949600.210701 13.395863 0.007593
1591949600.309702 13.395356 0.007687
1591949600.441702 13.395058 0.007667
1591949600.540703 13.394597 0.007635
1591949600.639703 13.394389 0.007673
1591949600.738703 13.394357 0.007675
1591949600.837703 13.394240 0.007674
1591949600.936703 13.394206 0.007675
1591949601.035704 13.394027 0.007616
1591949601.134704 13.394390 0.007638
1591949601.233704 13.393577 0.007509
1591949601.332704 13.393506 0.007629
1591949601.431705 13.393363 0.007670
1591949601.530705 13.393554 0.007620
1591949601.629705 13.393283 0.007603
1591949601.728705 13.393023 0.007651
1591949601.794705 13.392703 0.007665
1591949601.860706 13.392429 0.007658
1591949601.959706 13.392356 0.007662
1591949602.058706 13.392118 0.007610
1591949602.157706 13.391887 0.007640
1591949602.256706 13.391591 0.007658
1591949602.355707 13.390891 0.007678
1591949602.454707 13.390512 0.007676
1591949602.553707 13.390195 0.007680
1591949602.652708 13.390187 0.007673
1591949602.751708 13.389707 0.007585
1591949602.850708 13.389420 0.007645
1591949602.949708 13.389095 0.007664
1591949603.048708 13.388795 0.007665
1591949603.147709 13.388623 0.007666
1591949603.246709 13.388548 0.007671
1591949603.345709 13.388179 0.007672
1591949603.444709 13.387767 0.007668
1591949603.543710 13.387559 0.007637
1591949603.642710 13.387304 0.007659
1591949603.741710 13.386933 0.007648
1591949603.840710 13.386950 0.007643
1591949603.939710 13.386599 0.007624
1591949604.038711 13.386384 0.007641
1591949604.137711 13.386134 0.007667
1591949604.236711 13.385928 0.007667
1591949604.335711 13.385792 0.007656
1591949604.434712 13.385663 0.007606
1591949604.533712 13.385363 0.007647
1591949604.599712 13.385273 0.007569
1591949604.698712 13.385111 0.007650
1591949604.764712 13.384988 0.007641
1591949604.830713 13.384886 0.007655
1591949604.896713 13.384751 0.007642
1591949604.962713 13.384642 0.007650
1591949605.028713 13.384541 0.007537
1591949605.094713 13.384457 0.007632
1591949605.160713 13.384514 0.007552
1591949605.226714 13.384213 0.007626
1591949605.325714 13.384328 0.007589
1591949605.424714 13.384289 0.007625
1591949605.523714 13.384058 0.007634
1591949605.589715 13.383972 0.007633
1591949605.688715 13.384113 0.007613
1591949605.787715 13.384014 0.007603
1591949605.853715 13.383920 0.007615
1591949605.952715 13.383838 0.007597
1591949606.018715 13.383739 0.007645
1591949606.084716 13.383672 0.007621
1591949606.150716 13.383574 0.007509
1591949606.216716 13.383680 0.007580
1591949606.282716 13.383859 0.007605
1591949606.348716 13.383757 0.007587
1591949606.414716 13.383646 0.007628
1591949606.513717 13.383739 0.007608
1591949606.579717 13.383531 0.007606
1591949606.645717 13.383468 0.007547
1591949606.711717 13.383449 0.007641
1591949606.777717 13.383539 0.007641
1591949606.843717 13.383442 0.007635
1591949606.942718 13.383362 0.007626
1591949607.041718 13.383488 0.007639
1591949607.107718 13.383434 0.007629
1591949607.173718 13.383212 0.007467
1591949607.239718 13.383456 0.007638
1591949607.305718 13.383616 0.007612
1591949607.371719 13.383468 0.007637
1591949607.470719 13.383411 0.007613
1591949607.536719 13.383338 0.007613
1591949607.602719 13.383442 0.007623
1591949607.668719 13.383470 0.007608
1591949607.767720 13.383349 0.007617
1591949607.866720 13.383373 0.007626
1591949607.965720 13.383125 0.007467
1591949608.064720 13.383058 0.007242
1591949608.163721 13.382903 0.007578
1591949608.262721 13.382758 0.007624
1591949608.361721 13.382770 0.007598
1591949608.460721 13.382652 0.007626
1591949608.559721 13.382420 0.007609
1591949608.658722 13.382209 0.007599
1591949608.757722 13.382177 0.007558
1591949608.823722 13.381989 0.007623
1591949608.922722 13.381971 0.007585
1591949609.021723 13.381862 0.007602
1591949609.087723 13.381733 0.007577
1591949609.186723 13.381807 0.007600
1591949609.252723 13.381483 0.007619
1591949609.318723 13.381401 0.007613
1591949609.384723 13.381309 0.007628
1591949609.450724 13.381405 0.007625
1591949609.516724 13.381274 0.007625
1591949609.582724 13.381159 0.007610
1591949609.648724 13.381091 0.007581
1591949609.714724 13.381003 0.007565
1591949609.780725 13.381035 0.007603
1591949609.846725 13.380955 0.007593
1591949609.912725 13.380701 0.007604
1591949609.978725 13.380412 0.007537
1591949610.077725 13.380786 0.007619
1591949610.176725 13.380781 0.007617
1591949610.275726 13.380334 0.007616
1591949610.407726 13.380278 0.007620
1591949610.539726 13.380362 0.007619
1591949610.638726 13.380211 0.007620
1591949610.737727 13.380440 0.007594
1591949610.836727 13.380220 0.007616
1591949610.935727 13.380205 0.007622
1591949611.034727 13.380262 0.007620
1591949611.133728 13.380191 0.007607
1591949611.199728 13.380172 0.007497
1591949611.265728 13.380242 0.007595
1591949611.331728 13.379923 0.007602
1591949611.397728 13.379944 0.007617
1591949611.463728 13.379956 0.007616
1591949611.529728 13.379831 0.007549
1591949611.595729 13.380300 0.007555
1591949611.661729 13.380234 0.007542
1591949611.727729 13.380422 0.007593
1591949611.793729 13.380211 0.007621
1591949611.859729 13.380179 0.007609
1591949611.925730 13.380032 0.007601
1591949611.991730 13.379948 0.007545
1591949612.090730 13.379973 0.007610
1591949612.156730 13.379979 0.007593
1591949612.255730 13.379874 0.007602
1591949612.354731 13.379883 0.007606
1591949612.453731 13.379887 0.007602
1591949612.552731 13.379914 0.007614
1591949612.651731 13.379778 0.007608
1591949612.750731 13.379710 0.007612
1591949612.849732 13.379692 0.007612
1591949612.948732 13.379428 0.007602
1591949613.047732 13.379373 0.007619
1591949613.146732 13.379513 0.007611
1591949613.245733 13.379571 0.007617
1591949613.344733 13.379545 0.007599
1591949613.443733 13.379434 0.007572
1591949613.542733 13.379523 0.007584
1591949613.641734 13.379473 0.007595
1591949613.740734 13.379392 0.007604
1591949613.839734 13.379143 0.007617
1591949613.938734 13.378770 0.007612
1591949614.037735 13.378664 0.007616
1591949614.136735 13.378403 0.007616
1591949614.235735 13.378144 0.007602
1591949614.334735 13.378134 0.007599
1591949614.433735 13.378142 0.007616
1591949614.532736 13.377672 0.007562
1591949614.631736 13.377817 0.007609
1591949614.730736 13.377987 0.007616
1591949614.829736 13.377465 0.007613
1591949614.928736 13.377039 0.007604
1591949615.027737 13.377149 0.007584
1591949615.126737 13.376816 0.007609
1591949615.192737 13.376786 0.007573
1591949615.258737 13.376782 0.007603
1591949615.324738 13.376464 0.007534
1591949615.390738 13.376531 0.007580
1591949615.489738 13.376189 0.007530
1591949615.588738 13.376015 0.007526
1591949615.687738 13.375971 0.007567
1591949615.786739 13.376237 0.007572
1591949615.885739 13.375719 0.007604
1591949616.017739 13.375314 0.007592
1591949616.149740 13.374922 0.007601
1591949616.281740 13.375058 0.007612
1591949616.380740 13.375302 0.007441
1591949616.512740 13.375064 0.007592
1591949616.611740 13.374767 0.007504
1591949616.710741 13.374800 0.007613
1591949616.809741 13.374960 0.007599
1591949616.941741 13.374397 0.007612
1591949617.073742 13.374156 0.007588
1591949617.205742 13.374226 0.007604
1591949617.337742 13.374457 0.007573
1591949617.469743 13.374262 0.007605
1591949617.601743 13.374238 0.007451
1591949617.733743 13.374191 0.007597
1591949617.865743 13.374300 0.007603
1591949617.964744 13.374613 0.007585
1591949618.096744 13.374608 0.007601
1591949618.195744 13.374482 0.007588
1591949618.327744 13.374618 0.007498
1591949618.459745 13.374063 0.007606
1591949618.591745 13.374024 0.007600
1591949618.723746 13.374407 0.007575
1591949618.855746 13.374334 0.007607
1591949619.020746 13.374163 0.007585
1591949619.185746 13.373845 0.007600
1591949619.350747 13.373575 0.007609
1591949619.515747 13.373532 0.007611
1591949619.647748 13.373580 0.007587
1591949619.812748 13.373522 0.007590
1591949619.944748 13.373806 0.007595
1591949620.109749 13.373802 0.007601
1591949620.274749 13.373594 0.007605
1591949620.439750 13.373776 0.007598
1591949620.604750 13.373804 0.007603
1591949620.769750 13.373483 0.007601
1591949620.934751 13.374055 0.007512
1591949621.099751 13.373722 0.007543
1591949621.264751 13.373547 0.007600
1591949621.429752 13.373939 0.007576
1591949621.594752 13.373817 0.007599
1591949621.792753 13.373782 0.007532
1591949621.957753 13.373539 0.007609
1591949622.122754 13.373431 0.007602
1591949622.287754 13.373497 0.007578
1591949622.452754 13.373459 0.007540
1591949622.617755 13.373430 0.007497
1591949622.782755 13.372889 0.007602
1591949622.980756 13.372723 0.007599
1591949623.178756 13.372978 0.007579
1591949623.343756 13.372845 0.007495
1591949623.508757 13.372714 0.007617
1591949623.673757 13.372921 0.007446
1591949623.838758 13.372927 0.007476
1591949624.003758 13.372681 0.007535
1591949624.201758 13.372500 0.007511
1591949624.399759 13.371871 0.007537
1591949624.597759 13.372153 0.007584
1591949624.762760 13.372215 0.007562
1591949624.927760 13.372422 0.007603
1591949625.092761 13.372301 0.007611
1591949625.257761 13.372386 0.007576
1591949625.455761 13.372115 0.007591
1591949625.620762 13.372065 0.007603
1591949625.818762 13.371778 0.007584
1591949626.016763 13.372004 0.007607
1591949626.181763 13.371954 0.007593
1591949626.379764 13.372211 0.007575
1591949626.544764 13.372215 0.007609
1591949626.742764 13.371824 0.007608
1591949626.940765 13.371595 0.007594
1591949627.105765 13.371647 0.007559
1591949627.303766 13.371600 0.007553
1591949627.501766 13.371312 0.007553
1591949627.666767 13.371389 0.007603
1591949627.864767 13.371470 0.007454
1591949628.029768 13.371500 0.007194
1591949628.194768 13.371565 0.007539
1591949628.359768 13.371525 0.007525
1591949628.524769 13.371560 0.007518
1591949628.689769 13.371367 0.006768
1591949628.854770 13.371130 0.007534
1591949629.019770 13.370745 0.007409
1591949629.184770 13.370287 0.007585
1591949629.382771 13.371044 0.007605
1591949629.580771 13.371776 0.007612
1591949629.745771 13.371551 0.007462
1591949629.910772 13.372012 0.007599
1591949630.075773 13.371908 0.007577
1591949630.240773 13.370915 0.007569
1591949630.405773 13.371377 0.007536
1591949630.603774 13.371131 0.007558
1591949630.801774 13.370845 0.007606
1591949631.032775 13.370403 0.007611
1591949631.263775 13.370332 0.007610
1591949631.461776 13.370064 0.007609
1591949631.659776 13.370190 0.007616
1591949631.857777 13.369946 0.007616
1591949632.055777 13.369998 0.007615
1591949632.253778 13.369433 0.007406
1591949632.451778 13.369759 0.006400
1591949632.649778 13.370801 0.006261
1591949632.847779 13.373205 0.007564
1591949633.045779 13.372716 0.007157
1591949633.210780 13.372119 0.007362
1591949633.408780 13.370598 0.007590
1591949633.606781 13.370451 0.007594
1591949633.804781 13.369597 0.007615
1591949633.969781 13.369234 0.007614
1591949634.134782 13.369352 0.007610
1591949634.299783 13.369469 0.007553
1591949634.464783 13.369387 0.007603
1591949634.596783 13.369304 0.007596
1591949634.728783 13.369477 0.007600
1591949634.794784 13.369846 0.007597
1591949634.959784 13.369646 0.007595
1591949635.091784 13.369475 0.007614
1591949635.223784 13.369365 0.007602
1591949635.355785 13.369281 0.007577
1591949635.487785 13.369337 0.007612
1591949635.619786 13.369306 0.007610
1591949635.751786 13.369150 0.007612
1591949635.916786 13.369159 0.007600
1591949636.081787 13.369313 0.007598
1591949636.246787 13.369858 0.007474
1591949636.378787 13.369760 0.007578
1591949636.510787 13.370168 0.007608
1591949636.642788 13.370025 0.007612
1591949636.774788 13.369748 0.007591
1591949636.906789 13.370021 0.007571
1591949637.038789 13.370053 0.007605
1591949637.170789 13.369750 0.007584
1591949637.302789 13.369605 0.007587
1591949637.434790 13.369384 0.007586
1591949637.566790 13.369716 0.007582
1591949637.698790 13.369740 0.007613
1591949637.830791 13.369749 0.007610
1591949637.995791 13.369648 0.007601
1591949638.160792 13.369683 0.007557
1591949638.325792 13.369611 0.007537
1591949638.457792 13.369879 0.007615
1591949638.589792 13.369793 0.007612
1591949638.721793 13.370237 0.007610
1591949638.853793 13.370132 0.007600
1591949638.985794 13.370280 0.007571
1591949639.117794 13.370220 0.007550
1591949639.249794 13.369774 0.007600
1591949639.381794 13.370505 0.007552
1591949639.513795 13.370448 0.007588
1591949639.645795 13.370685 0.007604
1591949639.777795 13.370467 0.007607
1591949639.942796 13.370258 0.007542
1591949640.107796 13.370232 0.007548
1591949640.239796 13.369970 0.007607
1591949640.371797 13.369939 0.007592
1591949640.503797 13.369930 0.007565
1591949640.635797 13.369770 0.007582
1591949640.734797 13.369727 0.007390
1591949640.866798 13.369625 0.007584
1591949640.998798 13.369508 0.007372
1591949641.097798 13.369606 0.007349
1591949641.196799 13.369559 0.007445
1591949641.295799 13.369383 0.007582
1591949641.394799 13.369296 0.007445
1591949641.493799 13.369200 0.007459
1591949641.592800 13.369222 0.007552
1591949641.691800 13.368932 0.007438
1591949641.823800 13.368511 0.007407
1591949641.922800 13.368534 0.007212
1591949642.054801 13.368454 0.007357
1591949642.186801 13.368627 0.007526
1591949642.318801 13.367932 0.006933
1591949642.450802 13.367501 0.006858
1591949642.582802 13.367437 0.007488
1591949642.714802 13.366699 0.006728
1591949642.846803 13.366319 0.006634
1591949642.978803 13.366272 0.007461
1591949643.110803 13.365970 0.006914
1591949643.209804 13.365536 0.007153
1591949643.308804 13.365383 0.007175
1591949643.440804 13.364875 0.007099
1591949643.572804 13.364427 0.007585
1591949643.704805 13.364413 0.007567
1591949643.803805 13.364322 0.007401
1591949643.935805 13.363299 0.007575
1591949644.067806 13.363152 0.007540
1591949644.199806 13.363014 0.007523
1591949644.331806 13.362490 0.007607
1591949644.463806 13.362300 0.007575
1591949644.595807 13.362236 0.007583
1591949644.760807 13.361275 0.007242
1591949644.925808 13.362623 0.007488
1591949645.057808 13.362967 0.007368
1591949645.156808 13.362640 0.007553
1591949645.288808 13.361830 0.007584
1591949645.387809 13.361798 0.007592
1591949645.519809 13.361541 0.007519
1591949645.651809 13.361719 0.007614
1591949645.783809 13.361358 0.007551
1591949645.915810 13.360978 0.007514
1591949646.047810 13.360942 0.007442
1591949646.179811 13.361195 0.007587
1591949646.311811 13.360795 0.007516
1591949646.443811 13.360596 0.007563
1591949646.608812 13.360161 0.007581
1591949646.740812 13.359803 0.007599
1591949646.905812 13.359214 0.007542
1591949647.037813 13.359765 0.007475
1591949647.169813 13.359954 0.007210
1591949647.301813 13.360796 0.007404
1591949647.433814 13.360816 0.007256
1591949647.565814 13.361049 0.007296
1591949647.697814 13.361351 0.007300
1591949647.829814 13.361500 0.007362
1591949647.961815 13.361306 0.007219
1591949648.093815 13.361813 0.007435
1591949648.225815 13.361757 0.007553
1591949648.390816 13.361061 0.007243
1591949648.555816 13.360747 0.006929
1591949648.720817 13.361574 0.007169
1591949648.885817 13.361943 0.007316
1591949649.050817 13.361418 0.007373
1591949649.215818 13.360188 0.007105
1591949649.380818 13.360388 0.007489
1591949649.578819 13.360196 0.007546
1591949649.776819 13.359361 0.007537
1591949649.941819 13.359481 0.007527
1591949650.139820 13.358625 0.007170
1591949650.271820 13.358233 0.007501
1591949650.403821 13.358107 0.007607
1591949650.535821 13.358249 0.007585
1591949650.667821 13.358135 0.007581
1591949650.799822 13.357993 0.007609
1591949650.964822 13.358121 0.007312
1591949651.129822 13.357943 0.007466
1591949651.294823 13.357550 0.007612
1591949651.492823 13.357001 0.007531
1591949651.624824 13.356714 0.007593
1591949651.789824 13.356886 0.007581
1591949651.954824 13.357177 0.007607
1591949652.152825 13.356895 0.007615
1591949652.317825 13.356841 0.007570
1591949652.482826 13.356432 0.007587
1591949652.647826 13.356176 0.007467
1591949652.845826 13.355234 0.007349
1591949653.043827 13.355142 0.007608
1591949653.241827 13.355136 0.007597
1591949653.439828 13.354268 0.007565
1591949653.637828 13.354854 0.007554
1591949653.835829 13.354138 0.007529
1591949654.033829 13.354584 0.007577
1591949654.231830 13.355474 0.007614
1591949654.429830 13.355323 0.007561
1591949654.594831 13.355674 0.007379
1591949654.759831 13.356494 0.007581
1591949654.924831 13.356614 0.007610
1591949655.089832 13.357006 0.007599
1591949655.254832 13.357074 0.007601
1591949655.452832 13.357399 0.007609
1591949655.617833 13.357352 0.007612
1591949655.815833 13.357479 0.007602
1591949655.980834 13.357448 0.007611
1591949656.145834 13.357491 0.007613
1591949656.310835 13.357348 0.007608
1591949656.475835 13.357487 0.007570
1591949656.640835 13.358000 0.007613
1591949656.838836 13.358181 0.007593
1591949657.036836 13.357966 0.007609
1591949657.234837 13.357793 0.007598
1591949657.432837 13.358055 0.007599
1591949657.630838 13.357884 0.007600
1591949657.795838 13.357743 0.007614
1591949657.927839 13.357920 0.007604
1591949658.059839 13.357761 0.007609
1591949658.158839 13.357849 0.007604
1591949658.290839 13.358067 0.007550
1591949658.422840 13.357591 0.007597
1591949658.587840 13.357508 0.007612
1591949658.719840 13.357313 0.007610
1591949658.851840 13.357029 0.007615
1591949658.983841 13.357139 0.007541
1591949659.115841 13.357023 0.007575
1591949659.247842 13.357195 0.007558
1591949659.379842 13.357286 0.007430
1591949659.511842 13.357220 0.007440
1591949659.643842 13.357574 0.007555
1591949659.775843 13.356719 0.007406
1591949659.907843 13.356525 0.007471
1591949660.039843 13.355890 0.007512
1591949660.171844 13.355527 0.007491
1591949660.303844 13.355877 0.007478
1591949660.468845 13.355452 0.007462
1591949660.633845 13.355769 0.007507
1591949660.765845 13.355881 0.007595
1591949660.864845 13.355591 0.007587
1591949660.996846 13.354965 0.007584
1591949661.128846 13.354738 0.007580
1591949661.293847 13.354050 0.007580
1591949661.425847 13.353633 0.007605
1591949661.557847 13.353218 0.007502
1591949661.689847 13.352463 0.007550
1591949661.821847 13.351555 0.007515
1591949661.953848 13.351111 0.007581
1591949662.085848 13.350486 0.007489
1591949662.217849 13.350103 0.007590
1591949662.349849 13.350386 0.007600
1591949662.481849 13.350130 0.007590
1591949662.613850 13.349586 0.007601
1591949662.745850 13.349298 0.007559
1591949662.877850 13.349340 0.007604
1591949663.009850 13.348762 0.007539
1591949663.141851 13.348836 0.007605
1591949663.273851 13.348304 0.007592
1591949663.405851 13.348201 0.007604
1591949663.537852 13.347987 0.007553
1591949663.636852 13.347437 0.007530
1591949663.735852 13.347115 0.007604
1591949663.834852 13.346854 0.007586
1591949663.933853 13.346517 0.007564
1591949664.032853 13.346268 0.007597
1591949664.131853 13.345906 0.007594
1591949664.230853 13.345314 0.007601
1591949664.329854 13.344929 0.007603
1591949664.428854 13.344568 0.007595
1591949664.527854 13.344434 0.007602
1591949664.626854 13.344004 0.007600
1591949664.758855 13.343608 0.007603
1591949664.890855 13.343214 0.007602
1591949665.022855 13.342647 0.007598
1591949665.154855 13.342331 0.007534
1591949665.286856 13.342087 0.007531
1591949665.418856 13.341793 0.007567
1591949665.550856 13.341673 0.007600
1591949665.649857 13.341321 0.007599
1591949665.748857 13.340803 0.007539
1591949665.847857 13.340304 0.007586
1591949665.979857 13.339742 0.007555
1591949666.078858 13.339042 0.007599
1591949666.210858 13.338175 0.007585
1591949666.375859 13.335510 0.007554
1591949666.540859 13.333504 0.007580
1591949666.705859 13.331893 0.007589
1591949666.837860 13.330776 0.007494
1591949666.969860 13.330201 0.007537
1591949667.101860 13.329739 0.007576
1591949667.200861 13.329109 0.007503
1591949667.299861 13.328440 0.007579
1591949667.398861 13.328406 0.007475
1591949667.497861 13.328168 0.007589
1591949667.596861 13.328197 0.007561
1591949667.695862 13.328363 0.007590
1591949667.794862 13.328179 0.007458
1591949667.893862 13.328073 0.007579
1591949668.025862 13.327471 0.007591
1591949668.124862 13.326539 0.007346
1591949668.223863 13.326514 0.007397
1591949668.322863 13.325546 0.007477
1591949668.421863 13.324849 0.007364
1591949668.520864 13.323987 0.007505
1591949668.619864 13.323309 0.007504
1591949668.718864 13.322606 0.007533
1591949668.817864 13.321915 0.007586
1591949668.916864 13.320981 0.007455
1591949669.015865 13.320708 0.007471
1591949669.114865 13.320267 0.007377
1591949669.213865 13.318679 0.007191
1591949669.312865 13.318819 0.007567
1591949669.411866 13.317272 0.007490
1591949669.510866 13.316094 0.007539
1591949669.609866 13.315603 0.007483
1591949669.708866 13.314800 0.007488
1591949669.807867 13.313831 0.007578
1591949669.939867 13.313513 0.007497
1591949670.038867 13.312831 0.007288
1591949670.137867 13.311908 0.007483
1591949670.236868 13.310698 0.007362
1591949670.335868 13.310721 0.007480
1591949670.434868 13.308706 0.007502
1591949670.533868 13.307638 0.007582
1591949670.632869 13.307384 0.007568
1591949670.731869 13.306937 0.007546
1591949670.830869 13.306534 0.007543
1591949670.929869 13.306707 0.007501
1591949671.028869 13.305173 0.007551
1591949671.127870 13.304279 0.007545
1591949671.259870 13.303768 0.007549
1591949671.358870 13.303290 0.007416
1591949671.457870 13.302865 0.007585
1591949671.589871 13.301853 0.007576
1591949671.688871 13.300579 0.007545
1591949671.820871 13.299084 0.007528
1591949671.919872 13.298161 0.007541
1591949672.018872 13.297267 0.007372
1591949672.117872 13.296834 0.007572
1591949672.216872 13.296010 0.007582
1591949672.315872 13.295882 0.007470
1591949672.414873 13.295107 0.007468
1591949672.513873 13.294505 0.007417
1591949672.612873 13.293773 0.007523
1591949672.711874 13.293294 0.007582
1591949672.810874 13.293393 0.007583
1591949672.909874 13.292896 0.007570
1591949673.008874 13.292755 0.007564
1591949673.107874 13.291304 0.007586
1591949673.206875 13.290445 0.007573
1591949673.305875 13.289459 0.007570
1591949673.437875 13.288187 0.007589
1591949673.569875 13.286665 0.007550
1591949673.668876 13.284744 0.007518
1591949673.767876 13.283274 0.007504
1591949673.899876 13.281927 0.007456
1591949674.031877 13.280846 0.007438
1591949674.163877 13.278663 0.007249
1591949674.262877 13.277689 0.007367
1591949674.361877 13.277034 0.007186
1591949674.460878 13.276430 0.006829
1591949674.592878 13.275096 0.006652
1591949674.724878 13.273226 0.007117
1591949674.856878 13.273042 0.007100
1591949674.988879 13.270077 0.007574
1591949675.120879 13.271498 0.007577
1591949675.252879 13.265922 0.007159
1591949675.417880 13.263279 0.006989
1591949675.615880 13.258149 0.006321
1591949675.780881 13.265859 0.007474
1591949675.945881 13.268496 0.007451
1591949676.110882 13.266986 0.007492
1591949676.275882 13.263335 0.007554
1591949676.440882 13.259222 0.007462
1591949676.605882 13.257053 0.007584
1591949676.737883 13.256941 0.007549
1591949676.869883 13.255006 0.007569
1591949677.001884 13.256101 0.007561
1591949677.166884 13.254854 0.007424
1591949677.331884 13.254906 0.007580
1591949677.496885 13.254955 0.007588
1591949677.661885 13.254996 0.007578
1591949677.793885 13.255027 0.007526
1591949677.958886 13.255016 0.007575
1591949678.090886 13.254845 0.007557
1591949678.255886 13.255395 0.007431
1591949678.387887 13.255520 0.007582
1591949678.519887 13.256195 0.007567
1591949678.651887 13.255687 0.007533
1591949678.783888 13.254987 0.007575
1591949678.882888 13.254799 0.007525
1591949679.014888 13.253750 0.007484
1591949679.113889 13.253024 0.007555
1591949679.212888 13.252735 0.007587
1591949679.344889 13.252314 0.007539
1591949679.443889 13.251695 0.007567
1591949679.542889 13.252226 0.007576
1591949679.641890 13.252551 0.007585
1591949679.740890 13.251321 0.007582
1591949679.839890 13.250702 0.007579
1591949679.938890 13.251423 0.007578
1591949680.037891 13.251231 0.007585
1591949680.136891 13.252000 0.007586
1591949680.235891 13.251806 0.007584
1591949680.334891 13.250767 0.007584
1591949680.433892 13.249977 0.007588
1591949680.499892 13.248937 0.007552
1591949680.598892 13.248568 0.007575
1591949680.697892 13.247317 0.007586
1591949680.829893 13.246927 0.007571
1591949680.928893 13.247983 0.007587
1591949681.027893 13.247640 0.007580
1591949681.126893 13.248130 0.007570
1591949681.225893 13.248654 0.007573
1591949681.324894 13.248711 0.007573
1591949681.423894 13.250671 0.007583
1591949681.522894 13.250444 0.007530
1591949681.621894 13.251434 0.007570
1591949681.720895 13.251402 0.007571
1591949681.819895 13.249681 0.007577
1591949681.918895 13.250923 0.007584
1591949682.017895 13.249960 0.007583
1591949682.116895 13.250204 0.007560
1591949682.182896 13.250699 0.007545
1591949682.248896 13.251433 0.007533
1591949682.314896 13.252970 0.007586
1591949682.380896 13.253336 0.007569
1591949682.446896 13.253117 0.007588
1591949682.545897 13.254097 0.007579
1591949682.644897 13.253467 0.007583
1591949682.743897 13.253169 0.007587
1591949682.842897 13.252597 0.007571
1591949682.941897 13.252632 0.007563
1591949683.007898 13.252219 0.007582
1591949683.073898 13.252156 0.007587
1591949683.139898 13.252062 0.007581
1591949683.205898 13.252066 0.007587
1591949683.271898 13.252689 0.007570
1591949683.370899 13.252099 0.007583
1591949683.469899 13.251862 0.007583
1591949683.568899 13.251693 0.007589
1591949683.634899 13.251848 0.007589
1591949683.700899 13.252137 0.007581
1591949683.766899 13.252277 0.007588
1591949683.832900 13.252016 0.007577
1591949683.898900 13.252166 0.007582
1591949683.997900 13.252049 0.007584
1591949684.096900 13.251613 0.007589
1591949684.195900 13.252138 0.007580
1591949684.294901 13.252745 0.007575
1591949684.393901 13.252631 0.007561
1591949684.492901 13.252059 0.007563
1591949684.591902 13.253616 0.007587
1591949684.657902 13.253722 0.007587
1591949684.756902 13.253751 0.007579
1591949684.855902 13.254187 0.007586
1591949684.954902 13.255332 0.007587
1591949685.053903 13.256014 0.007581
1591949685.152903 13.255501 0.007581
1591949685.251903 13.254339 0.007583
1591949685.350903 13.253754 0.007577
1591949685.449904 13.253716 0.007576
1591949685.515904 13.253372 0.007570
1591949685.581904 13.254674 0.007574
1591949685.647904 13.254991 0.007519
1591949685.713904 13.255567 0.007561
1591949685.779905 13.255947 0.007522
1591949685.845905 13.256707 0.007580
1591949685.911905 13.255443 0.007552
1591949685.977905 13.256451 0.007588
1591949686.043905 13.256558 0.007585
1591949686.142905 13.256182 0.007580
1591949686.241905 13.255799 0.007585
1591949686.340906 13.254192 0.007588
1591949686.439906 13.255137 0.007584
1591949686.571906 13.254424 0.007554
1591949686.670907 13.255553 0.007581
1591949686.802907 13.255775 0.007575
1591949686.901907 13.256375 0.007582
1591949687.000907 13.256077 0.007573
1591949687.132908 13.256673 0.007583
1591949687.231908 13.257689 0.007588
1591949687.363908 13.252763 0.007560
1591949687.495908 13.252389 0.007585
1591949687.627909 13.252260 0.007589
1591949687.759909 13.251896 0.007588
1591949687.924910 13.252060 0.007585
1591949688.089910 13.252575 0.007579
1591949688.287910 13.251262 0.007570
1591949688.518911 13.250693 0.007586
