DelayedMarginalization 0.00175084 1.52535e-06 0.0121076 2092
DelayedMarginalizationOnly 0.000807831 6.98538e-07 0.00885605 2092
EF-marginalizeFrame 0.00222032 1.6557e-06 0.0132772 2092
FullSystem::trackNewCoarse 0.0104025 5.54729e-05 0.0535924 6471
FullSystem::trackNewCoarseNoIMU 0.00255288 1.99196e-06 0.0111828 238
FullSystemOptimize 0.205687 0.00117029 0.488068 2098
GraphUnrolling 0.0380523 0.000170793 0.0637682 6
IMUInitAddPose 4.46523e-05 6.29301e-09 0.0025795 2098
IMUInitOptimize 0.0706534 0.00221821 0.191904 33
IMUIntegration::finishKeyframeOperations 8.25614e-05 4.72376e-09 0.00175087 2060
InitializerFirstFrame 0.0283177 -nan 0.0283177 1
InitializerOtherFrames 0.0244396 0.000183915 0.0773613 93
MainMarginalization 0.00197624 1.55509e-06 0.0123676 2092
MarginalizationReplacementBuildGraph 0.00137681 1.92046e-07 0.00220633 6
MarginalizationReplacementReplaceGraph 0.0395608 0.000201124 0.0640028 5
MarginalizeMainGraph 0.000940971 5.90628e-07 0.0102242 2092
PGBA 0.244617 -nan 0.244617 1
PGBAFull 0.0386465 0.0100645 0.266154 7
PrepareGraphForMainOptimization 0.0381725 0.000171467 0.0639409 6
VisualMarginalization 3.96144e-05 3.90797e-09 0.00168085 2092
activatePointsMT 0.00569387 8.37052e-06 0.0301853 2098
addActiveFrame 0.0898024 0.0118776 0.55866 6803
addIMUData 0.00152619 2.83454e-06 0.0187358 6471
addIMUDataToBA 0.000157933 1.77608e-08 0.00303826 6802
addKeyframeToBA 6.04772e-05 5.85281e-09 0.00249111 2098
afterCoarseTracking 3.81212e-07 1.0258e-12 7.9745e-05 6709
baIteration 0.0341776 7.48529e-05 0.136268 11793
baMatrixInversion 0.000211856 2.96969e-08 0.00537267 11793
baUpdateBuildHessians 0.000832862 8.74448e-07 0.0144875 11793
coarseTrackingIteration 0.000809602 1.8374e-06 0.0155185 70170
computeBAUpdate 0.0011666 9.62536e-07 0.0151881 11793
computeCoarseUpdate 0.000459953 1.15074e-06 0.0127769 68538
computeFactorForCoarseGraphAndMarginalCovariances 0.00294552 1.7005e-06 0.0139801 2060
convertHAndBFromDSO 0.000123345 4.94964e-09 0.002355 20135
debugPlot 1.23299e-07 5.24099e-15 6.51e-07 2098
debugPlotIDepthMap 4.33092e-07 3.74346e-13 2.0618e-05 2098
debugPlotIDepthMapFloat 4.16063e-08 5.81252e-16 3.71e-07 2098
deliverTrackedFrame 0.0768893 0.0117629 0.519032 6710
flagFramesForMarginalization 2.55085e-06 2.72265e-11 0.000204893 2098
fullCoarseTracking 0.0123851 9.12538e-05 0.198908 6709
initObjectsAndMakeImage 0.00140333 2.50895e-07 0.014496 6803
makeKeyframe 0.234808 0.00126409 0.518964 2098
makeKeyframeChangeTrackingRef 0.00236846 3.9329e-07 0.00600817 2098
makeNewTraces 0.00400399 5.8098e-07 0.00790846 2098
makeNonKeyframe 0.00489119 3.16339e-06 0.0252292 4612
marginalizeAndRemovePoints 0.00416009 1.31455e-06 0.00847784 2098
marginalizeFrame 0.00419919 2.27939e-06 0.0145329 2092
marginalizeFrameOverhead 0.00197438 3.05669e-07 0.00778698 2092
marginalizeFrames 0.00420344 2.3375e-06 0.0145583 2098
newFrameAndNewResidualsForOldPoints 0.00118329 1.83532e-07 0.00937137 2098
printBiases 1.57043e-05 2.75797e-09 0.00156299 2098
printEigenValLine 1.62502e-07 2.00674e-15 8.01e-07 2098
printLogLine 0.000200074 1.84622e-07 0.00370783 2098
publishInMakeKeyframe 1.96591e-07 7.14285e-15 8.32e-07 2098
removeOutliers 0.000205361 1.05889e-08 0.00262727 2098
swapTrackingRef 0.000231933 2.10536e-07 0.00626113 2098
timeMeasurement 2.22619e-06 1.00592e-10 0.00076351 6803
traceNewCoarse 0.0044198 2.87927e-06 0.0252142 6710
updateBAValues 1.26173e-05 2.51996e-10 0.00199021 21386
zero 2.57955e-07 7.34617e-12 0.000187991 6803
