1585067811.246926 16.106445 0.661702
1585067811.510927 16.117197 0.511757
1585067811.774928 16.095452 0.426119
1585067812.038928 16.109901 0.353187
1585067812.269929 16.133896 0.309777
1585067812.500929 16.118057 0.272212
1585067812.698930 16.133931 0.243146
1585067812.896930 16.112156 0.221652
1585067813.061930 16.116334 0.206525
1585067813.259931 16.117133 0.187814
1585067813.457932 16.168123 0.168695
1585067813.688932 16.148746 0.153422
1585067813.919933 16.145967 0.139390
1585067814.084933 16.153246 0.130190
1585067814.282933 16.146668 0.121145
1585067814.447934 16.151459 0.115086
1585067814.579934 16.158232 0.111454
1585067814.711935 16.170063 0.107754
1585067814.843935 16.173090 0.104534
1585067814.975935 16.177618 0.101477
1585067815.107935 16.176655 0.099420
1585067815.239936 16.192545 0.096847
1585067815.404936 16.196363 0.093476
1585067815.569937 16.215665 0.091097
1585067815.701937 16.226494 0.089064
1585067815.866937 16.226886 0.086937
1585067816.031938 16.225095 0.085088
1585067816.196938 16.220474 0.083489
1585067816.361938 16.211436 0.082213
1585067816.493939 16.217838 0.081245
1585067816.691939 16.228068 0.079347
1585067816.856940 16.229824 0.077357
1585067817.021940 16.251530 0.076133
1585067817.219940 16.271855 0.074810
1585067817.384941 16.277256 0.073720
1585067817.549941 16.272004 0.072508
1585067817.714942 16.274072 0.070752
1585067817.879942 16.282870 0.069320
1585067818.044942 16.292273 0.067078
1585067818.209943 16.286621 0.065144
1585067818.341943 16.277600 0.064383
1585067818.473943 16.283530 0.063451
1585067818.638944 16.290476 0.061928
1585067818.737944 16.288103 0.060785
1585067818.869944 16.286581 0.059991
1585067819.001945 16.290372 0.059090
1585067819.100945 16.290472 0.058377
1585067819.199945 16.282111 0.057463
1585067819.331945 16.275304 0.056377
1585067819.463946 16.264210 0.055275
1585067819.595946 16.256066 0.054325
1585067819.694946 16.258425 0.054133
1585067819.859947 16.251098 0.053324
1585067819.991947 16.252825 0.052584
1585067820.123947 16.255735 0.051629
1585067820.288948 16.245412 0.050752
1585067820.420948 16.240387 0.049964
1585067820.585948 16.233914 0.049262
1585067820.750949 16.216725 0.048611
1585067820.882949 16.206132 0.048035
1585067821.047950 16.200837 0.047651
1585067821.179950 16.192746 0.047133
1585067821.344950 16.203161 0.046653
1585067821.476951 16.206277 0.046187
1585067821.641951 16.202812 0.045550
1585067821.806952 16.206836 0.045049
1585067821.971952 16.205614 0.044635
1585067822.103952 16.215718 0.044670
1585067822.268953 16.210623 0.044293
1585067822.400953 16.199070 0.043831
1585067822.532953 16.198558 0.043417
1585067822.664953 16.204986 0.043095
1585067822.829954 16.198086 0.042788
1585067822.961954 16.169215 0.042469
1585067823.126955 16.161958 0.042162
1585067823.258955 16.177148 0.042039
1585067823.357955 16.186182 0.041906
1585067823.456955 16.223136 0.041805
1585067823.555955 16.238964 0.041742
1585067823.687956 16.235459 0.041615
1585067823.786956 16.243372 0.041465
1585067823.918956 16.218434 0.041553
1585067824.050957 16.212342 0.041385
1585067824.149957 16.214606 0.041351
1585067824.281957 16.210263 0.041108
1585067824.446958 16.209903 0.040922
1585067824.611958 16.194479 0.040658
1585067824.743958 16.197190 0.040483
1585067824.875959 16.191611 0.040252
1585067825.040959 16.195665 0.040033
1585067825.205959 16.189774 0.039706
1585067825.370960 16.193687 0.039298
1585067825.535960 16.192803 0.039164
1585067825.700960 16.204033 0.038679
1585067825.832961 16.202686 0.038206
1585067825.997961 16.218491 0.037611
1585067826.162962 16.216172 0.036762
1585067826.327962 16.222099 0.035998
1585067826.459962 16.236930 0.035243
1585067826.624963 16.205815 0.034352
1585067826.756963 16.192093 0.033490
1585067826.888963 16.231489 0.032934
1585067827.020964 16.231332 0.032264
1585067827.152964 16.193788 0.031551
1585067827.284964 16.195700 0.030897
1585067827.416965 16.209398 0.030358
1585067827.548965 16.212758 0.030084
1585067827.647965 16.199987 0.029761
1585067827.746965 16.221019 0.029451
1585067827.911966 16.241997 0.028960
1585067828.076966 16.248110 0.028531
1585067828.241966 16.253589 0.028214
1585067828.406967 16.247679 0.027844
1585067828.571968 16.264811 0.027567
1585067828.736968 16.252983 0.027210
1585067828.901968 16.269794 0.026906
1585067829.066969 16.259861 0.026971
1585067829.231969 16.264808 0.026833
1585067829.396970 16.291895 0.026639
1585067829.561970 16.299647 0.026513
1585067829.693970 16.299938 0.026402
1585067829.858971 16.289360 0.026250
1585067829.990971 16.279302 0.026143
1585067830.122971 16.263206 0.026043
1585067830.287971 16.255439 0.025899
1585067830.419972 16.269924 0.025801
1585067830.551972 16.283432 0.025726
1585067830.683972 16.257941 0.025566
1585067830.815973 16.257192 0.025530
1585067830.914973 16.255257 0.025473
1585067831.046973 16.259717 0.025482
1585067831.178973 16.265164 0.025498
1585067831.310974 16.263716 0.025549
1585067831.475974 16.265755 0.025503
1585067831.640975 16.284213 0.025475
1585067831.838975 16.287455 0.025493
1585067832.102976 16.290353 0.025473
1585067832.333976 16.283165 0.025431
1585067832.564977 16.284679 0.025424
1585067832.762977 16.281903 0.025395
1585067832.960978 16.283852 0.025400
1585067833.125978 16.287258 0.025376
1585067833.290979 16.285111 0.025359
1585067833.455979 16.287312 0.025335
1585067833.620979 16.300259 0.025346
1585067833.752980 16.296609 0.025332
1585067833.884980 16.297187 0.025314
1585067834.016980 16.296382 0.025312
1585067834.148980 16.300078 0.025287
1585067834.247981 16.306367 0.025282
1585067834.346981 16.309450 0.025286
1585067834.445981 16.306696 0.025276
1585067834.577981 16.299654 0.025313
1585067834.676982 16.299680 0.025309
1585067834.775982 16.299883 0.025307
1585067834.874982 16.302266 0.025297
1585067835.006983 16.304058 0.025304
1585067835.138983 16.305599 0.025298
1585067835.237983 16.306417 0.025273
1585067835.336983 16.306013 0.025208
1585067835.468984 16.305570 0.025206
1585067835.567984 16.303613 0.025203
1585067835.699984 16.305535 0.025178
1585067835.831985 16.300506 0.025178
1585067835.930985 16.298731 0.025145
1585067836.029985 16.296106 0.025079
1585067836.128985 16.297120 0.024935
1585067836.194985 16.299083 0.025001
1585067836.260986 16.304410 0.024979
1585067836.326986 16.309482 0.025052
1585067836.392986 16.308435 0.025044
1585067836.458986 16.300442 0.025051
1585067836.524986 16.295944 0.025030
1585067836.590986 16.299609 0.025008
1585067836.656987 16.302350 0.025002
1585067836.722986 16.304721 0.024999
1585067836.788987 16.309485 0.024999
1585067836.854987 16.307413 0.025034
1585067836.920987 16.308590 0.025040
1585067837.019987 16.310139 0.025046
1585067837.118988 16.313389 0.025020
1585067837.184988 16.309189 0.025010
1585067837.250988 16.310045 0.024883
1585067837.349988 16.313016 0.024916
1585067837.415988 16.311832 0.024870
1585067837.481989 16.314897 0.024836
1585067837.547989 16.314117 0.024928
1585067837.646989 16.317568 0.024913
1585067837.778989 16.317553 0.024880
1585067837.877989 16.322300 0.024864
1585067837.976990 16.320444 0.024833
1585067838.075990 16.322895 0.024774
1585067838.174990 16.325043 0.024703
1585067838.273990 16.332914 0.024597
1585067838.372991 16.328023 0.024618
1585067838.471991 16.329477 0.024578
1585067838.570991 16.329203 0.024569
1585067838.669991 16.328565 0.024548
1585067838.801992 16.330502 0.024514
1585067838.900992 16.331466 0.024502
1585067838.999992 16.329666 0.024483
1585067839.098992 16.333186 0.024484
1585067839.197993 16.338345 0.024498
1585067839.329993 16.340262 0.024480
1585067839.494993 16.348395 0.024439
1585067839.626994 16.362765 0.024233
1585067839.725994 16.361646 0.024278
1585067839.824994 16.355236 0.024255
1585067839.956994 16.354419 0.024307
1585067840.055995 16.357789 0.024282
1585067840.154995 16.371159 0.024345
1585067840.286995 16.371238 0.024321
1585067840.385995 16.381346 0.024307
1585067840.550996 16.387272 0.024293
1585067840.715996 16.393360 0.024279
1585067840.847996 16.396738 0.024278
1585067841.012997 16.395968 0.024270
1585067841.144997 16.399954 0.024230
1585067841.276998 16.396127 0.024248
1585067841.375998 16.399679 0.024215
1585067841.474998 16.398415 0.024215
1585067841.639998 16.405050 0.024183
1585067841.738998 16.400368 0.023998
1585067841.837999 16.394174 0.024023
1585067842.002999 16.396037 0.024019
1585067842.135000 16.394046 0.024002
1585067842.267000 16.388814 0.023912
1585067842.399000 16.388724 0.023898
1585067842.531001 16.388874 0.023856
1585067842.663001 16.388722 0.023859
1585067842.762001 16.388343 0.023885
1585067842.894001 16.393966 0.023886
1585067843.026002 16.393555 0.023818
1585067843.158002 16.393928 0.023742
1585067843.290002 16.395197 0.023638
1585067843.422003 16.391758 0.023550
1585067843.521003 16.395791 0.023479
1585067843.620003 16.400694 0.023391
1585067843.719003 16.404550 0.023292
1585067843.818003 16.411843 0.023149
1585067843.884004 16.417090 0.023086
1585067843.950004 16.421601 0.023038
1585067844.016004 16.427216 0.022968
1585067844.082004 16.426035 0.022874
1585067844.148004 16.427437 0.022826
1585067844.214005 16.425572 0.022749
1585067844.313005 16.427616 0.022609
1585067844.412005 16.440660 0.022445
1585067844.544005 16.457708 0.022208
1585067844.676006 16.459951 0.021950
1585067844.841006 16.462204 0.021596
1585067845.006006 16.484759 0.021202
1585067845.138006 16.486312 0.020909
1585067845.270007 16.491085 0.020653
1585067845.435007 16.515116 0.020245
1585067845.600008 16.561158 0.019813
1585067845.798008 16.615752 0.019222
1585067845.963008 16.637281 0.018715
1585067846.128009 16.658384 0.018259
1585067846.359010 16.672964 0.017564
1585067846.590010 16.695466 0.016941
1585067846.755011 16.710452 0.016487
1585067846.953011 16.739893 0.016027
1585067847.118011 16.738753 0.015667
1585067847.415012 16.746627 0.015217
1585067847.745013 16.762919 0.014757
1585067848.372014 16.788400 0.014143
1585067857.084035 16.800732 0.014083
1585067883.451097 16.800375 0.014077
1585067883.913099 16.807211 0.014079
1585067884.045099 16.805838 0.014073
1585067884.210099 16.806930 0.014082
1585067884.474100 16.805582 0.014078
1585067884.738101 16.805533 0.014071
1585067884.969101 16.799800 0.014059
1585067885.629103 16.797467 0.014016
1585067886.025104 16.798083 0.013967
1585067886.388104 16.795763 0.013923
1585067886.685105 16.794684 0.013881
1585067887.015106 16.789491 0.013830
1585067887.411107 16.778780 0.013735
1585067887.807108 16.772249 0.013678
1585067888.203109 16.765949 0.013647
1585067888.665110 16.756982 0.013580
1585067888.962111 16.753044 0.013553
1585067889.226111 16.747414 0.013533
1585067889.457112 16.738746 0.013515
1585067889.688112 16.732824 0.013476
1585067889.853113 16.724590 0.013482
1585067890.051113 16.719766 0.013436
1585067890.249114 16.710211 0.013434
1585067890.447114 16.698209 0.013428
1585067890.612114 16.693909 0.013424
1585067890.810115 16.693015 0.013416
1585067891.008115 16.690180 0.013407
1585067891.173116 16.689898 0.013382
1585067891.338116 16.688107 0.013341
1585067891.470116 16.690147 0.013326
1585067891.602117 16.691476 0.013340
1585067891.734117 16.690210 0.013324
1585067891.866117 16.687576 0.013290
1585067891.998118 16.687606 0.013295
1585067892.130118 16.685955 0.013302
1585067892.262118 16.686289 0.013292
1585067892.394119 16.688900 0.013287
1585067892.526119 16.694464 0.013248
1585067892.658119 16.686881 0.013220
1585067892.790120 16.684569 0.013195
1585067892.922120 16.688535 0.013204
1585067893.054120 16.690985 0.013195
1585067893.186121 16.691969 0.013187
1585067893.318121 16.690480 0.013156
1585067893.450121 16.691220 0.013158
1585067893.582121 16.692801 0.013137
1585067893.714122 16.693142 0.013121
1585067893.846122 16.691833 0.013103
1585067893.978122 16.691978 0.013080
1585067894.143123 16.691496 0.013069
1585067894.308123 16.691718 0.013043
1585067894.440124 16.691549 0.013034
1585067894.506124 16.689492 0.012973
1585067894.704124 16.689879 0.013005
1585067894.869125 16.690144 0.012948
1585067895.067125 16.691575 0.012977
1585067895.265126 16.691832 0.012942
1585067895.430126 16.691250 0.012941
1585067895.595126 16.692729 0.012911
1585067895.760127 16.689360 0.012905
1585067895.925127 16.688164 0.012866
1585067896.090127 16.688091 0.012874
1585067896.255128 16.687577 0.012897
1585067896.420128 16.686286 0.012873
1585067896.585129 16.686371 0.012878
1585067896.717129 16.686373 0.012875
1585067896.849129 16.685384 0.012868
1585067897.014130 16.685270 0.012859
1585067897.179130 16.684963 0.012851
1585067897.311130 16.683863 0.012846
1585067897.443131 16.683381 0.012838
1585067897.608131 16.682292 0.012827
1585067897.740131 16.682215 0.012817
1585067897.905132 16.682856 0.012815
1585067898.037132 16.681830 0.012797
1585067898.169132 16.681624 0.012807
1585067898.301133 16.679763 0.012787
1585067898.433133 16.678975 0.012803
1585067898.532133 16.678870 0.012793
1585067898.631134 16.678456 0.012783
1585067898.730134 16.677039 0.012789
1585067898.862134 16.677153 0.012779
1585067898.994134 16.678178 0.012774
1585067899.093135 16.677564 0.012759
1585067899.192135 16.677335 0.012760
1585067899.291135 16.676896 0.012733
1585067899.357135 16.676275 0.012745
1585067899.423136 16.676930 0.012735
1585067899.522135 16.676750 0.012743
1585067899.588136 16.676392 0.012719
1585067899.687136 16.676493 0.012722
1585067899.819136 16.676883 0.012751
1585067899.918137 16.676998 0.012730
1585067900.017137 16.677513 0.012662
1585067900.116137 16.675837 0.012737
1585067900.215137 16.675165 0.012728
1585067900.314138 16.676086 0.012738
1585067900.413138 16.675742 0.012727
1585067900.512138 16.676054 0.012723
1585067900.611138 16.674831 0.012723
1585067900.710138 16.674921 0.012726
1585067900.809139 16.675341 0.012725
1585067900.908139 16.673635 0.012722
1585067901.007139 16.674088 0.012724
1585067901.106139 16.674288 0.012709
1585067901.205140 16.673750 0.012724
1585067901.304140 16.672624 0.012691
1585067901.403140 16.672156 0.012715
1585067901.502141 16.673751 0.012713
1585067901.601140 16.674244 0.012706
1585067901.700141 16.674196 0.012711
1585067901.832141 16.674450 0.012709
1585067901.964141 16.675467 0.012706
1585067902.063142 16.675684 0.012677
1585067902.162142 16.674819 0.012695
1585067902.261142 16.673927 0.012684
1585067902.360142 16.674133 0.012693
1585067902.459143 16.674189 0.012696
1585067902.558143 16.675462 0.012690
1585067902.624143 16.675151 0.012696
1585067902.690143 16.674775 0.012682
1585067902.789143 16.674917 0.012694
1585067902.888144 16.675137 0.012692
1585067902.987144 16.675451 0.012664
1585067903.086144 16.673941 0.012691
1585067903.185144 16.674152 0.012684
1585067903.284145 16.673767 0.012666
1585067903.416145 16.672038 0.012660
1585067903.581145 16.667767 0.012657
1585067903.746145 16.670730 0.012669
1585067903.911146 16.671853 0.012671
1585067904.043146 16.671027 0.012658
1585067904.175147 16.669793 0.012670
1585067904.307147 16.671823 0.012663
1585067904.439147 16.672188 0.012668
1585067904.571147 16.672056 0.012657
1585067904.670148 16.671338 0.012668
1585067904.769148 16.670499 0.012665
1585067904.901148 16.669656 0.012654
1585067905.000149 16.669757 0.012647
1585067905.132149 16.669263 0.012633
1585067905.264149 16.666958 0.012659
1585067905.363150 16.666879 0.012655
1585067905.462150 16.666873 0.012660
1585067905.561150 16.667618 0.012629
1585067905.627150 16.667041 0.012656
1585067905.726151 16.665953 0.012615
1585067905.825150 16.665411 0.012631
1585067905.924151 16.664747 0.012647
1585067906.056151 16.664754 0.012650
1585067906.188152 16.665276 0.012646
1585067906.320152 16.664208 0.012636
1585067906.485152 16.664342 0.012640
1585067906.650152 16.665354 0.012643
1585067906.815153 16.664517 0.012639
1585067906.947153 16.667053 0.012556
1585067907.079154 16.666070 0.012621
1585067907.211154 16.664913 0.012618
1585067907.343154 16.665437 0.012632
1585067907.475154 16.666223 0.012614
1585067907.607155 16.668456 0.012627
1585067907.739155 16.668750 0.012610
1585067907.838155 16.668924 0.012555
1585067907.937155 16.667443 0.012618
1585067908.036156 16.668426 0.012622
1585067908.135156 16.667837 0.012610
1585067908.234156 16.667642 0.012616
1585067908.300156 16.668488 0.012612
1585067908.399157 16.668806 0.012591
1585067908.465157 16.669936 0.012582
1585067908.531157 16.671507 0.012608
1585067908.630157 16.670750 0.012602
1585067908.729157 16.669303 0.012611
1585067908.795157 16.667285 0.012578
1585067908.894158 16.666573 0.012610
1585067908.960158 16.666535 0.012607
1585067909.059158 16.666181 0.012595
1585067909.158159 16.665707 0.012602
1585067909.257159 16.664287 0.012596
1585067909.356159 16.666049 0.012592
1585067909.455159 16.666368 0.012608
1585067909.554159 16.667426 0.012610
1585067909.653160 16.668774 0.012607
1585067909.752160 16.668580 0.012605
1585067909.851160 16.669737 0.012552
1585067909.950160 16.669783 0.012590
1585067910.049161 16.670728 0.012558
1585067910.181161 16.669764 0.012589
1585067910.280161 16.668041 0.012559
1585067910.379161 16.669032 0.012588
1585067910.478162 16.666822 0.012595
1585067910.577162 16.666931 0.012577
1585067910.676162 16.668419 0.012583
1585067910.775162 16.668397 0.012589
1585067910.874163 16.669220 0.012560
1585067910.973163 16.668831 0.012571
1585067911.072163 16.669283 0.012585
1585067911.171163 16.669688 0.012562
1585067911.270164 16.667999 0.012576
1585067911.369164 16.668752 0.012587
1585067911.468164 16.668832 0.012583
1585067911.567164 16.668804 0.012571
1585067911.666164 16.668847 0.012587
1585067911.765165 16.668693 0.012539
1585067911.864165 16.666424 0.012583
1585067911.963165 16.668368 0.012590
1585067912.062165 16.669318 0.012553
1585067912.161165 16.668306 0.012581
1585067912.260166 16.668012 0.012583
1585067912.359166 16.668737 0.012547
1585067912.458166 16.669296 0.012566
1585067912.557167 16.669248 0.012554
1585067912.656167 16.667516 0.012577
1585067912.755167 16.667210 0.012575
1585067912.854167 16.665602 0.012571
1585067912.920167 16.665905 0.012523
1585067913.019168 16.665065 0.012554
1585067913.118168 16.665525 0.012571
1585067913.217168 16.665889 0.012558
1585067913.316169 16.664397 0.012580
1585067913.415169 16.663786 0.012573
1585067913.514169 16.664122 0.012574
1585067913.580169 16.665667 0.012475
1585067913.679169 16.666990 0.012522
1585067913.811170 16.667891 0.012514
1585067913.910170 16.667306 0.012464
1585067914.009170 16.665644 0.012544
1585067914.108170 16.664692 0.012506
1585067914.174170 16.664759 0.012568
1585067914.240171 16.665024 0.012544
1585067914.306171 16.662337 0.012526
1585067914.405171 16.662871 0.012568
1585067914.537171 16.662044 0.012501
1585067914.669172 16.663617 0.012533
1585067914.801172 16.664776 0.012535
1585067914.900172 16.665005 0.012563
1585067915.032172 16.665743 0.012566
1585067915.164173 16.665562 0.012554
1585067915.296173 16.665687 0.012560
1585067915.428174 16.664259 0.012526
1585067915.527174 16.664772 0.012563
1585067915.626174 16.663749 0.012506
1585067915.758174 16.663534 0.012561
1585067915.890174 16.662746 0.012554
1585067916.022175 16.660111 0.012551
1585067916.154175 16.659432 0.012524
1585067916.286175 16.658761 0.012555
1585067916.385176 16.658304 0.012551
1585067916.517176 16.658507 0.012547
1585067916.616176 16.658796 0.012539
1585067916.748177 16.658334 0.012554
1585067916.847177 16.658215 0.012535
1585067916.946177 16.658553 0.012523
1585067917.045177 16.657925 0.012503
1585067917.144177 16.660082 0.012548
1585067917.243178 16.659629 0.012542
1585067917.342178 16.661779 0.012531
1585067917.441178 16.661843 0.012548
1585067917.540179 16.661232 0.012540
1585067917.639179 16.662299 0.012544
1585067917.738179 16.664620 0.012495
1585067917.837179 16.665458 0.012539
1585067917.936179 16.665296 0.012534
1585067918.035180 16.666556 0.012499
1585067918.134180 16.668116 0.012483
1585067918.233180 16.669143 0.012531
1585067918.332180 16.670474 0.012451
1585067918.431180 16.670316 0.012512
1585067918.530181 16.671908 0.012503
1585067918.629181 16.674002 0.012519
1585067918.728181 16.674843 0.012523
1585067918.827182 16.679513 0.012448
1585067918.926182 16.679905 0.012516
1585067918.992182 16.682087 0.012496
1585067919.091182 16.686886 0.012494
1585067919.190182 16.687863 0.012477
1585067919.289183 16.691784 0.012487
1585067919.388183 16.693813 0.012499
1585067919.487183 16.695257 0.012483
1585067919.586183 16.696652 0.012487
1585067919.685184 16.698346 0.012468
1585067919.784184 16.697890 0.012404
1585067919.850184 16.698762 0.012473
1585067919.916184 16.701025 0.012391
1585067919.982184 16.701677 0.012458
1585067920.081185 16.704504 0.012477
1585067920.147185 16.704967 0.012483
1585067920.213185 16.705410 0.012468
1585067920.312185 16.710107 0.012486
1585067920.378185 16.710507 0.012475
1585067920.444185 16.710987 0.012452
1585067920.543185 16.714025 0.012375
1585067920.642186 16.715266 0.012366
1585067920.741186 16.713661 0.012265
1585067920.840186 16.716038 0.012465
1585067920.939186 16.717857 0.012399
1585067921.071187 16.720385 0.012472
1585067921.203187 16.721004 0.012297
1585067921.302187 16.724011 0.012450
1585067921.401187 16.724752 0.012403
1585067921.533188 16.726298 0.012393
1585067921.698188 16.724827 0.012441
1585067921.830189 16.726267 0.012447
1585067921.962189 16.729317 0.012418
1585067922.127189 16.732377 0.012463
1585067922.259190 16.733093 0.012467
1585067922.424190 16.733430 0.012421
1585067922.556190 16.733203 0.012414
1585067922.622190 16.735411 0.012281
1585067922.688190 16.735502 0.012452
1585067922.787191 16.735790 0.012448
1585067922.886191 16.736553 0.012407
1585067923.018191 16.736963 0.012411
1585067923.183192 16.737925 0.012461
1585067923.348192 16.737047 0.012427
1585067923.513192 16.737724 0.012461
1585067923.645193 16.734702 0.012447
1585067923.744193 16.734659 0.012388
1585067923.843193 16.733643 0.012446
1585067923.942194 16.733577 0.012384
1585067924.041194 16.733410 0.012404
1585067924.173194 16.732536 0.012382
1585067924.305194 16.731394 0.012395
1585067924.404195 16.730834 0.012437
1585067924.536195 16.728742 0.012437
1585067924.668195 16.727321 0.012457
1585067924.800196 16.726289 0.012451
1585067924.932196 16.724182 0.012447
1585067925.064196 16.723225 0.012446
1585067925.163196 16.722240 0.012396
1585067925.295197 16.721557 0.012413
1585067925.427197 16.720754 0.012446
1585067925.559197 16.719491 0.012430
1585067925.691198 16.717946 0.012444
1585067925.823198 16.716556 0.012444
1585067925.922198 16.716885 0.012413
1585067926.087198 16.715969 0.012437
1585067926.252199 16.714782 0.012443
1585067926.417199 16.714968 0.012431
1585067926.549200 16.715104 0.012387
1585067926.681200 16.714057 0.012407
1585067926.813200 16.711379 0.012432
1585067926.945201 16.710875 0.012414
1585067927.077201 16.710191 0.012436
1585067927.209201 16.709177 0.012403
1585067927.308202 16.706631 0.012409
1585067927.407202 16.704911 0.012286
1585067927.506202 16.704454 0.012381
1585067927.605202 16.704159 0.012358
1585067927.737202 16.702995 0.012424
1585067927.869203 16.702278 0.012425
1585067928.034203 16.701304 0.012408
1585067928.199203 16.700063 0.012428
1585067928.364204 16.698306 0.012285
1585067928.562204 16.696915 0.012365
1585067928.760205 16.695467 0.012159
1585067928.991205 16.694389 0.012315
1585067929.189206 16.696426 0.012343
1585067929.354206 16.696018 0.012372
1585067929.486207 16.694025 0.012392
1585067929.618207 16.694273 0.012349
1585067929.750207 16.694435 0.012376
1585067929.882207 16.695231 0.012350
1585067930.047208 16.694249 0.012392
1585067930.212208 16.694414 0.012415
1585067930.344209 16.694371 0.012371
1585067930.476209 16.693726 0.012407
1585067930.641209 16.689592 0.012406
1585067930.839210 16.687548 0.012316
1585067930.971210 16.684566 0.012415
1585067931.103210 16.686942 0.012354
1585067931.235211 16.689043 0.012421
1585067931.367211 16.692380 0.012388
1585067931.532212 16.692146 0.012344
1585067931.697212 16.694542 0.012412
1585067931.829212 16.696039 0.012258
1585067931.961213 16.698707 0.012322
1585067932.126213 16.703050 0.012408
1585067932.258213 16.698876 0.012272
1585067932.390214 16.701108 0.012368
1585067932.522214 16.703241 0.012419
1585067932.654214 16.705950 0.012351
1585067932.786215 16.711084 0.012413
1585067932.918215 16.715630 0.012395
1585067933.050215 16.722005 0.011980
1585067933.149215 16.717024 0.012316
1585067933.281216 16.721139 0.012351
1585067933.380216 16.721924 0.012373
1585067933.479216 16.725430 0.012394
1585067933.611216 16.728657 0.012393
1585067933.743217 16.731492 0.012306
1585067933.875217 16.733320 0.012401
1585067933.974217 16.736174 0.012372
1585067934.073218 16.738547 0.012398
1585067934.172218 16.742562 0.012394
1585067934.271218 16.745680 0.012415
1585067934.370218 16.750404 0.012346
1585067934.469218 16.753496 0.012402
1585067934.568219 16.755935 0.012382
1585067934.667219 16.758939 0.012404
1585067934.799219 16.764174 0.012400
1585067934.898220 16.768588 0.012238
1585067935.030220 16.772063 0.012330
1585067935.162220 16.775896 0.012381
1585067935.294220 16.781490 0.012404
1585067935.393221 16.783754 0.012399
1585067935.525221 16.787838 0.012382
1585067935.657221 16.789775 0.012400
1585067935.789222 16.793019 0.012399
1585067935.921222 16.795085 0.012398
1585067936.020222 16.797401 0.012370
1585067936.119223 16.799639 0.012318
1585067936.218223 16.800852 0.012392
1585067936.350223 16.802149 0.012355
1585067936.449224 16.802575 0.012324
1585067936.548223 16.802489 0.012151
1585067936.647224 16.802159 0.012338
1585067936.779224 16.801953 0.012401
1585067936.878224 16.803383 0.012372
1585067936.977224 16.804466 0.012374
1585067937.076225 16.804885 0.012399
1585067937.208225 16.804926 0.012400
1585067937.340225 16.805012 0.012391
1585067937.472226 16.804879 0.012381
1585067937.604226 16.804850 0.012389
1585067937.703226 16.805132 0.012397
1585067937.802227 16.805489 0.012254
1585067937.901227 16.806769 0.012235
1585067938.033227 16.804632 0.012302
1585067938.132227 16.805332 0.012242
1585067938.231227 16.804601 0.012331
1585067938.330228 16.803810 0.011960
1585067938.462228 16.802339 0.012348
1585067938.561228 16.801705 0.012349
1585067938.627228 16.801947 0.012016
1585067938.759229 16.800570 0.012309
1585067938.891229 16.801981 0.012355
1585067939.089230 16.801631 0.012302
1585067939.287230 16.802434 0.012351
1585067939.452230 16.801605 0.012325
1585067939.584231 16.799592 0.012195
1585067939.716231 16.803932 0.012053
1585067939.881231 16.800730 0.012347
1585067940.046232 16.798863 0.012299
1585067940.244232 16.801343 0.012310
1585067940.409233 16.801582 0.012317
1585067940.574233 16.801162 0.012287
1585067940.739233 16.801121 0.012366
1585067940.871234 16.801670 0.012344
1585067941.003234 16.801710 0.012329
1585067941.135234 16.801386 0.012241
1585067941.234235 16.799913 0.012370
1585067941.366235 16.800668 0.012373
1585067941.531235 16.800255 0.012226
1585067941.696236 16.801839 0.012266
1585067941.861236 16.802756 0.012362
1585067942.026237 16.801319 0.012308
1585067942.191237 16.800160 0.012354
1585067942.389237 16.800160 0.012364
1585067942.587238 16.802956 0.012317
1585067942.752238 16.802813 0.012306
1585067942.950239 16.801064 0.012331
1585067943.181239 16.800685 0.012284
1585067943.346240 16.799045 0.012236
1585067943.511240 16.800126 0.012058
1585067943.709241 16.799856 0.012349
1585067943.841241 16.800495 0.012341
1585067943.973241 16.801311 0.012292
1585067944.105242 16.801710 0.012257
1585067944.204242 16.801805 0.012354
1585067944.336242 16.801002 0.012259
1585067944.468242 16.800354 0.012203
1585067944.567242 16.800776 0.011971
1585067944.666243 16.800481 0.012334
1585067944.798243 16.799988 0.011959
1585067944.897243 16.799619 0.012082
1585067944.996244 16.799651 0.012321
1585067945.095244 16.800214 0.012311
1585067945.194244 16.800480 0.012325
1585067945.293244 16.800438 0.012155
1585067945.392245 16.801098 0.012154
1585067945.491245 16.800998 0.012299
1585067945.590245 16.800809 0.012130
1585067945.722245 16.799843 0.012240
1585067945.821245 16.799361 0.012359
1585067945.920246 16.799298 0.012344
1585067946.019246 16.799424 0.012176
1585067946.118246 16.798785 0.012242
1585067946.217247 16.797166 0.012306
1585067946.316247 16.797322 0.012336
1585067946.415247 16.797451 0.012294
1585067946.514247 16.799025 0.012334
1585067946.613247 16.799029 0.012337
1585067946.745248 16.799774 0.012331
1585067946.877248 16.798105 0.012314
1585067947.009248 16.799500 0.012340
1585067947.141249 16.799384 0.012312
1585067947.273249 16.799497 0.012327
1585067947.405249 16.799350 0.012315
1585067947.537250 16.800482 0.012278
1585067947.669250 16.801398 0.012311
1585067947.834250 16.800208 0.012313
1585067947.966251 16.801140 0.012128
1585067948.098251 16.801827 0.012310
1585067948.197251 16.803754 0.012014
1585067948.329252 16.804079 0.012190
1585067948.428252 16.805983 0.012284
1585067948.527252 16.807669 0.012324
1585067948.659252 16.810056 0.012277
1585067948.791253 16.809697 0.011971
1585067948.890253 16.810390 0.012322
1585067948.989253 16.811391 0.012018
1585067949.088253 16.811409 0.012170
1585067949.187253 16.813069 0.012292
1585067949.286254 16.813976 0.012283
1585067949.385254 16.814629 0.012347
1585067949.484254 16.815318 0.012302
1585067949.583255 16.815416 0.012054
1585067949.682255 16.816818 0.012032
1585067949.748255 16.819687 0.011703
1585067949.847255 16.818958 0.012245
1585067949.946255 16.821983 0.011918
1585067950.078256 16.826951 0.012243
1585067950.177256 16.830496 0.012123
1585067950.243256 16.830600 0.012276
1585067950.342256 16.831141 0.012240
1585067950.441257 16.830316 0.012316
1585067950.540257 16.831353 0.012346
1585067950.639257 16.832457 0.012291
1585067950.738257 16.833879 0.012338
1585067950.837257 16.833563 0.012283
1585067950.936258 16.833183 0.012136
1585067951.035258 16.834501 0.012326
1585067951.134258 16.834110 0.012304
1585067951.233258 16.833562 0.012350
1585067951.332259 16.833087 0.012277
1585067951.398259 16.833094 0.012046
1585067951.497259 16.833327 0.012341
1585067951.596259 16.832789 0.012184
1585067951.695260 16.832418 0.011763
1585067951.794260 16.832250 0.012309
1585067951.893260 16.833072 0.012295
1585067951.992260 16.833968 0.012126
1585067952.091260 16.834467 0.012297
1585067952.190261 16.834101 0.012251
1585067952.256261 16.833540 0.012218
1585067952.355261 16.833322 0.012220
1585067952.454262 16.832198 0.012330
1585067952.553262 16.831479 0.012298
1585067952.619262 16.831266 0.012233
1585067952.685262 16.832248 0.012278
1585067952.751262 16.832533 0.012323
1585067952.850262 16.831797 0.012259
1585067952.949263 16.832185 0.012167
1585067953.048263 16.831947 0.012275
1585067953.147263 16.833218 0.012217
1585067953.246263 16.832190 0.012108
1585067953.345264 16.831663 0.012349
1585067953.411264 16.831805 0.012329
1585067953.477264 16.830980 0.012280
1585067953.543264 16.831215 0.012323
1585067953.642264 16.830810 0.012014
1585067953.741264 16.830021 0.012239
1585067953.840265 16.830739 0.012314
1585067953.939265 16.830016 0.012324
1585067954.038265 16.829391 0.012295
1585067954.104265 16.829704 0.012245
1585067954.203265 16.829350 0.012168
1585067954.302266 16.829784 0.011903
1585067954.401266 16.829672 0.011956
1585067954.500266 16.829013 0.012056
1585067954.599267 16.828568 0.011647
1585067954.698267 16.827899 0.012274
1585067954.797267 16.828051 0.012334
1585067954.896267 16.828796 0.012294
1585067954.995267 16.826885 0.012154
1585067955.094268 16.825776 0.012012
1585067955.193268 16.825607 0.012323
1585067955.292268 16.825253 0.012283
1585067955.391268 16.824350 0.012277
1585067955.490269 16.826144 0.012038
1585067955.589269 16.825048 0.012353
1585067955.655269 16.824634 0.012246
1585067955.754269 16.823864 0.012345
1585067955.853270 16.823441 0.012330
1585067955.952270 16.822940 0.012326
1585067956.051270 16.821541 0.012350
1585067956.150270 16.821717 0.012317
1585067956.249270 16.820594 0.012202
1585067956.348271 16.819877 0.012190
1585067956.447271 16.819268 0.012169
1585067956.579271 16.819886 0.012050
1585067956.711272 16.819976 0.012184
1585067956.876272 16.815652 0.012351
1585067957.008272 16.814745 0.012320
1585067957.140273 16.812999 0.012346
1585067957.272273 16.812306 0.012338
1585067957.437273 16.809302 0.012294
1585067957.602273 16.806263 0.012274
1585067957.734274 16.803549 0.012328
1585067957.866274 16.802280 0.012067
1585067957.965275 16.802724 0.012101
1585067958.064275 16.802075 0.012137
1585067958.163275 16.799375 0.012285
1585067958.229275 16.794861 0.012105
1585067958.295275 16.796222 0.012199
1585067958.394276 16.792572 0.012151
1585067958.493276 16.792670 0.012110
1585067958.592276 16.791580 0.012109
1585067958.724276 16.787716 0.012276
1585067958.823277 16.782937 0.012163
1585067958.955277 16.782798 0.012272
1585067959.120277 16.782173 0.012318
1585067959.252278 16.778698 0.012150
1585067959.417278 16.777893 0.012200
1585067959.582278 16.778259 0.012066
1585067959.747279 16.774699 0.011987
1585067959.879279 16.771732 0.012305
1585067960.011279 16.767621 0.012034
1585067960.209280 16.762919 0.012151
1585067960.407280 16.759462 0.012062
1585067960.572281 16.757083 0.012308
1585067960.770281 16.758856 0.012054
1585067960.935282 16.758642 0.012198
1585067961.100282 16.756864 0.011723
1585067961.232282 16.755168 0.012335
1585067961.364283 16.754784 0.012129
1585067961.496283 16.758468 0.012279
1585067961.628283 16.758044 0.012127
1585067961.760284 16.757757 0.012263
1585067961.892284 16.757206 0.012073
1585067962.024284 16.758221 0.012012
1585067962.123285 16.759943 0.012182
1585067962.255285 16.761134 0.012339
1585067962.387285 16.760335 0.012324
1585067962.486285 16.759525 0.011898
1585067962.585286 16.760582 0.012252
1585067962.684286 16.762602 0.012342
1585067962.816286 16.765616 0.012258
1585067962.948287 16.767819 0.012046
1585067963.080287 16.768494 0.012325
1585067963.212287 16.768352 0.012336
1585067963.344287 16.771409 0.011800
1585067963.476288 16.770902 0.012226
1585067963.641288 16.771643 0.012332
1585067963.806288 16.772082 0.012281
1585067963.971289 16.771793 0.012301
1585067964.169289 16.773202 0.012233
1585067964.334290 16.773105 0.012183
1585067964.499290 16.773712 0.012336
1585067964.631290 16.773757 0.012221
1585067964.796291 16.773135 0.012015
1585067964.994291 16.773040 0.011055
1585067965.192292 16.771973 0.012146
1585067965.390292 16.772949 0.011683
1585067965.555293 16.773602 0.011174
1585067965.720293 16.771559 0.011883
1585067965.885293 16.771054 0.012028
1585067966.050294 16.772480 0.012303
1585067966.215294 16.771946 0.012324
1585067966.380295 16.771920 0.012163
1585067966.512295 16.771798 0.012154
1585067966.644295 16.771834 0.012288
1585067966.776295 16.771745 0.012098
1585067966.908296 16.771970 0.011944
1585067967.040296 16.771642 0.011838
1585067967.172297 16.770958 0.012050
1585067967.304297 16.770216 0.012089
1585067967.436297 16.770766 0.011959
1585067967.568297 16.771080 0.012181
1585067967.700298 16.771771 0.012153
1585067967.832298 16.772429 0.012059
1585067967.931298 16.772675 0.012209
1585067968.063298 16.773094 0.012297
1585067968.195299 16.773781 0.011773
1585067968.294299 16.773827 0.012029
1585067968.393299 16.774307 0.012068
1585067968.492300 16.773824 0.012173
1585067968.591300 16.774472 0.012157
1585067968.690300 16.774653 0.012258
1585067968.789300 16.775300 0.012229
1585067968.888301 16.776005 0.012111
1585067968.987301 16.777721 0.011705
1585067969.086301 16.778262 0.012001
1585067969.185301 16.778620 0.011718
1585067969.284302 16.778096 0.012252
1585067969.416302 16.778837 0.012307
1585067969.515302 16.779306 0.012317
1585067969.680302 16.779837 0.012300
1585067969.812303 16.780455 0.012257
1585067969.944303 16.780215 0.011732
1585067970.043303 16.779750 0.011489
1585067970.142303 16.779987 0.012276
1585067970.208304 16.780177 0.012308
1585067970.307304 16.780109 0.012187
1585067970.406304 16.779913 0.012331
1585067970.472304 16.779453 0.012322
1585067970.538305 16.779701 0.012199
1585067970.604305 16.779770 0.012261
1585067970.670305 16.779443 0.012280
1585067970.736305 16.778625 0.012044
1585067970.802305 16.778361 0.012277
1585067970.868305 16.778920 0.012249
1585067970.934305 16.779077 0.011638
1585067971.033306 16.778913 0.012203
1585067971.132306 16.778698 0.012221
1585067971.198306 16.778854 0.012218
1585067971.264306 16.778703 0.012327
1585067971.330306 16.778466 0.012219
1585067971.396307 16.778453 0.012006
1585067971.495307 16.778596 0.012315
1585067971.561307 16.778548 0.012078
1585067971.660307 16.778404 0.012106
1585067971.759307 16.778587 0.012178
1585067971.858308 16.778014 0.012217
1585067971.957308 16.778163 0.012257
1585067972.089308 16.778217 0.011802
1585067972.188308 16.777985 0.012323
1585067972.287308 16.777598 0.012323
1585067972.419309 16.777986 0.012138
1585067972.518309 16.777937 0.012253
1585067972.584309 16.777888 0.012322
1585067972.650309 16.777810 0.012266
1585067972.716310 16.778003 0.012265
1585067972.782310 16.777773 0.012210
1585067972.848310 16.777838 0.012316
1585067972.914310 16.777501 0.012297
1585067972.980310 16.777346 0.012331
1585067973.046310 16.777229 0.012311
1585067973.112310 16.777202 0.012212
1585067973.178311 16.777781 0.012228
1585067973.244311 16.777770 0.012283
1585067973.310311 16.777905 0.012201
1585067973.376311 16.777648 0.012205
1585067973.442312 16.777131 0.012328
1585067973.508312 16.777201 0.012327
1585067973.607312 16.777295 0.012317
1585067973.673312 16.777083 0.012033
1585067973.805312 16.776607 0.012322
1585067973.904313 16.776461 0.012198
1585067974.003313 16.776683 0.011537
1585067974.102313 16.776606 0.012084
1585067974.201313 16.776309 0.012266
1585067974.300313 16.776097 0.012244
1585067974.399314 16.776409 0.012263
1585067974.498314 16.776200 0.012235
1585067974.597314 16.776692 0.012152
1585067974.696314 16.776356 0.012281
1585067974.795315 16.776465 0.012155
1585067974.894315 16.776248 0.012308
1585067974.993315 16.776010 0.012261
1585067975.092315 16.776513 0.012309
1585067975.158315 16.776443 0.012313
1585067975.224316 16.776302 0.012105
1585067975.290316 16.775873 0.011931
1585067975.356316 16.775718 0.012230
1585067975.455316 16.775256 0.012024
1585067975.554316 16.774887 0.012186
1585067975.620317 16.774936 0.012234
1585067975.686317 16.775406 0.011960
1585067975.752317 16.774783 0.012071
1585067975.818317 16.775001 0.012259
1585067975.917317 16.775093 0.012272
1585067976.049318 16.775032 0.012118
1585067976.181318 16.774699 0.012072
1585067976.313318 16.774749 0.011899
1585067976.412318 16.774730 0.012282
1585067976.511319 16.774899 0.012325
1585067976.610319 16.775178 0.012302
1585067976.709319 16.775622 0.012097
1585067976.808320 16.775251 0.011954
1585067976.907320 16.774947 0.011748
1585067977.006320 16.774884 0.012243
1585067977.072320 16.775376 0.011630
1585067977.138320 16.775318 0.012136
1585067977.204320 16.774926 0.012316
1585067977.303321 16.775713 0.011809
1585067977.369321 16.775502 0.012214
1585067977.468321 16.775065 0.012292
1585067977.567321 16.774889 0.012123
1585067977.666322 16.774589 0.012062
1585067977.732322 16.774239 0.011919
1585067977.798322 16.774962 0.011757
1585067977.864322 16.775078 0.011775
1585067977.963322 16.774808 0.012124
1585067978.062322 16.774489 0.012110
1585067978.161323 16.774522 0.012251
1585067978.260323 16.775123 0.011845
1585067978.326323 16.776077 0.012000
1585067978.458323 16.775899 0.011457
1585067978.590324 16.774777 0.010453
1585067978.755324 16.772475 0.011542
1585067978.887324 16.771952 0.011712
1585067979.019325 16.773183 0.012108
1585067979.151325 16.774055 0.012077
1585067979.316325 16.775907 0.012256
1585067979.448326 16.775835 0.012112
1585067979.580326 16.775593 0.011558
1585067979.712326 16.776892 0.012023
1585067979.844327 16.777767 0.011127
1585067979.976327 16.778744 0.012210
1585067980.108327 16.779363 0.011219
1585067980.240327 16.781469 0.011830
1585067980.372328 16.782081 0.011668
1585067980.471328 16.783767 0.012085
1585067980.570328 16.786190 0.012264
1585067980.669329 16.786207 0.009800
1585067980.768329 16.786432 0.011446
1585067980.867329 16.787344 0.011111
1585067980.933329 16.787421 0.010889
1585067980.999329 16.789281 0.011086
1585067981.065329 16.791200 0.011583
1585067981.131330 16.792046 0.011669
1585067981.197330 16.792867 0.011752
1585067981.263330 16.793384 0.012011
1585067981.329330 16.792796 0.012288
1585067981.395330 16.793770 0.012229
1585067981.461330 16.793956 0.012293
1585067981.527331 16.794218 0.012070
1585067981.593331 16.794726 0.012169
1585067981.659331 16.795385 0.011874
1585067981.725331 16.795636 0.012006
1585067981.791331 16.795714 0.012222
1585067981.890332 16.796307 0.012306
1585067981.989332 16.796943 0.012180
1585067982.088332 16.797427 0.012309
1585067982.220332 16.798001 0.012266
1585067982.352333 16.798786 0.012306
1585067982.484333 16.799449 0.012099
1585067982.616333 16.798819 0.012252
1585067982.748333 16.798721 0.012251
1585067982.847334 16.799193 0.012234
1585067982.946334 16.799106 0.012272
1585067983.045334 16.799129 0.012284
1585067983.144335 16.799178 0.012232
1585067983.210335 16.798608 0.012294
1585067983.309335 16.798532 0.012310
1585067983.408335 16.799435 0.012261
1585067983.507335 16.800559 0.012314
1585067983.606335 16.800544 0.012270
1585067983.672336 16.800583 0.012273
1585067983.771336 16.800869 0.012225
1585067983.870336 16.800044 0.012279
1585067983.969336 16.800577 0.012082
1585067984.035337 16.800483 0.012239
1585067984.101337 16.799885 0.012269
1585067984.200337 16.800027 0.012215
1585067984.299337 16.800306 0.012162
1585067984.398338 16.800420 0.012211
1585067984.497338 16.800470 0.012266
1585067984.563338 16.800287 0.012146
1585067984.662338 16.799737 0.012144
1585067984.761338 16.799745 0.012191
1585067984.827338 16.799845 0.011994
1585067984.893339 16.799607 0.012301
1585067984.992339 16.800617 0.011924
1585067985.091339 16.799992 0.012270
1585067985.190339 16.799302 0.012305
1585067985.289340 16.798500 0.012207
1585067985.388340 16.798483 0.012288
1585067985.454340 16.798389 0.012244
1585067985.553340 16.798099 0.012270
1585067985.619340 16.797787 0.012229
1585067985.685341 16.797313 0.012252
1585067985.751341 16.797406 0.012270
1585067985.817341 16.798071 0.011760
1585067985.916341 16.797799 0.012260
1585067986.015341 16.797427 0.012263
1585067986.114342 16.796890 0.011709
1585067986.213342 16.796699 0.012280
1585067986.312342 16.796882 0.012069
1585067986.444342 16.796729 0.012230
1585067986.576343 16.795952 0.012224
1585067986.708343 16.796004 0.012293
1585067986.840343 16.795913 0.012264
1585067986.939344 16.795606 0.012214
1585067987.038344 16.795815 0.012291
1585067987.137344 16.795681 0.012270
1585067987.203344 16.795449 0.012202
1585067987.269344 16.795284 0.011961
1585067987.335344 16.795480 0.012266
1585067987.401345 16.796495 0.012016
1585067987.467345 16.796785 0.012123
1585067987.533345 16.797149 0.012046
1585067987.599345 16.796967 0.012081
1585067987.665345 16.796700 0.012197
1585067987.764346 16.796507 0.012199
1585067987.863346 16.796251 0.012273
1585067987.995346 16.795992 0.012245
1585067988.193347 16.795825 0.012111
1585067988.358347 16.796671 0.011971
1585067988.523347 16.797144 0.012240
1585067988.655348 16.798966 0.011700
1585067988.787348 16.799496 0.012238
1585067988.919348 16.799597 0.012097
1585067989.051348 16.800340 0.011432
1585067989.150349 16.800655 0.011282
1585067989.249349 16.800391 0.011393
1585067989.348349 16.800893 0.011691
1585067989.447350 16.801722 0.011949
1585067989.546350 16.801159 0.012137
1585067989.645350 16.800785 0.012242
1585067989.744350 16.800902 0.012053
1585067989.843350 16.801659 0.012221
1585067989.942351 16.801001 0.012275
1585067990.041351 16.801732 0.012258
1585067990.140351 16.802692 0.012265
1585067990.239351 16.803360 0.012209
1585067990.371352 16.803949 0.011967
1585067990.503352 16.804063 0.012124
1585067990.602352 16.803483 0.012158
1585067990.701352 16.803328 0.012174
1585067990.800353 16.803560 0.012185
1585067990.899353 16.803449 0.012260
1585067990.998353 16.802803 0.012191
1585067991.097353 16.802916 0.012240
1585067991.196354 16.802285 0.012162
1585067991.295354 16.802312 0.012182
1585067991.394354 16.801777 0.012207
1585067991.493354 16.801577 0.012207
1585067991.592355 16.800941 0.012158
1585067991.691355 16.800723 0.012263
1585067991.790355 16.800679 0.012253
1585067991.889355 16.800164 0.012090
1585067991.988356 16.800007 0.012151
1585067992.087356 16.800400 0.012172
1585067992.186356 16.798933 0.012123
1585067992.285356 16.798569 0.012278
1585067992.384356 16.798039 0.012178
1585067992.483357 16.798176 0.012245
1585067992.582357 16.798053 0.012106
1585067992.714357 16.797804 0.011984
1585067992.813358 16.796517 0.012231
1585067992.912358 16.795900 0.012270
1585067993.044358 16.795239 0.012270
1585067993.176358 16.795174 0.012253
1585067993.308359 16.794690 0.012175
1585067993.407359 16.794319 0.012245
1585067993.539359 16.793833 0.012248
1585067993.671360 16.793590 0.012254
1585067993.770360 16.793118 0.012243
1585067993.869360 16.792752 0.012262
1585067993.968360 16.792072 0.012265
1585067994.067360 16.792334 0.012166
1585067994.166361 16.792083 0.012235
1585067994.265361 16.791712 0.012268
1585067994.364361 16.791355 0.012251
1585067994.463362 16.790903 0.012263
1585067994.562362 16.790574 0.012270
1585067994.694362 16.790358 0.012196
1585067994.826362 16.789894 0.012248
1585067994.925362 16.789635 0.012249
1585067995.024363 16.789253 0.012215
1585067995.123363 16.789094 0.012227
1585067995.222363 16.789127 0.012265
1585067995.288363 16.789110 0.012190
1585067995.387364 16.789035 0.012239
1585067995.486364 16.789135 0.012210
1585067995.585364 16.788972 0.012191
1585067995.684364 16.788735 0.012202
1585067995.750364 16.788868 0.012234
1585067995.816365 16.788900 0.012238
1585067995.915365 16.788957 0.012227
1585067996.014365 16.788965 0.012233
1585067996.113365 16.788967 0.012153
1585067996.212366 16.788807 0.012244
1585067996.311366 16.788783 0.012163
1585067996.410366 16.788765 0.012160
1585067996.509366 16.788613 0.012227
1585067996.608366 16.788467 0.012125
1585067996.707367 16.788338 0.012185
1585067996.806367 16.787984 0.011941
1585067996.938368 16.788294 0.012031
1585067997.037368 16.788347 0.012081
1585067997.136368 16.788249 0.012153
1585067997.235368 16.788130 0.012153
1585067997.334368 16.787723 0.012126
1585067997.433369 16.787543 0.012151
1585067997.532369 16.787959 0.012172
1585067997.598369 16.787455 0.012226
1585067997.697369 16.787141 0.012163
1585067997.796369 16.787207 0.012176
1585067997.895370 16.787395 0.012173
1585067997.994370 16.787096 0.012175
1585067998.093370 16.787120 0.012081
1585067998.192370 16.787240 0.012210
1585067998.291370 16.787354 0.012194
1585067998.390371 16.787066 0.012218
1585067998.489371 16.787124 0.012075
1585067998.588371 16.786816 0.011915
1585067998.687371 16.787364 0.012203
1585067998.786372 16.787356 0.012198
1585067998.885372 16.786899 0.012200
1585067998.984372 16.786764 0.012026
1585067999.083373 16.786625 0.012080
1585067999.182373 16.786932 0.012154
1585067999.248373 16.786674 0.012181
1585067999.347373 16.786157 0.012046
1585067999.446373 16.786679 0.012148
1585067999.545374 16.786743 0.012136
1585067999.644374 16.786685 0.012096
1585067999.710374 16.786192 0.012000
1585067999.809374 16.786309 0.012074
1585067999.908375 16.786213 0.012034
1585067999.974375 16.786042 0.011977
1585068000.073375 16.786219 0.011936
1585068000.172375 16.786205 0.012136
1585068000.238375 16.785784 0.012192
1585068000.304375 16.785667 0.012194
1585068000.370375 16.785624 0.012172
1585068000.436376 16.785527 0.012125
1585068000.502376 16.785920 0.012166
1585068000.568376 16.785889 0.012139
1585068000.634376 16.785733 0.012068
1585068000.700376 16.785549 0.012039
1585068000.766376 16.785304 0.012185
1585068000.832376 16.785470 0.012074
1585068000.931377 16.785305 0.012192
1585068001.030377 16.785543 0.012068
1585068001.129377 16.785430 0.012119
1585068001.195377 16.784953 0.012116
1585068001.261378 16.784833 0.012129
1585068001.327378 16.785444 0.012093
1585068001.393378 16.785019 0.012144
1585068001.459378 16.784948 0.012171
1585068001.525378 16.784460 0.011959
1585068001.591378 16.785097 0.012168
1585068001.657379 16.785292 0.012188
1585068001.723379 16.785002 0.012107
1585068001.789379 16.784883 0.012149
1585068001.855379 16.784213 0.011887
1585068001.921379 16.784531 0.012139
1585068001.987380 16.784751 0.012146
1585068002.053380 16.784852 0.011939
1585068002.119380 16.784081 0.011832
1585068002.218380 16.784195 0.011838
1585068002.284380 16.784355 0.012017
1585068002.350380 16.784409 0.011887
1585068002.416380 16.784528 0.012044
1585068002.482381 16.784786 0.011807
1585068002.548381 16.784420 0.012053
1585068002.614381 16.784510 0.012005
1585068002.680381 16.784671 0.011999
1585068002.746381 16.784236 0.011992
1585068002.812382 16.784403 0.012130
1585068002.878381 16.784380 0.011810
1585068002.944382 16.784286 0.012181
1585068003.010382 16.784445 0.011678
1585068003.109382 16.784243 0.011876
1585068003.175382 16.784242 0.012179
1585068003.241382 16.784429 0.011946
1585068003.307383 16.784420 0.012187
1585068003.373383 16.784367 0.012170
1585068003.439383 16.784248 0.012141
1585068003.538383 16.784155 0.012107
1585068003.604383 16.784207 0.012161
1585068003.670383 16.784204 0.012142
1585068003.736383 16.784048 0.012122
1585068003.802384 16.784083 0.012136
1585068003.868384 16.784088 0.012122
1585068003.934384 16.784171 0.012159
1585068004.000384 16.784049 0.012114
1585068004.066384 16.784066 0.012111
1585068004.132385 16.784165 0.012094
1585068004.198385 16.784155 0.012083
1585068004.264385 16.784174 0.012172
1585068004.330385 16.784112 0.012099
1585068004.429385 16.783848 0.012172
1585068004.528385 16.783614 0.012087
1585068004.627386 16.783577 0.012098
1585068004.759386 16.783573 0.012166
1585068004.858386 16.783295 0.012084
1585068004.990386 16.783391 0.012004
1585068005.122387 16.783168 0.012176
1585068005.254387 16.782906 0.012169
1585068005.353387 16.782948 0.012164
1585068005.452388 16.783181 0.012180
1585068005.518388 16.783184 0.012181
1585068005.584388 16.783102 0.012176
1585068005.650388 16.783049 0.012141
1585068005.716388 16.783155 0.012139
1585068005.782388 16.782943 0.012060
1585068005.848389 16.782889 0.012023
1585068005.914389 16.782812 0.012039
1585068005.980389 16.782974 0.012104
1585068006.046389 16.782897 0.012169
1585068006.112389 16.782709 0.012133
1585068006.178389 16.782833 0.012114
1585068006.244389 16.782659 0.012162
1585068006.310390 16.782721 0.012136
1585068006.376390 16.782847 0.012130
1585068006.442390 16.782658 0.012035
1585068006.508390 16.782780 0.012107
1585068006.574390 16.782626 0.012094
1585068006.640390 16.782494 0.012169
1585068006.739391 16.782331 0.011942
1585068006.805391 16.782443 0.012162
1585068006.871391 16.782385 0.012096
1585068006.970391 16.782198 0.012103
1585068007.069391 16.782419 0.012174
1585068007.135391 16.781799 0.011947
1585068007.201392 16.781934 0.012183
1585068007.300392 16.781924 0.012155
1585068007.399392 16.781898 0.012170
1585068007.498393 16.781825 0.012135
1585068007.597393 16.782035 0.012173
1585068007.663393 16.782041 0.012055
1585068007.729393 16.782008 0.012165
1585068007.795393 16.781854 0.012127
1585068007.861393 16.782082 0.012076
1585068007.927393 16.781706 0.012097
1585068007.993394 16.781718 0.012164
1585068008.059394 16.781851 0.012174
1585068008.125394 16.781584 0.012174
1585068008.224394 16.781647 0.012153
1585068008.323395 16.781675 0.012157
1585068008.389395 16.781682 0.012109
1585068008.455395 16.781481 0.012140
1585068008.521395 16.781457 0.012154
1585068008.587395 16.781337 0.012146
1585068008.686395 16.781337 0.012157
1585068008.785395 16.781187 0.011990
1585068008.884396 16.781497 0.012101
1585068008.983396 16.781424 0.012134
1585068009.049396 16.781356 0.012088
1585068009.115396 16.781497 0.012175
1585068009.181396 16.781242 0.012101
1585068009.247397 16.781398 0.012165
1585068009.313397 16.781360 0.012164
1585068009.379397 16.781179 0.012142
1585068009.445397 16.781095 0.012121
1585068009.511397 16.781007 0.012066
1585068009.577398 16.781103 0.012063
1585068009.643398 16.781180 0.012002
1585068009.709398 16.781482 0.012154
1585068009.775398 16.781533 0.012150
1585068009.841398 16.781439 0.012073
1585068009.907398 16.781545 0.012178
1585068009.973398 16.781295 0.012059
1585068010.039399 16.781455 0.012133
1585068010.105399 16.781214 0.012162
1585068010.204399 16.780901 0.012130
1585068010.303399 16.780791 0.012119
1585068010.402400 16.780903 0.012084
1585068010.501400 16.780745 0.012060
1585068010.600400 16.780820 0.012142
1585068010.699400 16.780755 0.012042
1585068010.765400 16.781187 0.012028
1585068010.864400 16.781058 0.012128
1585068010.963401 16.780679 0.012177
1585068011.062401 16.780338 0.012129
1585068011.128401 16.780193 0.012122
1585068011.194401 16.780393 0.011934
1585068011.260401 16.780881 0.012172
1585068011.326401 16.780631 0.011972
1585068011.392402 16.780900 0.012165
1585068011.491402 16.780628 0.012093
1585068011.557402 16.780395 0.011842
1585068011.623402 16.780898 0.012108
1585068011.722403 16.780731 0.012150
1585068011.821403 16.780508 0.012166
1585068011.887403 16.780753 0.012080
1585068011.986403 16.780425 0.012096
1585068012.052403 16.780012 0.012137
1585068012.118404 16.780114 0.012136
1585068012.184404 16.780155 0.012108
1585068012.250404 16.780139 0.012165
1585068012.316404 16.780241 0.012138
1585068012.382404 16.780239 0.012142
1585068012.481404 16.780237 0.012075
1585068012.547405 16.780499 0.011931
1585068012.613405 16.780384 0.012001
1585068012.679405 16.780456 0.012101
1585068012.745405 16.780161 0.012061
1585068012.811405 16.780152 0.012137
1585068012.877405 16.779724 0.011994
1585068012.943406 16.780127 0.012178
1585068013.009406 16.780028 0.012112
1585068013.075406 16.780020 0.012117
1585068013.141406 16.780058 0.012151
1585068013.240406 16.779706 0.012075
1585068013.306406 16.779649 0.012107
1585068013.372406 16.779704 0.012173
1585068013.438407 16.779750 0.012176
1585068013.504407 16.779586 0.012177
1585068013.570407 16.779356 0.012174
1585068013.636407 16.779202 0.012156
1585068013.735407 16.779116 0.012143
1585068013.834408 16.779260 0.012056
1585068013.933408 16.779128 0.012159
1585068014.032408 16.779459 0.012068
1585068014.131408 16.778925 0.012177
1585068014.230408 16.778538 0.012160
1585068014.329409 16.778512 0.012061
1585068014.428409 16.778686 0.012042
1585068014.527409 16.778421 0.012109
1585068014.626410 16.778481 0.012036
1585068014.725410 16.778811 0.012129
1585068014.824410 16.778801 0.012125
1585068014.923410 16.778672 0.012128
1585068014.989410 16.778326 0.012071
1585068015.055410 16.778415 0.011957
1585068015.154411 16.778932 0.012158
1585068015.253411 16.778369 0.012063
1585068015.352411 16.778661 0.012169
1585068015.451411 16.778838 0.012144
1585068015.550412 16.778755 0.012175
1585068015.649412 16.778614 0.012170
1585068015.748412 16.778068 0.012085
1585068015.847413 16.778205 0.012155
1585068015.946413 16.778367 0.012114
1585068016.045413 16.778326 0.012126
1585068016.144413 16.777823 0.012109
1585068016.210413 16.778116 0.012160
1585068016.276413 16.778381 0.012147
1585068016.342414 16.778309 0.012161
1585068016.408414 16.778241 0.012129
1585068016.474414 16.777972 0.012105
1585068016.540414 16.778161 0.012159
1585068016.606414 16.778083 0.012173
1585068016.672415 16.777994 0.012060
1585068016.738415 16.777847 0.012044
1585068016.804415 16.777969 0.012104
1585068016.870415 16.778171 0.012145
1585068016.969415 16.778161 0.012045
1585068017.068415 16.778246 0.012119
1585068017.167416 16.777890 0.012174
1585068017.266416 16.777825 0.012126
1585068017.332416 16.777556 0.012169
1585068017.398416 16.777752 0.012096
1585068017.464416 16.778178 0.012146
1585068017.530416 16.778022 0.012148
1585068017.596416 16.777913 0.012190
1585068017.662417 16.777723 0.012001
1585068017.728417 16.777518 0.012179
1585068017.794417 16.777437 0.012169
1585068017.860417 16.777462 0.012178
1585068017.926417 16.777413 0.012102
1585068017.992418 16.777711 0.012090
1585068018.058418 16.777727 0.012170
1585068018.157418 16.777491 0.012146
1585068018.256418 16.777315 0.012150
1585068018.355418 16.777340 0.012140
1585068018.454419 16.777154 0.012132
1585068018.520419 16.777180 0.012025
1585068018.586419 16.777518 0.012120
1585068018.652419 16.777673 0.012115
1585068018.718419 16.777238 0.012124
1585068018.784419 16.777045 0.012131
1585068018.850420 16.777018 0.012032
1585068018.916420 16.777303 0.012097
1585068018.982420 16.777540 0.012093
1585068019.048420 16.777071 0.011800
1585068019.114420 16.777399 0.012131
1585068019.180420 16.777584 0.012174
1585068019.246420 16.777086 0.012158
1585068019.312421 16.776861 0.012125
1585068019.378421 16.777046 0.012024
1585068019.444421 16.777167 0.012107
1585068019.510421 16.777129 0.012172
1585068019.576421 16.776830 0.012175
1585068019.642421 16.776815 0.012130
1585068019.708422 16.776766 0.012107
1585068019.774422 16.776974 0.012167
1585068019.840422 16.776745 0.012124
1585068019.906422 16.776854 0.012131
1585068019.972422 16.776528 0.012149
1585068020.038423 16.776320 0.012061
1585068020.104423 16.776739 0.012174
1585068020.170423 16.776376 0.012009
1585068020.236423 16.776518 0.012111
1585068020.302423 16.776552 0.012127
1585068020.401423 16.776553 0.012010
1585068020.500424 16.776816 0.012179
1585068020.632424 16.776361 0.012177
1585068020.764424 16.776351 0.012177
1585068020.896425 16.776342 0.012174
1585068020.995425 16.776326 0.012163
1585068021.061425 16.776290 0.012136
1585068021.127425 16.776334 0.012161
1585068021.193425 16.776297 0.012177
1585068021.259426 16.776206 0.012161
1585068021.325426 16.776251 0.012149
1585068021.391426 16.775966 0.012164
1585068021.457426 16.776054 0.012151
1585068021.523426 16.775828 0.012067
1585068021.589427 16.775709 0.012158
1585068021.655427 16.775864 0.012164
1585068021.721427 16.775617 0.012064
1585068021.787427 16.775589 0.012149
1585068021.853427 16.775565 0.012123
1585068021.919427 16.775558 0.012116
1585068021.985427 16.775853 0.012008
1585068022.051427 16.775849 0.012161
1585068022.117427 16.775557 0.012074
1585068022.183428 16.775308 0.012163
1585068022.282428 16.775026 0.012165
1585068022.414428 16.774860 0.012133
1585068022.546429 16.775217 0.012100
1585068022.645429 16.774941 0.012142
1585068022.777429 16.774479 0.012153
1585068022.876429 16.774163 0.012180
1585068022.975430 16.774036 0.012162
1585068023.041430 16.774036 0.012155
1585068023.140430 16.774108 0.012172
1585068023.239430 16.774089 0.012164
1585068023.338430 16.773813 0.012179
1585068023.470431 16.773863 0.012141
1585068023.602431 16.773923 0.012164
1585068023.734432 16.773953 0.012155
1585068023.866432 16.774206 0.012149
1585068023.998432 16.773873 0.012165
1585068024.097432 16.774054 0.012150
1585068024.196432 16.773781 0.012125
1585068024.295433 16.773406 0.012148
1585068024.427433 16.773191 0.011983
1585068024.526433 16.772350 0.011920
1585068024.625434 16.773023 0.012112
1585068024.724434 16.773257 0.012141
1585068024.856434 16.772598 0.012154
1585068024.988434 16.772988 0.012113
1585068025.153435 16.773766 0.012092
1585068025.318435 16.774432 0.012076
1585068025.483436 16.774254 0.012040
1585068025.615436 16.774269 0.012035
1585068025.747436 16.774470 0.011912
1585068025.879436 16.774593 0.012096
1585068026.011437 16.775134 0.011728
1585068026.143437 16.774893 0.011729
1585068026.275438 16.774766 0.012112
1585068026.407438 16.774949 0.011883
1585068026.539438 16.775073 0.011847
1585068026.671438 16.774562 0.011852
1585068026.803439 16.774444 0.012101
1585068026.935439 16.774269 0.011962
1585068027.034439 16.773796 0.011941
1585068027.133440 16.773695 0.012147
1585068027.232440 16.774237 0.012002
1585068027.331440 16.774070 0.012098
1585068027.430440 16.774283 0.012032
1585068027.529440 16.774341 0.012052
1585068027.628441 16.774321 0.011843
1585068027.727441 16.774237 0.012133
1585068027.826441 16.773361 0.012092
1585068027.925442 16.772718 0.012082
1585068028.024442 16.771712 0.012161
1585068028.156442 16.771432 0.012114
1585068028.255442 16.770700 0.012119
1585068028.387443 16.770073 0.012025
1585068028.486443 16.769396 0.012147
1585068028.618443 16.767465 0.012137
1585068028.717443 16.766129 0.012097
1585068028.849444 16.765833 0.012161
1585068028.981444 16.765597 0.012165
1585068029.113444 16.765536 0.012084
1585068029.212444 16.765575 0.011883
1585068029.311445 16.764765 0.012080
1585068029.377445 16.764109 0.012043
1585068029.443445 16.763970 0.012056
1585068029.509445 16.762549 0.012067
1585068029.608445 16.760543 0.012031
1585068029.707446 16.759958 0.012056
1585068029.806446 16.758172 0.012061
1585068029.872446 16.757855 0.012050
1585068029.971446 16.757029 0.012133
1585068030.037446 16.756114 0.012059
1585068030.103446 16.754426 0.012132
1585068030.169447 16.753282 0.012140
1585068030.268447 16.752325 0.012125
1585068030.400447 16.751035 0.012096
1585068030.499448 16.751572 0.012163
1585068030.598448 16.750176 0.012136
1585068030.697448 16.749339 0.012083
1585068030.796448 16.747773 0.012056
1585068030.895449 16.746963 0.012093
1585068030.994449 16.745095 0.012136
1585068031.159449 16.742304 0.012135
1585068031.291450 16.740888 0.012123
1585068031.423450 16.739825 0.012119
1585068031.555450 16.738838 0.012141
1585068031.654450 16.736913 0.012151
1585068031.786451 16.735939 0.012133
1585068031.918451 16.735398 0.012158
1585068032.017451 16.733739 0.012050
1585068032.116452 16.733110 0.012141
1585068032.215452 16.732532 0.011993
1585068032.314452 16.732058 0.012135
1585068032.413452 16.731269 0.012138
1585068032.512452 16.729706 0.012128
1585068032.611453 16.729013 0.012076
1585068032.710453 16.728402 0.012141
1585068032.809453 16.727625 0.012075
1585068032.875453 16.726605 0.012124
1585068032.974453 16.725929 0.012081
1585068033.073454 16.725337 0.012121
1585068033.172454 16.724106 0.012105
1585068033.271454 16.722284 0.012133
1585068033.370455 16.721897 0.012100
1585068033.469455 16.720798 0.012042
1585068033.535455 16.720902 0.012107
1585068033.634455 16.719735 0.012115
1585068033.733455 16.718799 0.012140
1585068033.832456 16.717256 0.012125
1585068033.931456 16.715726 0.012121
1585068034.030456 16.713758 0.012068
1585068034.129456 16.713027 0.012098
1585068034.228456 16.711113 0.012126
1585068034.327457 16.710456 0.012044
1585068034.426457 16.709474 0.012059
1585068034.525457 16.709080 0.011981
1585068034.591458 16.708035 0.011966
1585068034.690458 16.708003 0.012093
1585068034.789458 16.707589 0.012104
1585068034.888458 16.706578 0.012076
1585068034.987458 16.705450 0.012094
1585068035.086459 16.704248 0.012136
1585068035.185459 16.703129 0.012079
1585068035.284459 16.701515 0.012030
1585068035.416459 16.700577 0.012080
1585068035.515460 16.699501 0.012024
1585068035.614460 16.699653 0.012009
1585068035.713460 16.699394 0.012126
1585068035.779460 16.699255 0.012123
1585068035.845460 16.699019 0.012114
1585068035.911461 16.698620 0.012116
1585068035.977461 16.698011 0.012112
1585068036.043461 16.697815 0.012023
1585068036.109461 16.697820 0.012101
1585068036.142461 16.697834 0.012102
1585068036.208461 16.697254 0.012132
1585068036.274462 16.696717 0.012113
1585068036.340461 16.696077 0.012078
1585068036.439462 16.695861 0.011970
1585068036.505462 16.695834 0.012048
1585068036.604462 16.694907 0.012111
1585068036.703462 16.694475 0.012076
1585068036.802463 16.694441 0.012106
1585068036.901463 16.693670 0.012129
1585068036.967463 16.693253 0.012101
1585068037.033463 16.693398 0.012120
1585068037.099463 16.693892 0.012134
1585068037.165463 16.693607 0.012083
1585068037.231464 16.692831 0.012135
1585068037.297464 16.692264 0.012120
1585068037.363464 16.691150 0.012059
1585068037.462464 16.690188 0.012047
1585068037.528464 16.688985 0.012108
1585068037.627465 16.688289 0.012134
1585068037.759465 16.689010 0.012119
1585068037.858465 16.689299 0.012117
1585068037.957466 16.687285 0.012114
1585068038.056466 16.686799 0.012110
1585068038.155466 16.686044 0.012127
1585068038.254466 16.685220 0.012114
1585068038.353466 16.685342 0.012104
1585068038.452467 16.685168 0.012126
1585068038.551467 16.684417 0.012100
1585068038.650467 16.683337 0.012116
1585068038.749467 16.681953 0.012119
1585068038.848468 16.680561 0.012090
1585068038.947468 16.680369 0.012113
1585068039.046468 16.679267 0.012097
1585068039.145468 16.679078 0.012124
1585068039.211468 16.678344 0.012094
1585068039.310469 16.677794 0.012090
1585068039.376469 16.678061 0.012124
1585068039.442469 16.677162 0.012099
1585068039.541469 16.675840 0.012110
1585068039.607469 16.676113 0.012101
1585068039.706470 16.675358 0.012100
1585068039.838470 16.675170 0.012117
1585068039.970470 16.674315 0.012127
1585068040.069470 16.673302 0.012085
1585068040.168471 16.672819 0.012014
1585068040.234471 16.672985 0.012048
1585068040.300471 16.672940 0.012098
1585068040.366471 16.672073 0.012074
1585068040.432472 16.672109 0.012063
1585068040.531472 16.671402 0.012101
1585068040.630472 16.670991 0.012124
1585068040.729472 16.669786 0.012078
1585068040.795472 16.669156 0.012099
1585068040.861473 16.667778 0.012090
1585068040.960473 16.667654 0.012093
1585068041.059473 16.666336 0.012118
1585068041.125473 16.665191 0.012042
1585068041.257473 16.665090 0.012122
1585068041.389474 16.664238 0.012128
1585068041.488474 16.663546 0.012064
1585068041.587474 16.662144 0.012103
1585068041.686475 16.661659 0.012042
1585068041.785475 16.661635 0.012124
1585068041.884475 16.660864 0.012113
1585068041.983475 16.660684 0.012133
1585068042.082475 16.659733 0.012104
1585068042.181476 16.659041 0.012096
1585068042.280476 16.660346 0.012092
1585068042.379476 16.660085 0.012022
1585068042.478476 16.659110 0.012109
1585068042.610476 16.657304 0.012110
1585068042.709477 16.656433 0.012127
1585068042.808477 16.655440 0.012093
1585068042.907477 16.653723 0.012132
1585068043.039478 16.652173 0.012103
1585068043.138478 16.651226 0.012120
1585068043.270478 16.648591 0.012131
1585068043.402479 16.648399 0.012125
1585068043.501479 16.647158 0.012131
1585068043.633479 16.646303 0.012097
1585068043.765479 16.647129 0.012107
1585068043.864480 16.647294 0.012128
1585068043.996480 16.644094 0.012097
1585068044.095480 16.642977 0.012101
1585068044.227481 16.641802 0.012092
1585068044.326481 16.641789 0.012006
1585068044.425481 16.641084 0.012123
1585068044.524481 16.640341 0.012119
1585068044.656482 16.641119 0.012097
1585068044.788482 16.638866 0.012129
1585068044.920482 16.633199 0.012129
1585068045.085483 16.631011 0.012126
1585068045.250483 16.628064 0.012000
1585068045.382483 16.625445 0.012128
1585068045.514484 16.622432 0.012126
1585068045.646484 16.620808 0.012101
1585068045.811484 16.618055 0.012056
1585068045.943485 16.612691 0.012023
1585068046.108485 16.607776 0.012107
1585068046.273485 16.603500 0.012074
1585068046.438486 16.598738 0.011978
1585068046.669486 16.591006 0.011989
1585068046.900487 16.582889 0.012051
1585068047.098487 16.579589 0.012080
1585068047.296488 16.576540 0.012094
1585068047.494488 16.569653 0.012092
