DelayedMarginalization 0.00142139 9.84367e-07 0.00952119 1836
DelayedMarginalizationOnly 0.000682173 5.22274e-07 0.00736862 1836
EF-marginalizeFrame 0.00179222 1.03673e-06 0.00997804 1836
FullSystem::trackNewCoarse 0.00559344 1.64195e-05 0.0377465 7152
FullSystem::trackNewCoarseNoIMU 0.00175648 6.29191e-07 0.00741059 389
FullSystemOptimize 0.140833 0.000317704 0.191292 1842
GraphUnrolling 0.0146825 2.98557e-05 0.020858 4
IMUInitAddPose 3.61424e-05 3.22058e-09 0.00118908 1842
IMUInitOptimize 0.0381747 0.000538591 0.0905492 34
IMUIntegration::finishKeyframeOperations 5.05916e-05 3.60611e-09 0.00192908 1803
InitializerFirstFrame 0.0314358 -nan 0.0314358 1
InitializerOtherFrames 0.0265284 8.00726e-05 0.0817153 491
MainMarginalization 0.00161922 1.00054e-06 0.00974691 1836
MarginalizationReplacementBuildGraph 0.00337643 -nan 0.00337643 1
MarginalizeMainGraph 0.000737689 3.13391e-07 0.00586487 1836
PGBA 0.055863 1.0565e-05 0.058618 4
PGBAFull 0.0525519 0.000818379 0.0689266 5
PrepareGraphForMainOptimization 0.014783 3.02534e-05 0.0210149 4
VisualMarginalization 2.7752e-05 3.08564e-09 0.00124438 1836
activatePointsMT 0.00420737 3.8379e-06 0.0163772 1842
addActiveFrame 0.0490005 0.00467407 0.273829 8033
addIMUData 0.000993476 9.811e-07 0.016269 7152
addIMUDataToBA 0.000105666 6.9376e-09 0.00231769 8032
addKeyframeToBA 5.08827e-05 1.43049e-09 0.00153435 1842
afterCoarseTracking 4.20868e-07 1.14476e-10 0.000929312 7541
baIteration 0.0229483 2.90386e-05 0.0555276 10583
baMatrixInversion 0.000169556 8.17636e-09 0.00250261 10583
baUpdateBuildHessians 0.000594841 3.3051e-07 0.010155 10583
coarseTrackingIteration 0.000559336 8.48092e-07 0.00967823 57399
computeBAUpdate 0.000864396 3.51049e-07 0.010529 10583
computeCoarseUpdate 0.000314334 5.36041e-07 0.00854727 55195
computeFactorForCoarseGraphAndMarginalCovariances 0.00222666 5.08392e-07 0.0102743 1803
convertHAndBFromDSO 0.000103461 3.18613e-09 0.00264953 17900
debugPlot 9.46319e-08 3.73902e-15 7.81e-07 1842
debugPlotIDepthMap 4.51473e-07 3.67704e-14 2.685e-06 1842
debugPlotIDepthMapFloat 5.71314e-08 2.45767e-15 4.11e-07 1842
deliverTrackedFrame 0.0424313 0.00483852 0.269374 7542
flagFramesForMarginalization 1.99562e-06 9.14662e-12 0.000125613 1842
fullCoarseTracking 0.00679572 2.63295e-05 0.0937525 7541
initObjectsAndMakeImage 0.00115118 2.65202e-07 0.00519243 8033
makeKeyframe 0.163592 0.000348607 0.26932 1842
makeKeyframeChangeTrackingRef 0.00179873 6.81571e-08 0.00384933 1842
makeNewTraces 0.00344567 1.62972e-07 0.0068138 1842
makeNonKeyframe 0.00318262 2.78726e-06 0.00878685 5700
marginalizeAndRemovePoints 0.0032328 7.5683e-07 0.00712837 1842
marginalizeFrame 0.00340532 1.27072e-06 0.0116445 1836
marginalizeFrameOverhead 0.00160895 1.3051e-07 0.00364174 1836
marginalizeFrames 0.00340925 1.32547e-06 0.0116603 1842
newFrameAndNewResidualsForOldPoints 0.000976023 4.68633e-08 0.0030265 1842
printBiases 8.66261e-06 2.37994e-10 0.000273236 1842
printEigenValLine 1.33312e-07 8.68319e-16 4.31e-07 1842
printLogLine 0.000149133 8.51441e-08 0.00354492 1842
publishInMakeKeyframe 2.27903e-07 1.16366e-14 1.353e-06 1842
removeOutliers 0.000148818 2.70314e-09 0.00138926 1842
swapTrackingRef 0.000159764 7.88232e-08 0.0027232 1842
timeMeasurement 1.85837e-06 1.07822e-11 0.000142945 8033
traceNewCoarse 0.00303343 2.2559e-06 0.00877353 7542
updateBAValues 1.09112e-05 2.99616e-11 0.00030492 18829
zero 1.23972e-07 3.86193e-14 1.5348e-05 8033
