1585225981.694018 24.965811 0.501290
1585225981.826018 25.188291 0.339461
1585225981.958018 25.541309 0.257514
1585225982.090019 25.791330 0.216361
1585225982.189019 26.079054 0.191534
1585225982.288019 26.354947 0.174087
1585225982.387019 26.620274 0.314709
1585225982.486020 26.758238 0.304684
1585225982.585020 26.943400 0.306694
1585225982.684020 27.035347 0.128627
1585225982.783020 27.247732 0.131350
1585225982.882021 27.438800 0.131919
1585225982.981021 27.547524 0.132281
1585225983.080021 27.722513 0.125374
1585225983.212021 27.935578 0.122081
1585225983.344022 28.166327 0.115684
1585225983.476022 28.289684 0.104997
1585225983.608022 28.481553 0.098061
1585225983.740022 28.687327 0.090925
1585225983.839023 28.860517 0.084322
1585225983.971023 29.019250 0.074051
1585225984.103023 29.248015 0.063820
1585225984.268024 29.405621 0.054479
1585225984.400024 29.546747 0.048936
1585225984.565025 29.673278 0.041248
1585225984.697025 29.824659 0.036415
1585225984.862025 29.900400 0.031572
1585225985.027026 29.952828 0.027698
1585225985.192026 29.993791 0.024993
1585225985.357027 29.942090 0.022554
1585225985.522027 29.800010 0.020457
1585225985.687027 29.631341 0.018503
1585225985.852028 29.449479 0.016868
1585225986.017028 29.199962 0.015900
1585225986.149028 28.949704 0.015081
1585225986.314029 28.601284 0.014827
1585225986.479029 28.213237 0.013868
1585225986.611029 27.812074 0.013817
1585225986.776030 27.508779 0.012973
1585225986.941030 27.171575 0.012925
1585225987.139031 26.855466 0.012149
1585225987.337031 26.515534 0.011983
1585225987.502032 26.247037 0.011457
1585225987.667032 26.009629 0.011393
1585225987.799032 25.834870 0.011017
1585225987.931033 25.715563 0.010688
1585225988.063033 25.662334 0.010822
1585225988.195033 25.572060 0.010550
1585225988.327034 25.517346 0.010298
1585225988.459034 25.447958 0.010046
1585225988.558034 25.408901 0.009925
1585225988.657034 25.377734 0.009788
1585225988.756035 25.346020 0.009675
1585225988.888035 25.333168 0.009503
1585225989.053035 25.320626 0.009319
1585225989.185035 25.297657 0.009157
1585225989.317036 25.288985 0.009047
1585225989.416036 25.288584 0.008959
1585225989.515036 25.271553 0.008878
1585225989.614037 25.254496 0.008803
1585225989.713037 25.251186 0.008746
1585225989.812037 25.248536 0.008689
1585225989.911037 25.238547 0.008638
1585225990.043038 25.233639 0.008567
1585225990.142038 25.215692 0.008510
1585225990.241038 25.208926 0.008453
1585225990.373038 25.200699 0.008710
1585225990.505039 25.205025 0.008668
1585225990.637039 25.191500 0.008612
1585225990.769039 25.187800 0.008538
1585225990.901040 25.185112 0.008478
1585225991.066040 25.183971 0.008408
1585225991.198040 25.178825 0.008340
1585225991.330041 25.196692 0.008324
1585225991.429041 25.207486 0.008284
1585225991.528041 25.210500 0.008244
1585225991.627042 25.220111 0.008193
1585225991.726042 25.225805 0.008150
1585225991.825042 25.225400 0.008099
1585225991.924042 25.224220 0.008042
1585225992.023042 25.230440 0.007981
1585225992.122043 25.245861 0.007922
1585225992.254043 25.235839 0.007802
1585225992.386043 25.239645 0.007686
1585225992.485044 25.245007 0.007594
1585225992.617044 25.250906 0.007458
1585225992.749044 25.271796 0.007308
1585225992.881044 25.277512 0.007129
1585225992.980045 25.278741 0.006987
1585225993.079045 25.272544 0.006838
1585225993.211045 25.277782 0.006634
1585225993.343046 25.273876 0.006428
1585225993.475046 25.270656 0.006221
1585225993.607046 25.277698 0.006044
1585225993.772047 25.275316 0.005839
1585225993.937047 25.268831 0.005660
1585225994.102047 25.262739 0.005512
1585225994.267048 25.239391 0.005376
1585225994.432048 25.258765 0.005277
1585225994.597049 25.261317 0.005172
1585225994.729049 25.263464 0.005102
1585225994.861049 25.267209 0.005032
1585225994.993049 25.281068 0.004960
1585225995.125050 25.288887 0.004893
1585225995.257050 25.292209 0.004835
1585225995.389050 25.300694 0.004786
1585225995.521051 25.314425 0.004723
1585225995.653051 25.327418 0.004659
1585225995.785051 25.348281 0.004618
1585225995.917052 25.361574 0.004569
1585225996.049052 25.369733 0.004541
1585225996.148052 25.377542 0.004505
1585225996.247052 25.382021 0.004478
1585225996.346053 25.388327 0.004448
1585225996.445053 25.394440 0.004415
1585225996.577053 25.405950 0.004385
1585225996.709054 25.415966 0.004354
1585225996.808054 25.422650 0.004328
1585225996.907054 25.426945 0.004299
1585225997.006054 25.433767 0.004273
1585225997.105054 25.442850 0.004243
1585225997.204055 25.447656 0.004212
1585225997.303055 25.451880 0.004190
1585225997.402055 25.457729 0.004154
1585225997.501055 25.463307 0.004128
1585225997.600055 25.469160 0.004104
1585225997.699056 25.470944 0.004075
1585225997.798056 25.471246 0.004052
1585225997.930056 25.472700 0.004012
1585225998.029057 25.474761 0.003990
1585225998.128057 25.477224 0.003961
1585225998.227057 25.480980 0.003939
1585225998.326057 25.478857 0.003911
1585225998.425058 25.478690 0.003876
1585225998.524058 25.477115 0.003839
1585225998.623058 25.475482 0.003805
1585225998.722058 25.480231 0.003795
1585225998.854059 25.480384 0.003751
1585225999.019059 25.476189 0.003696
1585225999.184059 25.468203 0.003635
1585225999.316060 25.460664 0.003589
1585225999.448060 25.454426 0.003542
1585225999.580060 25.447747 0.003498
1585225999.712061 25.443917 0.003459
1585225999.844061 25.439707 0.003421
1585225999.943061 25.437004 0.003390
1585226000.075062 25.432171 0.003355
1585226000.174062 25.429578 0.003331
1585226000.273062 25.427021 0.003308
1585226000.372062 25.425631 0.003283
1585226000.504062 25.420759 0.003251
1585226000.603063 25.417667 0.003229
1585226000.735063 25.413767 0.003200
1585226000.867063 25.408197 0.003175
1585226000.999063 25.404089 0.003147
1585226001.131064 25.401083 0.003129
1585226001.230064 25.398447 0.003111
1585226001.329064 25.395588 0.003094
1585226001.428065 25.393511 0.003079
1585226001.527065 25.391266 0.003062
1585226001.593065 25.389541 0.003050
1585226001.692065 25.386628 0.003030
1585226001.791066 25.383365 0.003012
1585226001.923066 25.380793 0.002991
1585226002.022066 25.376862 0.002974
1585226002.121066 25.374296 0.002959
1585226002.220067 25.371523 0.002942
1585226002.352067 25.369984 0.002925
1585226002.484067 25.369050 0.002904
1585226002.616068 25.365997 0.002884
1585226002.715068 25.362664 0.002870
1585226002.814068 25.362091 0.002857
1585226002.913068 25.361377 0.002845
1585226003.012068 25.359905 0.002834
1585226003.111069 25.358647 0.002823
1585226003.210069 25.357899 0.002811
1585226003.309069 25.358481 0.002801
1585226003.441070 25.359291 0.002788
1585226003.540070 25.359695 0.002777
1585226003.639070 25.357726 0.002768
1585226003.771070 25.360297 0.002757
1585226003.903071 25.357901 0.002745
1585226004.035071 25.355955 0.002735
1585226004.167071 25.352409 0.002725
1585226004.266072 25.350670 0.002719
1585226004.365072 25.351104 0.002711
1585226004.497072 25.353271 0.002701
1585226004.596072 25.351700 0.002693
1585226004.695072 25.349570 0.002686
1585226004.827073 25.341959 0.002674
1585226004.959073 25.339762 0.002665
1585226005.091074 25.337635 0.002657
1585226005.223074 25.333785 0.002649
1585226005.355074 25.329971 0.002645
1585226005.454074 25.326636 0.002641
1585226005.586075 25.325485 0.002635
1585226005.718075 25.323468 0.002629
1585226005.850075 25.323248 0.002622
1585226005.982076 25.321794 0.002616
1585226006.114076 25.322191 0.002610
1585226006.246076 25.320326 0.002603
1585226006.378076 25.321118 0.002597
1585226006.510077 25.319771 0.002589
1585226006.642077 25.318648 0.002581
1585226006.774077 25.319084 0.002574
1585226006.906078 25.319764 0.002568
1585226007.038078 25.321652 0.002562
1585226007.170079 25.322264 0.002556
1585226007.302079 25.321105 0.002550
1585226007.434079 25.320268 0.002546
1585226007.566079 25.321074 0.002542
1585226007.698080 25.319098 0.002537
1585226007.863080 25.319307 0.002533
1585226007.995080 25.319994 0.002530
1585226008.127081 25.318599 0.002527
1585226008.259081 25.317914 0.002524
1585226008.391081 25.316541 0.002521
1585226008.490082 25.315819 0.002519
1585226008.589082 25.316272 0.002517
1585226008.688082 25.317627 0.002518
1585226008.787082 25.318749 0.002517
1585226008.919082 25.319158 0.002515
1585226009.018083 25.318434 0.002513
1585226009.117083 25.318525 0.002512
1585226009.216083 25.318231 0.002510
1585226009.315084 25.318438 0.002509
1585226009.414084 25.319428 0.002507
1585226009.513084 25.319459 0.002506
1585226009.612084 25.319578 0.002505
1585226009.711085 25.320304 0.002504
1585226009.810085 25.322417 0.002503
1585226009.942085 25.322828 0.002501
1585226010.074085 25.323565 0.002501
1585226010.173085 25.323354 0.002500
1585226010.272086 25.323740 0.002499
1585226010.371086 25.323840 0.002498
1585226010.437086 25.325119 0.002497
1585226010.503086 25.325702 0.002497
1585226010.569087 25.326687 0.002497
1585226010.668087 25.327038 0.002495
1585226010.800087 25.327958 0.002494
1585226010.899087 25.328451 0.002493
1585226011.031088 25.329493 0.002492
1585226011.130088 25.331090 0.002492
1585226011.262088 25.331637 0.002491
1585226011.394089 25.331513 0.002490
1585226011.493089 25.330751 0.002489
1585226011.592089 25.330362 0.002487
1585226011.691089 25.330830 0.002487
1585226011.823089 25.331714 0.002486
1585226011.922090 25.332213 0.002485
1585226012.021090 25.333121 0.002484
1585226012.120090 25.333413 0.002483
1585226012.219090 25.333180 0.002482
1585226012.318091 25.334256 0.002483
1585226012.417091 25.335407 0.002482
1585226012.516091 25.335885 0.002481
1585226012.615092 25.336228 0.002480
1585226012.714092 25.336877 0.002479
1585226012.813092 25.337242 0.002478
1585226012.912092 25.337400 0.002478
1585226013.011092 25.338313 0.002477
1585226013.110093 25.338850 0.002475
1585226013.209093 25.339449 0.002475
1585226013.341093 25.339587 0.002474
1585226013.440094 25.339399 0.002473
1585226013.572094 25.339331 0.002472
1585226013.704094 25.338861 0.002471
1585226013.803094 25.338629 0.002470
1585226013.902095 25.338240 0.002470
1585226014.001095 25.338811 0.002470
1585226014.100095 25.338764 0.002469
1585226014.199095 25.338768 0.002469
1585226014.298095 25.338844 0.002468
1585226014.397096 25.339366 0.002468
1585226014.496096 25.339605 0.002468
1585226014.595096 25.340152 0.002467
1585226014.694096 25.340448 0.002466
1585226014.793097 25.340712 0.002466
1585226014.892097 25.341143 0.002466
1585226014.991097 25.341350 0.002465
1585226015.090097 25.341215 0.002465
1585226015.189097 25.340941 0.002464
1585226015.288098 25.340833 0.002464
1585226015.387098 25.341190 0.002464
1585226015.486098 25.340841 0.002464
1585226015.585099 25.341014 0.002464
1585226015.651099 25.340724 0.002464
1585226015.750099 25.340736 0.002464
1585226015.849099 25.340599 0.002463
1585226015.948099 25.340574 0.002463
1585226016.047100 25.340579 0.002463
1585226016.146100 25.340277 0.002462
1585226016.245100 25.339935 0.002462
1585226016.344100 25.340225 0.002462
1585226016.443100 25.340270 0.002462
1585226016.509101 25.340458 0.002462
1585226016.575101 25.340294 0.002462
1585226016.674101 25.340756 0.002461
1585226016.773101 25.340323 0.002461
1585226016.872102 25.340886 0.002461
1585226016.971102 25.340655 0.002461
1585226017.037102 25.340688 0.002461
1585226017.103102 25.341234 0.002461
1585226017.169102 25.342244 0.002461
1585226017.235102 25.341870 0.002460
1585226017.301103 25.342346 0.002460
1585226017.400103 25.342041 0.002460
1585226017.499103 25.341697 0.002460
1585226017.598103 25.341652 0.002460
1585226017.697104 25.341980 0.002459
1585226017.796104 25.341122 0.002459
1585226017.895104 25.342132 0.002458
1585226017.994104 25.342399 0.002458
1585226018.093104 25.342855 0.002458
1585226018.159105 25.343495 0.002457
1585226018.258105 25.343531 0.002457
1585226018.357105 25.343826 0.002457
1585226018.456105 25.344086 0.002457
1585226018.555105 25.343498 0.002456
1585226018.654106 25.343394 0.002456
1585226018.753106 25.342821 0.002456
1585226018.852106 25.342307 0.002456
1585226018.951107 25.342242 0.002455
1585226019.050107 25.342400 0.002455
1585226019.149107 25.341291 0.002454
1585226019.248107 25.341183 0.002454
1585226019.347107 25.342227 0.002454
1585226019.446108 25.343652 0.002454
1585226019.512108 25.344270 0.002454
1585226019.578108 25.344329 0.002453
1585226019.677108 25.345005 0.002453
1585226019.776109 25.344688 0.002453
1585226019.875109 25.344020 0.002453
1585226019.974109 25.344070 0.002453
1585226020.073109 25.343588 0.002453
1585226020.172109 25.342970 0.002453
1585226020.271110 25.343363 0.002452
1585226020.370110 25.343247 0.002452
1585226020.469110 25.344112 0.002452
1585226020.568110 25.345132 0.002452
1585226020.667111 25.347294 0.002452
1585226020.766111 25.346750 0.002451
1585226020.865111 25.346167 0.002451
1585226020.964111 25.346364 0.002451
1585226021.063111 25.346812 0.002451
1585226021.162112 25.346762 0.002451
1585226021.261112 25.346847 0.002451
1585226021.360112 25.347864 0.002451
1585226021.459112 25.347602 0.002450
1585226021.558113 25.347973 0.002450
1585226021.657113 25.347388 0.002450
1585226021.756113 25.349005 0.002450
1585226021.855114 25.350637 0.002450
1585226021.954113 25.350545 0.002449
1585226022.053114 25.351145 0.002449
1585226022.152114 25.351974 0.002449
1585226022.251114 25.352477 0.002448
1585226022.350115 25.353006 0.002447
1585226022.449115 25.353882 0.002447
1585226022.548115 25.355231 0.002446
1585226022.680115 25.356414 0.002445
1585226022.812116 25.356437 0.002445
1585226022.911116 25.356613 0.002444
1585226023.010116 25.358388 0.002444
1585226023.109116 25.357688 0.002444
1585226023.208117 25.355892 0.002444
1585226023.307117 25.355234 0.002442
1585226023.406117 25.356332 0.002444
1585226023.505117 25.357025 0.002444
1585226023.604117 25.356803 0.002444
1585226023.703118 25.357055 0.002443
1585226023.802118 25.358039 0.002443
1585226023.901118 25.358034 0.002442
1585226024.000118 25.358601 0.002443
1585226024.099119 25.357485 0.002441
1585226024.198119 25.356476 0.002442
1585226024.297119 25.356205 0.002442
1585226024.396120 25.355282 0.002442
1585226024.495120 25.356423 0.002441
1585226024.594120 25.356426 0.002442
1585226024.693120 25.356101 0.002441
1585226024.792120 25.355772 0.002441
1585226024.891121 25.355512 0.002441
1585226024.990121 25.354706 0.002441
1585226025.089121 25.355063 0.002440
1585226025.188121 25.354750 0.002441
1585226025.287122 25.353638 0.002440
1585226025.386122 25.353665 0.002440
1585226025.452122 25.352843 0.002441
1585226025.551122 25.353207 0.002440
1585226025.617122 25.352774 0.002440
1585226025.716123 25.353323 0.002440
1585226025.815123 25.354432 0.002440
1585226025.914123 25.356244 0.002440
1585226026.013123 25.356586 0.002440
1585226026.112124 25.356965 0.002440
1585226026.211124 25.355947 0.002439
1585226026.310124 25.356372 0.002439
1585226026.409124 25.354124 0.002439
1585226026.508124 25.353909 0.002439
1585226026.607125 25.353876 0.002439
1585226026.706125 25.354043 0.002439
1585226026.805125 25.353646 0.002439
1585226026.904125 25.354511 0.002438
1585226027.003126 25.352035 0.002438
1585226027.102126 25.352123 0.002438
1585226027.234126 25.352228 0.002438
1585226027.333126 25.352040 0.002437
1585226027.432127 25.351397 0.002438
1585226027.531127 25.350871 0.002438
1585226027.630127 25.351562 0.002438
1585226027.729127 25.351376 0.002438
1585226027.828127 25.352165 0.002436
1585226027.927128 25.352509 0.002437
1585226028.026128 25.351913 0.002437
1585226028.125128 25.352742 0.002437
1585226028.224128 25.353088 0.002437
1585226028.323129 25.354495 0.002437
1585226028.422129 25.355196 0.002437
1585226028.521129 25.355803 0.002436
1585226028.620130 25.355206 0.002435
1585226028.719130 25.355172 0.002435
1585226028.818130 25.355051 0.002435
1585226028.917130 25.355278 0.002435
1585226029.016130 25.355010 0.002435
1585226029.115131 25.354994 0.002435
1585226029.214131 25.356073 0.002435
1585226029.313131 25.357288 0.002435
1585226029.412131 25.357407 0.002434
1585226029.511132 25.357010 0.002433
1585226029.610132 25.355574 0.002433
1585226029.709132 25.356087 0.002433
1585226029.808132 25.355778 0.002433
1585226029.907133 25.355487 0.002433
1585226030.006133 25.354691 0.002433
1585226030.105133 25.356345 0.002431
1585226030.204133 25.356332 0.002433
1585226030.303133 25.356335 0.002433
1585226030.369133 25.356865 0.002433
1585226030.435134 25.357329 0.002432
1585226030.501134 25.356156 0.002432
1585226030.567134 25.354382 0.002432
1585226030.666134 25.353923 0.002432
1585226030.765135 25.354793 0.002432
1585226030.864135 25.355836 0.002431
1585226030.930135 25.356438 0.002431
1585226031.029135 25.356861 0.002431
1585226031.128135 25.355692 0.002430
1585226031.227136 25.355879 0.002429
1585226031.326136 25.356941 0.002430
1585226031.425136 25.358487 0.002430
1585226031.524137 25.358539 0.002430
1585226031.623137 25.359472 0.002430
1585226031.722137 25.360355 0.002429
1585226031.821137 25.360132 0.002429
1585226031.920137 25.359742 0.002426
1585226032.019138 25.358682 0.002428
1585226032.118138 25.358409 0.002427
1585226032.217138 25.356952 0.002428
1585226032.316138 25.357154 0.002427
1585226032.415138 25.356756 0.002427
1585226032.514139 25.357315 0.002427
1585226032.613139 25.356365 0.002427
1585226032.712139 25.356372 0.002426
1585226032.811140 25.356251 0.002425
1585226032.910140 25.355500 0.002425
1585226033.009140 25.355753 0.002425
1585226033.108140 25.355873 0.002425
1585226033.207140 25.355831 0.002425
1585226033.306141 25.356198 0.002424
1585226033.438141 25.355765 0.002424
1585226033.570141 25.356444 0.002423
1585226033.702142 25.357004 0.002423
1585226033.834142 25.357950 0.002423
1585226033.966142 25.358360 0.002423
1585226034.065143 25.359502 0.002422
1585226034.164143 25.358621 0.002422
1585226034.263143 25.359359 0.002421
1585226034.362143 25.360460 0.002421
1585226034.461143 25.357437 0.002418
1585226034.593144 25.358261 0.002421
1585226034.725144 25.358306 0.002420
1585226034.857144 25.358175 0.002420
1585226034.956145 25.357094 0.002420
1585226035.088145 25.356924 0.002420
1585226035.220145 25.356517 0.002419
1585226035.319145 25.358621 0.002419
1585226035.418146 25.357365 0.002418
1585226035.517146 25.359631 0.002418
1585226035.616146 25.359709 0.002419
1585226035.715147 25.358505 0.002417
1585226035.814147 25.357969 0.002418
1585226035.913147 25.358244 0.002418
1585226036.012147 25.359276 0.002417
1585226036.111147 25.358217 0.002418
1585226036.210148 25.358129 0.002417
1585226036.309148 25.358927 0.002417
1585226036.441148 25.356505 0.002416
1585226036.573148 25.358368 0.002416
1585226036.705149 25.357823 0.002417
1585226036.837149 25.356781 0.002417
1585226036.936149 25.356189 0.002416
1585226037.068150 25.357260 0.002416
1585226037.200150 25.359109 0.002416
1585226037.332150 25.359422 0.002416
1585226037.464150 25.359197 0.002415
1585226037.596151 25.360032 0.002414
1585226037.728151 25.360702 0.002415
1585226037.860152 25.360041 0.002415
1585226037.992152 25.358547 0.002414
1585226038.091152 25.357329 0.002415
1585226038.223152 25.356704 0.002415
1585226038.322153 25.356804 0.002415
1585226038.421153 25.356619 0.002415
1585226038.520153 25.358831 0.002415
1585226038.652153 25.358510 0.002415
1585226038.784154 25.356863 0.002414
1585226038.916154 25.356387 0.002414
1585226039.048155 25.357489 0.002413
1585226039.213155 25.357007 0.002413
1585226039.411155 25.357499 0.002414
1585226039.576156 25.358115 0.002414
1585226039.741156 25.357656 0.002413
1585226039.906157 25.359160 0.002413
1585226040.038157 25.359385 0.002413
1585226040.170157 25.358857 0.002413
1585226040.302158 25.360136 0.002413
1585226040.434158 25.360840 0.002413
1585226040.566158 25.361501 0.002413
1585226040.698159 25.361396 0.002412
1585226040.830159 25.362068 0.002413
1585226040.962159 25.363612 0.002413
1585226041.094159 25.364288 0.002413
1585226041.193160 25.367560 0.002412
1585226041.325160 25.369087 0.002413
1585226041.457160 25.370572 0.002413
1585226041.589161 25.372164 0.002413
1585226041.721161 25.374266 0.002413
1585226041.853161 25.376464 0.002413
1585226041.985162 25.377626 0.002412
1585226042.117162 25.381024 0.002412
1585226042.249162 25.382689 0.002412
1585226042.381162 25.384844 0.002412
1585226042.513163 25.386919 0.002412
1585226042.645163 25.392832 0.002412
1585226042.777164 25.396769 0.002412
1585226042.909164 25.400194 0.002412
1585226043.074164 25.407467 0.002410
1585226043.239165 25.413435 0.002410
1585226043.404165 25.420851 0.002411
1585226043.569165 25.424119 0.002409
1585226043.734166 25.430990 0.002408
1585226043.899166 25.435232 0.002410
1585226044.064166 25.440925 0.002408
1585226044.229167 25.444583 0.002407
1585226044.394167 25.447724 0.002407
1585226044.559168 25.452628 0.002407
1585226044.691168 25.456594 0.002407
1585226044.823168 25.462440 0.002404
1585226044.955169 25.464628 0.002404
1585226045.087169 25.467979 0.002403
1585226045.219169 25.470027 0.002401
1585226045.351170 25.471578 0.002402
1585226045.483170 25.472246 0.002399
1585226045.615170 25.472367 0.002405
1585226045.747170 25.474126 0.002404
1585226045.879171 25.475950 0.002403
1585226046.011171 25.477963 0.002401
1585226046.143172 25.477985 0.002401
1585226046.275172 25.480315 0.002400
1585226046.407172 25.478206 0.002397
1585226046.539172 25.479418 0.002394
1585226046.671173 25.481687 0.002395
1585226046.803173 25.480360 0.002394
1585226046.935173 25.481268 0.002391
1585226047.067174 25.481082 0.002389
1585226047.199174 25.480944 0.002385
1585226047.331174 25.483055 0.002384
1585226047.463175 25.480928 0.002381
1585226047.595175 25.480046 0.002379
1585226047.727175 25.480078 0.002377
1585226047.859176 25.480208 0.002375
1585226047.991176 25.479207 0.002372
1585226048.090176 25.479822 0.002370
1585226048.189176 25.479138 0.002368
1585226048.354177 25.479535 0.002364
1585226048.486177 25.478599 0.002361
1585226048.618177 25.478589 0.002357
1585226048.750178 25.477821 0.002355
1585226048.882178 25.477369 0.002353
1585226049.014178 25.477968 0.002349
1585226049.179179 25.480087 0.002346
1585226049.344179 25.480666 0.002343
1585226049.476179 25.481246 0.002342
1585226049.575180 25.481467 0.002338
1585226049.674180 25.481202 0.002336
1585226049.773180 25.481702 0.002335
1585226049.872180 25.481815 0.002331
1585226049.971180 25.482200 0.002332
1585226050.070181 25.482773 0.002329
1585226050.169181 25.483329 0.002329
1585226050.268181 25.483042 0.002327
1585226050.400182 25.483007 0.002323
1585226050.532182 25.483459 0.002323
1585226050.631182 25.483288 0.002322
1585226050.763182 25.483267 0.002319
1585226050.895183 25.483552 0.002318
1585226050.994183 25.482965 0.002315
1585226051.093183 25.482929 0.002315
1585226051.192183 25.483325 0.002313
1585226051.291184 25.483926 0.002312
1585226051.390184 25.483371 0.002310
1585226051.489184 25.484287 0.002308
1585226051.588184 25.484665 0.002308
1585226051.687185 25.485306 0.002307
1585226051.786185 25.485592 0.002306
1585226051.885185 25.485734 0.002306
1585226051.984185 25.484891 0.002301
1585226052.083186 25.485245 0.002303
1585226052.149186 25.485123 0.002302
1585226052.248186 25.485668 0.002301
1585226052.314186 25.485974 0.002301
1585226052.413186 25.486157 0.002299
1585226052.512187 25.486524 0.002298
1585226052.611187 25.486672 0.002298
1585226052.710187 25.485083 0.002289
1585226052.809187 25.485479 0.002295
1585226052.908188 25.486096 0.002292
1585226053.007188 25.485785 0.002294
1585226053.106188 25.486539 0.002292
1585226053.205188 25.487904 0.002291
1585226053.304188 25.486737 0.002291
1585226053.403189 25.486562 0.002291
1585226053.469189 25.486034 0.002291
1585226053.535189 25.485153 0.002288
1585226053.634189 25.485781 0.002289
1585226053.733190 25.484597 0.002287
1585226053.832190 25.485438 0.002286
1585226053.931190 25.485958 0.002285
1585226053.997190 25.484819 0.002286
1585226054.063190 25.485208 0.002285
1585226054.129190 25.484937 0.002285
1585226054.228191 25.484784 0.002284
1585226054.327191 25.483323 0.002281
1585226054.426191 25.484273 0.002279
1585226054.525191 25.483300 0.002282
1585226054.624192 25.483416 0.002279
1585226054.723192 25.484007 0.002280
1585226054.822192 25.484453 0.002280
1585226054.921192 25.483874 0.002279
1585226055.020193 25.483210 0.002276
1585226055.119193 25.482751 0.002278
1585226055.218193 25.482227 0.002273
1585226055.317193 25.483020 0.002278
1585226055.383193 25.483165 0.002277
1585226055.482194 25.482206 0.002277
1585226055.548194 25.484622 0.002276
1585226055.614194 25.484471 0.002276
1585226055.713194 25.484025 0.002276
1585226055.812195 25.483951 0.002275
1585226055.911195 25.483120 0.002276
1585226056.010195 25.482722 0.002275
1585226056.109195 25.482820 0.002275
1585226056.241195 25.482974 0.002274
1585226056.340196 25.483290 0.002274
1585226056.472196 25.483186 0.002273
1585226056.604196 25.484076 0.002272
1585226056.703197 25.484767 0.002268
1585226056.802197 25.483750 0.002272
1585226056.901197 25.482659 0.002269
1585226056.967197 25.484033 0.002270
1585226057.066197 25.482592 0.002272
1585226057.165198 25.484373 0.002270
1585226057.264198 25.484257 0.002271
1585226057.363198 25.484192 0.002270
1585226057.462198 25.484016 0.002270
1585226057.561198 25.483878 0.002270
1585226057.660199 25.483591 0.002270
1585226057.759199 25.484062 0.002270
1585226057.858199 25.483840 0.002269
1585226057.957200 25.483694 0.002269
1585226058.056200 25.484179 0.002268
1585226058.155200 25.485097 0.002268
1585226058.254200 25.485725 0.002267
1585226058.353200 25.485712 0.002267
1585226058.452201 25.485869 0.002267
1585226058.551201 25.485842 0.002266
1585226058.650201 25.484253 0.002268
1585226058.749201 25.484334 0.002269
1585226058.881202 25.485424 0.002268
1585226059.046202 25.486041 0.002267
1585226059.178202 25.485718 0.002267
1585226059.343203 25.485765 0.002268
1585226059.541203 25.486522 0.002267
1585226059.706204 25.487115 0.002267
1585226059.871204 25.487484 0.002266
1585226060.069205 25.487838 0.002267
1585226060.300205 25.490918 0.002265
1585226060.498206 25.492187 0.002265
1585226060.696206 25.493594 0.002266
1585226060.861207 25.492169 0.002267
1585226061.026207 25.493127 0.002266
1585226061.191207 25.494184 0.002266
1585226061.356208 25.495454 0.002266
1585226061.521208 25.496533 0.002267
1585226061.686208 25.496517 0.002265
1585226061.851209 25.496296 0.002263
1585226062.016209 25.496430 0.002266
1585226062.148210 25.496460 0.002264
1585226062.280210 25.497132 0.002266
1585226062.412210 25.497974 0.002263
1585226062.544210 25.497763 0.002264
1585226062.676211 25.497394 0.002265
1585226062.808211 25.496692 0.002263
1585226062.907211 25.497860 0.002264
1585226063.006212 25.497965 0.002263
1585226063.105212 25.498189 0.002264
1585226063.204212 25.498188 0.002263
1585226063.303212 25.497466 0.002262
1585226063.402213 25.496646 0.002263
1585226063.501213 25.496142 0.002263
1585226063.600213 25.496319 0.002263
1585226063.699213 25.495819 0.002262
1585226063.831213 25.495092 0.002262
1585226063.930214 25.494959 0.002263
1585226064.062214 25.494517 0.002261
1585226064.194214 25.493928 0.002260
1585226064.326215 25.494387 0.002260
1585226064.458215 25.493490 0.002260
1585226064.590215 25.493592 0.002260
1585226064.722216 25.492835 0.002259
1585226064.854216 25.493044 0.002258
1585226064.953216 25.490684 0.002257
1585226065.052217 25.490318 0.002258
1585226065.184217 25.488537 0.002257
1585226065.316217 25.487520 0.002257
1585226065.415217 25.486575 0.002256
1585226065.547218 25.485999 0.002256
1585226065.679218 25.484786 0.002255
1585226065.811219 25.484035 0.002255
1585226065.943219 25.483764 0.002254
1585226066.075219 25.483052 0.002252
1585226066.207219 25.481372 0.002251
1585226066.339220 25.480293 0.002251
1585226066.471220 25.479336 0.002251
1585226066.603220 25.478274 0.002249
1585226066.702220 25.478085 0.002249
1585226066.801221 25.477458 0.002248
1585226066.900221 25.477043 0.002248
1585226066.999221 25.475099 0.002247
1585226067.131222 25.474902 0.002246
1585226067.230222 25.474299 0.002247
1585226067.362222 25.474120 0.002245
1585226067.461222 25.474103 0.002245
1585226067.560222 25.474273 0.002245
1585226067.659223 25.473782 0.002244
1585226067.758223 25.473800 0.002244
1585226067.824223 25.473492 0.002244
1585226067.923223 25.473505 0.002243
1585226068.022224 25.473233 0.002242
1585226068.121224 25.473126 0.002242
1585226068.220224 25.472051 0.002242
1585226068.286224 25.472173 0.002242
1585226068.352224 25.472381 0.002241
1585226068.418224 25.472424 0.002241
1585226068.484225 25.471770 0.002241
1585226068.550225 25.471404 0.002240
1585226068.649225 25.470361 0.002241
1585226068.748225 25.468986 0.002240
1585226068.847226 25.468299 0.002240
1585226068.946226 25.467090 0.002240
1585226069.045226 25.465002 0.002239
1585226069.144226 25.464423 0.002238
1585226069.243226 25.463306 0.002238
1585226069.342227 25.462608 0.002238
1585226069.441227 25.461593 0.002238
1585226069.540227 25.460838 0.002238
1585226069.639227 25.459915 0.002237
1585226069.738228 25.459310 0.002237
1585226069.804228 25.458816 0.002237
1585226069.870228 25.458387 0.002236
1585226069.969228 25.457770 0.002236
1585226070.068228 25.456394 0.002236
1585226070.167229 25.454449 0.002236
1585226070.266229 25.453800 0.002236
1585226070.398229 25.453579 0.002235
1585226070.497230 25.451657 0.002235
1585226070.596230 25.450925 0.002235
1585226070.695230 25.450135 0.002234
1585226070.794230 25.448291 0.002233
1585226070.893230 25.447889 0.002234
1585226070.992231 25.446348 0.002234
1585226071.091231 25.445354 0.002233
1585226071.190231 25.444864 0.002233
1585226071.289231 25.444465 0.002233
1585226071.388232 25.443469 0.002232
1585226071.487232 25.442716 0.002232
1585226071.586232 25.442016 0.002232
1585226071.718232 25.441383 0.002232
1585226071.817233 25.440411 0.002231
1585226071.949233 25.439981 0.002232
1585226072.048233 25.439588 0.002232
1585226072.147233 25.438027 0.002231
1585226072.246234 25.436794 0.002232
1585226072.345234 25.435535 0.002232
1585226072.444234 25.434312 0.002231
1585226072.543234 25.433802 0.002231
1585226072.642235 25.432917 0.002230
1585226072.741235 25.432050 0.002231
1585226072.840235 25.431116 0.002231
1585226072.939235 25.430343 0.002231
1585226073.038235 25.429587 0.002230
1585226073.137236 25.428240 0.002229
1585226073.236236 25.427480 0.002230
1585226073.335236 25.426755 0.002230
1585226073.434237 25.425976 0.002230
1585226073.533237 25.425554 0.002230
1585226073.632237 25.424262 0.002230
1585226073.731237 25.423929 0.002230
1585226073.830237 25.423330 0.002230
1585226073.929238 25.422792 0.002229
1585226074.028238 25.422482 0.002229
1585226074.127238 25.421874 0.002229
1585226074.226238 25.421383 0.002229
1585226074.325238 25.421159 0.002229
1585226074.424239 25.420894 0.002229
1585226074.523239 25.420464 0.002229
1585226074.622239 25.420127 0.002229
1585226074.688239 25.419496 0.002229
1585226074.787240 25.418779 0.002229
1585226074.886240 25.418593 0.002228
1585226074.985240 25.418292 0.002228
1585226075.084240 25.417729 0.002228
1585226075.216241 25.417074 0.002228
1585226075.348241 25.416200 0.002228
1585226075.447241 25.415735 0.002228
1585226075.546242 25.415039 0.002228
1585226075.645241 25.414475 0.002228
1585226075.744242 25.413548 0.002228
1585226075.843242 25.412854 0.002228
1585226075.942242 25.412662 0.002228
1585226076.041243 25.412006 0.002227
1585226076.173243 25.411217 0.002227
1585226076.272243 25.410891 0.002227
1585226076.404243 25.410743 0.002227
1585226076.503244 25.410143 0.002227
1585226076.602244 25.409833 0.002227
1585226076.701244 25.409518 0.002227
1585226076.800245 25.409326 0.002227
1585226076.899245 25.409066 0.002227
1585226076.998245 25.408741 0.002227
1585226077.097245 25.408333 0.002226
1585226077.196245 25.408015 0.002227
1585226077.295246 25.408091 0.002226
1585226077.394246 25.407608 0.002227
1585226077.493246 25.406694 0.002226
1585226077.592246 25.406533 0.002226
1585226077.691247 25.406397 0.002226
1585226077.790247 25.405723 0.002226
1585226077.889247 25.404707 0.002226
1585226077.988247 25.404573 0.002225
1585226078.087248 25.403802 0.002226
1585226078.186248 25.403352 0.002226
1585226078.285248 25.402774 0.002226
1585226078.384248 25.402541 0.002226
1585226078.483248 25.401747 0.002226
1585226078.582249 25.401436 0.002226
1585226078.681249 25.400820 0.002226
1585226078.780249 25.400483 0.002226
1585226078.879249 25.399941 0.002226
1585226078.978250 25.399538 0.002226
1585226079.077250 25.399448 0.002226
1585226079.176250 25.399070 0.002226
1585226079.275250 25.398557 0.002225
1585226079.374250 25.398353 0.002226
1585226079.473251 25.397999 0.002225
1585226079.572251 25.397862 0.002225
1585226079.671251 25.397456 0.002225
1585226079.770252 25.396886 0.002225
1585226079.869252 25.396859 0.002225
1585226079.968252 25.396093 0.002225
1585226080.067252 25.395523 0.002225
1585226080.166253 25.394991 0.002225
1585226080.265253 25.394404 0.002225
1585226080.364253 25.394314 0.002225
1585226080.463253 25.394095 0.002225
1585226080.562253 25.393965 0.002225
1585226080.661254 25.393910 0.002225
1585226080.760254 25.393461 0.002225
1585226080.859254 25.392330 0.002225
1585226080.958254 25.392278 0.002224
1585226081.057255 25.391713 0.002225
1585226081.156255 25.391711 0.002225
1585226081.255255 25.391470 0.002225
1585226081.354255 25.391279 0.002225
1585226081.453255 25.391044 0.002225
1585226081.552256 25.390536 0.002225
1585226081.651256 25.390280 0.002225
1585226081.750256 25.390165 0.002225
1585226081.849257 25.390200 0.002225
1585226081.948257 25.389673 0.002225
1585226082.047257 25.388715 0.002225
1585226082.146257 25.388351 0.002225
1585226082.245257 25.388319 0.002225
1585226082.344258 25.388383 0.002225
1585226082.443258 25.388217 0.002225
1585226082.542258 25.388090 0.002225
1585226082.641258 25.387382 0.002225
1585226082.740258 25.387122 0.002225
1585226082.839259 25.386774 0.002225
1585226082.971259 25.386194 0.002225
1585226083.103259 25.385346 0.002225
1585226083.235260 25.384507 0.002225
1585226083.400260 25.384204 0.002225
1585226083.565261 25.383788 0.002225
1585226083.697261 25.383894 0.002225
1585226083.862261 25.383253 0.002225
1585226084.060262 25.382328 0.002224
1585226084.258262 25.381626 0.002224
1585226084.456263 25.380225 0.002224
1585226084.654263 25.379732 0.002224
1585226084.852264 25.378796 0.002225
1585226085.017264 25.377817 0.002224
1585226085.182264 25.377212 0.002225
1585226085.347265 25.376106 0.002224
1585226085.479265 25.375388 0.002225
1585226085.611265 25.374968 0.002224
1585226085.743266 25.373262 0.002224
1585226085.908266 25.372734 0.002224
1585226086.073267 25.371627 0.002224
1585226086.238267 25.369128 0.002224
1585226086.403267 25.367408 0.002224
1585226086.568268 25.366398 0.002224
1585226086.733268 25.365363 0.002224
1585226086.865268 25.364234 0.002224
1585226086.997269 25.363212 0.002223
1585226087.129269 25.361668 0.002224
1585226087.261269 25.360909 0.002224
1585226087.393270 25.360462 0.002224
1585226087.525270 25.360069 0.002224
1585226087.657270 25.359092 0.002224
1585226087.789271 25.358254 0.002224
1585226087.921271 25.357864 0.002224
1585226088.086271 25.356998 0.002224
1585226088.218272 25.356449 0.002224
1585226088.350272 25.355650 0.002224
1585226088.482272 25.355855 0.002224
1585226088.614273 25.355296 0.002224
1585226088.779273 25.353754 0.002224
1585226088.944273 25.353352 0.002223
1585226089.109274 25.351471 0.002223
1585226089.274274 25.350504 0.002223
1585226089.406275 25.350723 0.002223
1585226089.571275 25.349947 0.002222
1585226089.736275 25.349331 0.002222
1585226089.901276 25.349233 0.002221
1585226090.033276 25.349168 0.002221
1585226090.165276 25.349723 0.002221
1585226090.264277 25.349422 0.002221
1585226090.363277 25.349124 0.002221
1585226090.495277 25.349291 0.002220
1585226090.594277 25.349650 0.002220
1585226090.726278 25.349734 0.002220
1585226090.858278 25.350128 0.002219
1585226090.957278 25.350034 0.002219
1585226091.056278 25.350041 0.002219
1585226091.155279 25.350163 0.002219
1585226091.287279 25.350750 0.002218
1585226091.419279 25.350656 0.002218
1585226091.584280 25.350499 0.002218
1585226091.716280 25.350747 0.002217
1585226091.848280 25.351104 0.002217
1585226091.980281 25.351510 0.002217
1585226092.112281 25.351618 0.002216
1585226092.244281 25.352068 0.002216
1585226092.376281 25.352788 0.002215
1585226092.475282 25.352545 0.002214
1585226092.574282 25.352912 0.002215
1585226092.673282 25.353217 0.002214
1585226092.772283 25.353090 0.002214
1585226092.871283 25.352939 0.002213
1585226093.003283 25.352879 0.002213
1585226093.135283 25.352791 0.002213
1585226093.267284 25.352807 0.002213
1585226093.399284 25.352849 0.002213
1585226093.531284 25.352643 0.002212
1585226093.663285 25.352717 0.002211
1585226093.795285 25.352397 0.002211
1585226093.894285 25.352289 0.002211
1585226093.993285 25.352393 0.002211
1585226094.092286 25.352562 0.002211
1585226094.191286 25.352812 0.002211
1585226094.290286 25.352575 0.002210
1585226094.422286 25.352421 0.002210
1585226094.521287 25.352497 0.002210
1585226094.620287 25.352104 0.002210
1585226094.719287 25.352305 0.002208
1585226094.818287 25.352196 0.002209
1585226094.917288 25.351701 0.002209
1585226095.016288 25.351582 0.002209
1585226095.115288 25.351910 0.002209
1585226095.181288 25.352490 0.002208
1585226095.280288 25.352864 0.002208
1585226095.379289 25.353162 0.002208
1585226095.478289 25.353338 0.002208
1585226095.544289 25.353213 0.002208
1585226095.610289 25.352959 0.002208
1585226095.676290 25.353235 0.002207
1585226095.742290 25.353186 0.002208
1585226095.841290 25.353298 0.002207
1585226095.907290 25.353571 0.002207
1585226096.006290 25.354444 0.002207
1585226096.105290 25.355302 0.002207
1585226096.204291 25.355358 0.002207
1585226096.303291 25.355053 0.002207
1585226096.435291 25.354977 0.002206
1585226096.567292 25.355052 0.002207
1585226096.666292 25.355146 0.002207
1585226096.765292 25.354956 0.002206
1585226096.864292 25.355277 0.002206
1585226096.963292 25.354989 0.002206
1585226097.128293 25.355018 0.002206
1585226097.293293 25.355070 0.002206
1585226097.425294 25.355171 0.002206
1585226097.557294 25.354931 0.002206
1585226097.689294 25.354350 0.002205
1585226097.821295 25.354294 0.002205
1585226097.953295 25.354532 0.002204
1585226098.085295 25.354320 0.002204
1585226098.217296 25.354435 0.002205
1585226098.316296 25.353792 0.002205
1585226098.448296 25.354324 0.002205
1585226098.580297 25.355664 0.002204
1585226098.712297 25.355528 0.002204
1585226098.811297 25.355197 0.002204
1585226098.910297 25.354998 0.002204
1585226099.009298 25.354777 0.002204
1585226099.108298 25.355100 0.002204
1585226099.207298 25.355270 0.002204
1585226099.339298 25.355431 0.002204
1585226099.438299 25.355621 0.002204
1585226099.537299 25.355921 0.002204
1585226099.636299 25.356606 0.002204
1585226099.735299 25.356744 0.002204
1585226099.834300 25.356630 0.002204
1585226099.933300 25.356613 0.002204
1585226100.032300 25.356983 0.002204
1585226100.131300 25.356553 0.002204
1585226100.230300 25.356860 0.002204
1585226100.329301 25.357056 0.002203
1585226100.428301 25.357219 0.002203
1585226100.527301 25.357236 0.002203
1585226100.626302 25.357014 0.002203
1585226100.725302 25.356475 0.002202
1585226100.857302 25.356622 0.002203
1585226100.956302 25.356942 0.002203
1585226101.088303 25.356951 0.002203
1585226101.220303 25.356572 0.002203
1585226101.352303 25.356246 0.002203
1585226101.451303 25.356729 0.002202
1585226101.583304 25.357358 0.002203
1585226101.715304 25.357511 0.002203
1585226101.814304 25.357306 0.002203
1585226101.913305 25.356853 0.002203
1585226102.012305 25.356912 0.002203
1585226102.111305 25.356833 0.002203
1585226102.210305 25.356920 0.002203
1585226102.342305 25.356935 0.002203
1585226102.474306 25.357350 0.002203
1585226102.606306 25.357946 0.002203
1585226102.738307 25.358100 0.002203
1585226102.870307 25.357327 0.002203
1585226103.002307 25.357047 0.002203
1585226103.101307 25.357565 0.002202
1585226103.200307 25.358066 0.002203
1585226103.299308 25.357944 0.002202
1585226103.398308 25.357727 0.002203
1585226103.497308 25.357770 0.002203
1585226103.596308 25.358193 0.002202
1585226103.695309 25.357493 0.002203
1585226103.827309 25.357052 0.002203
1585226103.992310 25.356366 0.002201
1585226104.124310 25.355820 0.002202
1585226104.289310 25.356861 0.002203
1585226104.454310 25.357605 0.002203
1585226104.619311 25.357487 0.002203
1585226104.784311 25.357092 0.002202
1585226104.982312 25.356485 0.002203
1585226105.246312 25.355519 0.002203
1585226105.477313 25.354673 0.002202
1585226105.675313 25.355071 0.002202
1585226105.840314 25.353907 0.002202
1585226106.071314 25.352788 0.002203
1585226106.302315 25.353601 0.002203
1585226106.500315 25.353701 0.002203
1585226106.698316 25.353641 0.002201
1585226106.863316 25.353852 0.002203
1585226107.028317 25.353419 0.002203
1585226107.193317 25.353020 0.002203
1585226107.358318 25.352760 0.002202
1585226107.556318 25.352730 0.002203
1585226107.721318 25.353088 0.002201
1585226107.886319 25.352826 0.002200
1585226108.051319 25.352815 0.002202
1585226108.183320 25.352686 0.002199
1585226108.315320 25.352352 0.002201
1585226108.414320 25.351675 0.002202
1585226108.513320 25.351572 0.002202
1585226108.612320 25.351982 0.002203
1585226108.711321 25.352286 0.002202
1585226108.810321 25.353161 0.002202
1585226108.975321 25.354284 0.002202
1585226109.107322 25.355369 0.002201
1585226109.239322 25.356072 0.002203
1585226109.371322 25.356981 0.002202
1585226109.470322 25.357671 0.002203
1585226109.569323 25.358319 0.002203
1585226109.668323 25.358704 0.002201
1585226109.800323 25.359545 0.002202
1585226109.965323 25.360425 0.002202
1585226110.097324 25.361120 0.002201
1585226110.262324 25.362406 0.002201
1585226110.394325 25.363490 0.002201
1585226110.526325 25.364478 0.002202
1585226110.625325 25.365178 0.002201
1585226110.757326 25.366364 0.002202
1585226110.856326 25.367807 0.002202
1585226110.955326 25.368255 0.002202
1585226111.054326 25.368159 0.002202
1585226111.120327 25.368930 0.002198
1585226111.219327 25.369072 0.002199
1585226111.318327 25.370035 0.002201
1585226111.417327 25.369881 0.002199
1585226111.549327 25.370837 0.002202
1585226111.648328 25.371112 0.002201
1585226111.747328 25.372110 0.002202
1585226111.846328 25.371997 0.002202
1585226111.945328 25.372275 0.002202
1585226112.044328 25.371687 0.002202
1585226112.143329 25.371816 0.002202
1585226112.242329 25.373193 0.002202
1585226112.341329 25.373463 0.002202
1585226112.440330 25.373255 0.002202
1585226112.539330 25.373098 0.002202
1585226112.638330 25.373417 0.002202
1585226112.737330 25.373833 0.002201
1585226112.803330 25.373509 0.002202
1585226112.869330 25.373521 0.002201
1585226112.935331 25.373243 0.002199
1585226113.034331 25.373691 0.002202
1585226113.133331 25.373636 0.002201
1585226113.232332 25.373391 0.002202
1585226113.331331 25.373746 0.002202
1585226113.430332 25.374140 0.002201
1585226113.529332 25.374357 0.002202
1585226113.628332 25.374744 0.002202
1585226113.760333 25.374730 0.002202
1585226113.859333 25.375037 0.002202
1585226113.958333 25.375047 0.002202
1585226114.057333 25.375626 0.002200
1585226114.156334 25.375967 0.002202
1585226114.255334 25.374585 0.002202
1585226114.354334 25.374011 0.002200
1585226114.453334 25.373350 0.002201
1585226114.552335 25.372515 0.002200
1585226114.651335 25.371203 0.002198
1585226114.750335 25.371332 0.002202
1585226114.849335 25.370111 0.002199
1585226114.948336 25.369008 0.002201
1585226115.047336 25.368023 0.002197
1585226115.113336 25.366691 0.002201
1585226115.212336 25.365688 0.002202
1585226115.311337 25.364918 0.002201
1585226115.443337 25.365097 0.002202
1585226115.575337 25.363567 0.002201
1585226115.740337 25.362815 0.002201
1585226115.938338 25.360951 0.002202
1585226116.136338 25.357396 0.002201
1585226116.367339 25.353813 0.002200
1585226116.565339 25.354589 0.002201
1585226116.829340 25.352014 0.002201
1585226117.060340 25.350931 0.002202
1585226117.291341 25.354628 0.002199
1585226117.489342 25.353331 0.002202
1585226117.687342 25.352308 0.002202
1585226117.918343 25.352546 0.002199
1585226118.116343 25.353761 0.002202
1585226118.314343 25.356226 0.002199
1585226118.545344 25.357577 0.002198
1585226118.743345 25.359885 0.002201
1585226118.908345 25.362592 0.002202
1585226119.073345 25.363232 0.002202
1585226119.238346 25.364947 0.002201
1585226119.370346 25.364145 0.002197
1585226119.535347 25.366236 0.002202
1585226119.667347 25.368637 0.002200
1585226119.799347 25.366128 0.002201
1585226119.931347 25.367782 0.002201
1585226120.030348 25.367809 0.002202
1585226120.162348 25.365396 0.002196
1585226120.294348 25.368239 0.002192
1585226120.426348 25.369411 0.002201
1585226120.558349 25.369017 0.002201
1585226120.690349 25.367458 0.002202
1585226120.822350 25.367186 0.002201
1585226120.954350 25.367929 0.002202
1585226121.086350 25.369237 0.002201
1585226121.185350 25.371583 0.002201
1585226121.317351 25.369762 0.002202
1585226121.416351 25.368960 0.002202
1585226121.515351 25.369038 0.002202
1585226121.647352 25.369052 0.002201
1585226121.746352 25.369370 0.002202
1585226121.878352 25.367519 0.002202
1585226122.010352 25.364556 0.002200
1585226122.109353 25.365221 0.002202
1585226122.241353 25.368007 0.002201
1585226122.373353 25.368232 0.002202
1585226122.505353 25.367979 0.002201
1585226122.637354 25.367967 0.002202
1585226122.769354 25.368178 0.002202
1585226122.934355 25.367147 0.002201
1585226123.066355 25.367615 0.002201
1585226123.198355 25.364419 0.002197
1585226123.330355 25.364335 0.002198
1585226123.462356 25.364168 0.002198
1585226123.594356 25.364601 0.002201
1585226123.726357 25.364270 0.002201
1585226123.858357 25.363184 0.002201
1585226123.990357 25.363422 0.002201
1585226124.089357 25.362054 0.002200
1585226124.188358 25.360980 0.002201
1585226124.287358 25.361054 0.002200
1585226124.386358 25.360247 0.002200
1585226124.452358 25.358363 0.002199
1585226124.518358 25.359033 0.002198
1585226124.617359 25.358816 0.002199
1585226124.716359 25.359216 0.002200
1585226124.815359 25.359631 0.002200
1585226124.914359 25.358916 0.002200
1585226125.013360 25.358250 0.002199
1585226125.112360 25.357882 0.002200
1585226125.211360 25.358336 0.002200
1585226125.310360 25.358641 0.002200
1585226125.409360 25.359497 0.002200
1585226125.508361 25.356635 0.002199
1585226125.607361 25.357815 0.002199
1585226125.706361 25.359347 0.002199
1585226125.805362 25.356479 0.002199
1585226125.871361 25.355939 0.002195
1585226125.937362 25.353243 0.002199
1585226126.003362 25.352521 0.002198
1585226126.069362 25.354914 0.002197
1585226126.135362 25.354288 0.002199
1585226126.201362 25.353208 0.002198
1585226126.267363 25.353704 0.002196
1585226126.333363 25.352604 0.002198
1585226126.432363 25.352119 0.002198
1585226126.531363 25.350770 0.002199
1585226126.630363 25.349855 0.002199
1585226126.729364 25.348986 0.002199
1585226126.795364 25.348477 0.002198
1585226126.894364 25.348539 0.002197
1585226126.993364 25.348324 0.002199
1585226127.092365 25.347870 0.002199
1585226127.191365 25.347571 0.002199
1585226127.290365 25.348114 0.002198
1585226127.389365 25.348156 0.002198
1585226127.488365 25.348565 0.002198
1585226127.587366 25.348745 0.002198
1585226127.686366 25.348937 0.002198
1585226127.785366 25.348551 0.002197
1585226127.884366 25.349501 0.002198
1585226127.983367 25.349586 0.002198
1585226128.082367 25.348311 0.002198
1585226128.181367 25.348527 0.002197
1585226128.280367 25.348601 0.002198
1585226128.379367 25.348847 0.002197
1585226128.478368 25.349070 0.002198
1585226128.577368 25.349370 0.002198
1585226128.676368 25.349372 0.002198
1585226128.775368 25.349103 0.002198
1585226128.874368 25.349514 0.002196
1585226128.973369 25.349393 0.002197
1585226129.072369 25.349506 0.002197
1585226129.171370 25.348918 0.002197
1585226129.270370 25.348970 0.002197
1585226129.369370 25.348746 0.002197
1585226129.435370 25.348737 0.002197
1585226129.534370 25.348654 0.002197
1585226129.633371 25.348475 0.002196
1585226129.732371 25.348496 0.002196
1585226129.831371 25.347941 0.002197
1585226129.897371 25.348078 0.002196
1585226129.963371 25.347827 0.002197
1585226130.029372 25.347540 0.002196
1585226130.095371 25.347215 0.002197
1585226130.161372 25.347927 0.002197
1585226130.227372 25.348635 0.002196
1585226130.326372 25.348819 0.002197
1585226130.425372 25.348878 0.002197
1585226130.524373 25.348793 0.002197
1585226130.623373 25.348704 0.002196
1585226130.722373 25.348855 0.002196
1585226130.821373 25.349045 0.002195
1585226130.920373 25.349785 0.002196
1585226131.019374 25.349594 0.002196
1585226131.085374 25.349426 0.002196
1585226131.217374 25.349568 0.002196
1585226131.316375 25.349557 0.002196
1585226131.415375 25.350412 0.002196
1585226131.514375 25.351001 0.002196
1585226131.613375 25.351594 0.002196
1585226131.712375 25.352002 0.002196
1585226131.811376 25.352202 0.002196
1585226131.910376 25.352452 0.002196
1585226132.009376 25.352573 0.002196
1585226132.108376 25.352892 0.002196
1585226132.240376 25.353253 0.002195
1585226132.339377 25.353285 0.002196
1585226132.438377 25.353205 0.002196
1585226132.537377 25.353427 0.002195
1585226132.636378 25.353663 0.002196
1585226132.735378 25.353999 0.002195
1585226132.834378 25.354041 0.002195
1585226132.933378 25.354017 0.002196
1585226133.032379 25.353926 0.002196
1585226133.131379 25.354055 0.002194
1585226133.230379 25.354164 0.002195
1585226133.329379 25.354585 0.002195
1585226133.428379 25.354656 0.002196
1585226133.494380 25.354605 0.002196
1585226133.560380 25.354479 0.002195
1585226133.626380 25.355185 0.002195
1585226133.725380 25.355473 0.002195
1585226133.824380 25.355695 0.002196
1585226133.989381 25.356666 0.002196
1585226134.154381 25.356850 0.002196
1585226134.319381 25.357176 0.002195
1585226134.484382 25.358006 0.002195
1585226134.682383 25.358781 0.002195
1585226134.880383 25.359677 0.002195
1585226135.111383 25.360401 0.002195
1585226135.309384 25.361034 0.002195
1585226135.474384 25.361307 0.002195
1585226135.606385 25.362047 0.002195
1585226135.738385 25.362955 0.002195
1585226135.903385 25.363595 0.002195
1585226136.035386 25.364076 0.002195
1585226136.200386 25.364435 0.002195
1585226136.365386 25.364920 0.002195
1585226136.530387 25.365156 0.002195
1585226136.695387 25.365932 0.002195
1585226136.860388 25.366511 0.002195
1585226136.992388 25.366870 0.002194
1585226137.124388 25.367585 0.002195
1585226137.256389 25.367988 0.002195
1585226137.388389 25.368916 0.002195
1585226137.553389 25.369803 0.002195
1585226137.685390 25.370494 0.002194
1585226137.817390 25.370559 0.002194
1585226137.916390 25.370641 0.002195
1585226138.015390 25.370862 0.002195
1585226138.114391 25.371622 0.002195
1585226138.213391 25.371823 0.002194
1585226138.312391 25.372314 0.002194
1585226138.411391 25.373046 0.002193
1585226138.510391 25.373189 0.002194
1585226138.609392 25.373431 0.002195
1585226138.708392 25.373864 0.002195
1585226138.807392 25.373762 0.002194
1585226138.906393 25.373905 0.002194
1585226139.005393 25.374505 0.002194
1585226139.104393 25.374836 0.002194
1585226139.236393 25.375256 0.002194
1585226139.368394 25.375645 0.002194
1585226139.467394 25.375825 0.002194
1585226139.566394 25.376110 0.002194
1585226139.665395 25.376132 0.002194
1585226139.764395 25.376760 0.002194
1585226139.863395 25.377109 0.002194
1585226139.962395 25.377686 0.002194
1585226140.061395 25.378144 0.002193
1585226140.160396 25.378448 0.002193
1585226140.259396 25.378894 0.002193
1585226140.358396 25.379513 0.002193
1585226140.457396 25.379945 0.002193
1585226140.589396 25.380582 0.002193
1585226140.688397 25.379487 0.002193
1585226140.787397 25.379927 0.002193
1585226140.886397 25.380220 0.002193
1585226140.985398 25.380740 0.002193
1585226141.084398 25.380973 0.002193
1585226141.183398 25.381475 0.002192
1585226141.282398 25.381612 0.002192
1585226141.381398 25.381828 0.002192
1585226141.480399 25.382244 0.002192
1585226141.579399 25.382662 0.002192
1585226141.711399 25.382558 0.002192
1585226141.810400 25.382824 0.002192
1585226141.909400 25.383067 0.002191
1585226141.975400 25.383319 0.002191
1585226142.074400 25.383656 0.002191
1585226142.206400 25.384189 0.002191
1585226142.305401 25.384613 0.002191
1585226142.437401 25.385859 0.002191
1585226142.569401 25.385877 0.002191
1585226142.668402 25.386393 0.002191
1585226142.767402 25.386495 0.002191
1585226142.866402 25.386737 0.002191
1585226142.965402 25.387066 0.002191
1585226143.097403 25.387190 0.002191
1585226143.229403 25.387180 0.002190
1585226143.328403 25.387449 0.002190
1585226143.427403 25.387549 0.002190
1585226143.526404 25.387774 0.002190
1585226143.592404 25.388020 0.002190
1585226143.658404 25.388024 0.002190
1585226143.724404 25.387943 0.002190
1585226143.790404 25.388071 0.002190
1585226143.856405 25.387698 0.002190
1585226143.922405 25.387531 0.002190
1585226143.988405 25.387918 0.002190
1585226144.054405 25.388073 0.002190
1585226144.120405 25.388127 0.002190
1585226144.186405 25.388358 0.002189
1585226144.252405 25.388375 0.002190
1585226144.318405 25.388186 0.002189
1585226144.384406 25.388166 0.002189
1585226144.450406 25.387928 0.002189
1585226144.516406 25.388032 0.002190
1585226144.582406 25.388141 0.002189
1585226144.648406 25.388126 0.002189
1585226144.714406 25.387934 0.002189
1585226144.780406 25.387793 0.002189
1585226144.879407 25.387825 0.002189
1585226144.978407 25.387675 0.002189
1585226145.077407 25.387487 0.002189
1585226145.176408 25.387159 0.002189
1585226145.275408 25.387385 0.002189
1585226145.341408 25.387103 0.002189
1585226145.407408 25.387579 0.002189
1585226145.473408 25.388059 0.002189
1585226145.572409 25.387998 0.002189
1585226145.671409 25.387929 0.002189
1585226145.770409 25.388008 0.002189
1585226145.869409 25.388340 0.002189
1585226145.968409 25.388371 0.002189
1585226146.067410 25.388845 0.002189
1585226146.166410 25.389196 0.002189
1585226146.265410 25.388876 0.002189
1585226146.364410 25.388137 0.002189
1585226146.463410 25.388190 0.002189
1585226146.562411 25.388298 0.002189
1585226146.661411 25.388179 0.002188
1585226146.760412 25.388103 0.002187
1585226146.859411 25.387290 0.002188
1585226146.925412 25.387180 0.002188
1585226146.991412 25.385854 0.002188
1585226147.057412 25.387002 0.002188
1585226147.123412 25.386432 0.002188
1585226147.189412 25.386730 0.002188
1585226147.255413 25.386557 0.002188
1585226147.321413 25.387189 0.002188
1585226147.387413 25.387041 0.002188
1585226147.453413 25.387219 0.002188
1585226147.519413 25.387190 0.002188
1585226147.585413 25.386912 0.002188
1585226147.684413 25.386211 0.002187
1585226147.783414 25.385048 0.002187
1585226147.915414 25.382232 0.002188
1585226148.047414 25.380433 0.002188
1585226148.212415 25.377999 0.002187
1585226148.344415 25.376057 0.002187
1585226148.443415 25.375276 0.002187
1585226148.542415 25.375752 0.002187
1585226148.641416 25.374723 0.002187
1585226148.740416 25.373514 0.002187
1585226148.872416 25.372499 0.002188
1585226149.037417 25.371055 0.002187
1585226149.235417 25.369559 0.002187
1585226149.433418 25.368012 0.002187
1585226149.631418 25.367882 0.002187
1585226149.829418 25.365187 0.002187
1585226150.027419 25.364868 0.002187
1585226150.225420 25.365374 0.002187
1585226150.423420 25.364483 0.002187
1585226150.588420 25.363370 0.002187
1585226150.753421 25.363520 0.002187
1585226150.918421 25.363860 0.002187
1585226151.050421 25.364260 0.002187
1585226151.149422 25.364171 0.002187
1585226151.281422 25.365033 0.002187
1585226151.413422 25.365891 0.002187
1585226151.545423 25.365643 0.002187
1585226151.677423 25.365189 0.002187
1585226151.809423 25.365329 0.002187
1585226151.908423 25.365280 0.002187
1585226152.007424 25.365048 0.002187
1585226152.106424 25.365467 0.002187
1585226152.238424 25.364808 0.002187
1585226152.370425 25.364498 0.002187
1585226152.469425 25.364119 0.002187
1585226152.568425 25.364486 0.002187
1585226152.667425 25.364905 0.002187
1585226152.766426 25.365976 0.002187
1585226152.865426 25.366310 0.002187
1585226152.964426 25.366949 0.002187
1585226153.063426 25.366671 0.002187
1585226153.162427 25.366525 0.002187
1585226153.261427 25.366914 0.002186
1585226153.360427 25.367014 0.002187
1585226153.459427 25.366714 0.002187
1585226153.558427 25.366408 0.002187
1585226153.657428 25.366982 0.002187
1585226153.756428 25.367769 0.002187
1585226153.855428 25.368064 0.002187
1585226153.954428 25.368467 0.002187
1585226154.053429 25.368560 0.002187
1585226154.152429 25.368698 0.002187
1585226154.284429 25.368896 0.002187
1585226154.416430 25.369139 0.002187
1585226154.548430 25.369403 0.002187
1585226154.680430 25.369112 0.002187
1585226154.812431 25.369521 0.002186
1585226154.944431 25.369805 0.002187
1585226155.043431 25.369500 0.002187
1585226155.142431 25.369758 0.002187
1585226155.274431 25.369759 0.002187
1585226155.406432 25.369121 0.002187
1585226155.538432 25.368550 0.002187
1585226155.637432 25.368306 0.002187
1585226155.769433 25.367447 0.002187
1585226155.901433 25.365772 0.002187
1585226156.033433 25.364762 0.002187
1585226156.198434 25.363039 0.002187
1585226156.396434 25.361407 0.002187
1585226156.627435 25.360104 0.002187
1585226156.825435 25.359253 0.002187
1585226157.023436 25.358140 0.002187
1585226157.188436 25.357657 0.002187
1585226157.419437 25.357597 0.002186
1585226157.584437 25.357881 0.002186
1585226157.749437 25.357447 0.002186
1585226157.914438 25.357581 0.002187
1585226158.046438 25.356980 0.002187
1585226158.178438 25.356030 0.002187
1585226158.310439 25.354114 0.002187
1585226158.442439 25.352729 0.002187
1585226158.574440 25.350647 0.002186
1585226158.706440 25.349299 0.002186
1585226158.838440 25.348259 0.002187
1585226159.069441 25.346763 0.002186
1585226159.267441 25.345789 0.002186
1585226159.498442 25.345301 0.002186
1585226159.696442 25.345051 0.002186
1585226159.894443 25.344529 0.002186
1585226160.059443 25.344007 0.002187
1585226160.224443 25.344274 0.002187
1585226160.389444 25.345872 0.002186
1585226160.587444 25.346991 0.002186
1585226160.752445 25.347696 0.002186
1585226160.884445 25.348493 0.002186
1585226161.016445 25.349954 0.002186
1585226161.148445 25.349904 0.002186
1585226161.280446 25.350014 0.002186
1585226161.412446 25.349623 0.002186
1585226161.511446 25.349611 0.002187
1585226161.643447 25.349367 0.002187
1585226161.775447 25.348341 0.002187
1585226161.907447 25.348421 0.002187
1585226162.072448 25.347493 0.002187
1585226162.204448 25.346648 0.002187
1585226162.369448 25.346354 0.002187
1585226162.534449 25.346097 0.002187
1585226162.699449 25.345522 0.002187
1585226162.864450 25.345659 0.002187
1585226163.029450 25.345029 0.002187
1585226163.194450 25.344792 0.002187
1585226163.392451 25.345577 0.002186
1585226163.623451 25.345387 0.002186
1585226163.821452 25.345782 0.002187
1585226164.019452 25.346523 0.002187
1585226164.217453 25.347403 0.002186
1585226164.415453 25.348038 0.002186
1585226164.613454 25.349168 0.002186
1585226164.811454 25.350186 0.002186
1585226164.976455 25.351838 0.002187
1585226165.108455 25.352303 0.002186
1585226165.240455 25.353146 0.002187
1585226165.405456 25.353721 0.002187
1585226165.537456 25.354072 0.002187
1585226165.636456 25.354085 0.002187
1585226165.768456 25.354759 0.002186
1585226165.900457 25.355303 0.002186
1585226166.032457 25.355193 0.002187
1585226166.164458 25.355425 0.002187
1585226166.296458 25.355241 0.002187
1585226166.395458 25.355034 0.002186
1585226166.527458 25.354296 0.002186
1585226166.659459 25.354184 0.002186
1585226166.758459 25.353748 0.002186
1585226166.857459 25.352930 0.002186
1585226166.956459 25.352672 0.002186
1585226167.055459 25.352851 0.002187
1585226167.154460 25.352524 0.002186
1585226167.253460 25.352636 0.002186
1585226167.352460 25.352483 0.002186
1585226167.451461 25.353320 0.002187
1585226167.550461 25.353549 0.002186
1585226167.649461 25.352979 0.002186
1585226167.748461 25.353955 0.002187
1585226167.847461 25.354322 0.002187
1585226167.946462 25.354503 0.002186
1585226168.045462 25.354825 0.002186
1585226168.144462 25.355295 0.002187
1585226168.243462 25.355818 0.002186
1585226168.375463 25.356545 0.002187
1585226168.507463 25.357472 0.002187
1585226168.639463 25.357969 0.002186
1585226168.771464 25.358735 0.002187
1585226168.936464 25.359125 0.002187
1585226169.134465 25.360467 0.002186
1585226169.332465 25.361678 0.002187
1585226169.563465 25.363579 0.002187
1585226169.827466 25.364578 0.002186
1585226170.157467 25.366645 0.002187
1585226170.586468 25.368447 0.002186
1585226171.015469 25.369765 0.002187
1585226171.345470 25.370689 0.002186
1585226171.609470 25.372001 0.002187
1585226171.807471 25.372088 0.002187
1585226171.972471 25.372232 0.002186
1585226172.137472 25.372354 0.002186
1585226172.269472 25.373348 0.002186
1585226172.401472 25.373632 0.002186
1585226172.533473 25.372728 0.002186
1585226172.665473 25.372793 0.002186
1585226172.764473 25.372921 0.002186
1585226172.863473 25.373329 0.002186
1585226172.962474 25.373745 0.002186
1585226173.061474 25.374018 0.002186
1585226173.160474 25.372662 0.002186
1585226173.259475 25.373289 0.002186
1585226173.358474 25.373647 0.002186
1585226173.457475 25.374777 0.002186
1585226173.556475 25.374653 0.002186
1585226173.655475 25.374379 0.002186
1585226173.754476 25.375537 0.002186
1585226173.853476 25.376647 0.002186
1585226173.952476 25.376455 0.002186
1585226174.051476 25.375744 0.002186
1585226174.150476 25.375878 0.002186
1585226174.249477 25.375887 0.002186
1585226174.381477 25.376443 0.002186
1585226174.480477 25.377263 0.002186
1585226174.579478 25.378344 0.002186
1585226174.711478 25.378378 0.002186
1585226174.810478 25.378561 0.002186
1585226174.942478 25.379886 0.002186
1585226175.074479 25.381074 0.002186
1585226175.206479 25.382942 0.002186
1585226175.305479 25.382762 0.002186
1585226175.404480 25.383970 0.002185
1585226175.503480 25.383600 0.002186
1585226175.602480 25.383897 0.002186
1585226175.701480 25.383960 0.002186
1585226175.800481 25.385032 0.002186
1585226175.899481 25.385820 0.002185
1585226175.998481 25.386318 0.002185
1585226176.097481 25.386558 0.002185
1585226176.196481 25.386764 0.002185
1585226176.295482 25.387340 0.002185
1585226176.394482 25.386999 0.002185
1585226176.493482 25.386744 0.002185
1585226176.625483 25.387506 0.002185
1585226176.757483 25.388685 0.002185
1585226176.889483 25.389172 0.002185
1585226177.021483 25.389148 0.002185
1585226177.120484 25.389569 0.002185
1585226177.252484 25.389359 0.002185
1585226177.384484 25.389818 0.002185
1585226177.516484 25.389514 0.002184
1585226177.648485 25.389638 0.002184
1585226177.747485 25.388978 0.002184
1585226177.846485 25.390136 0.002184
1585226177.945486 25.390369 0.002184
1585226178.044486 25.390430 0.002184
1585226178.143486 25.390785 0.002184
1585226178.242486 25.390694 0.002184
1585226178.341487 25.391011 0.002184
1585226178.440487 25.391076 0.002184
1585226178.539487 25.391248 0.002183
1585226178.638487 25.391302 0.002184
1585226178.737487 25.390878 0.002183
1585226178.836488 25.390868 0.002183
1585226178.968488 25.390873 0.002183
1585226179.100488 25.390784 0.002183
1585226179.199488 25.390899 0.002183
1585226179.298489 25.390959 0.002183
1585226179.430489 25.390804 0.002183
1585226179.562489 25.390708 0.002183
1585226179.694490 25.390661 0.002183
1585226179.826490 25.390976 0.002183
1585226179.958490 25.391082 0.002183
1585226180.090491 25.391176 0.002183
1585226180.222491 25.390890 0.002183
1585226180.354491 25.390831 0.002183
1585226180.486492 25.391131 0.002182
1585226180.618492 25.390930 0.002182
1585226180.750492 25.390698 0.002182
1585226180.882492 25.390258 0.002182
1585226180.981493 25.390505 0.002182
1585226181.080493 25.390986 0.002182
1585226181.179493 25.390539 0.002182
1585226181.278493 25.390288 0.002182
1585226181.377494 25.390469 0.002182
1585226181.476494 25.390359 0.002182
1585226181.575494 25.390382 0.002182
1585226181.674495 25.390299 0.002182
1585226181.773494 25.390120 0.002182
1585226181.872495 25.390102 0.002182
1585226181.971495 25.389796 0.002182
1585226182.070495 25.389696 0.002182
1585226182.169496 25.389677 0.002182
1585226182.268496 25.389553 0.002182
1585226182.367496 25.389504 0.002182
1585226182.466496 25.389346 0.002182
1585226182.565497 25.389124 0.002182
1585226182.664497 25.389393 0.002182
1585226182.763497 25.389437 0.002182
1585226182.862497 25.389478 0.002182
1585226182.961498 25.389093 0.002182
1585226183.060498 25.389182 0.002181
1585226183.159498 25.388978 0.002182
1585226183.258498 25.388935 0.002181
1585226183.357498 25.388832 0.002182
1585226183.456499 25.388922 0.002181
1585226183.555499 25.388798 0.002182
1585226183.654499 25.388695 0.002181
1585226183.753500 25.388424 0.002181
1585226183.852500 25.388300 0.002181
1585226183.951500 25.388154 0.002181
1585226184.083500 25.387987 0.002181
1585226184.182500 25.388031 0.002181
1585226184.314501 25.388075 0.002181
1585226184.446501 25.387721 0.002181
1585226184.545501 25.387634 0.002181
1585226184.644501 25.387497 0.002181
1585226184.743502 25.387566 0.002181
1585226184.842502 25.387528 0.002181
1585226184.941502 25.387597 0.002181
1585226185.040503 25.387640 0.002181
1585226185.139503 25.387544 0.002181
1585226185.238503 25.387484 0.002181
1585226185.337503 25.387284 0.002181
1585226185.469503 25.387274 0.002181
1585226185.601504 25.386701 0.002181
1585226185.733504 25.386439 0.002181
1585226185.865505 25.386504 0.002181
1585226185.964504 25.386306 0.002181
1585226186.096505 25.386171 0.002181
1585226186.228505 25.386228 0.002181
1585226186.360506 25.385859 0.002181
1585226186.492506 25.385785 0.002181
1585226186.624506 25.385607 0.002181
1585226186.756507 25.385662 0.002181
1585226186.888507 25.385473 0.002181
1585226186.987507 25.385257 0.002181
1585226187.086507 25.385381 0.002181
1585226187.185508 25.385115 0.002181
1585226187.284508 25.385012 0.002181
1585226187.383508 25.384901 0.002181
1585226187.482508 25.385104 0.002181
1585226187.581509 25.385187 0.002181
1585226187.647509 25.385348 0.002181
1585226187.746509 25.385016 0.002181
1585226187.845509 25.384981 0.002181
1585226187.944510 25.384870 0.002181
1585226188.043509 25.385237 0.002181
1585226188.142510 25.385337 0.002181
1585226188.241510 25.385115 0.002181
1585226188.340510 25.384957 0.002181
1585226188.439511 25.385225 0.002181
1585226188.538511 25.385220 0.002181
1585226188.670511 25.385228 0.002181
1585226188.769511 25.385285 0.002181
1585226188.934512 25.385169 0.002181
1585226189.099512 25.384377 0.002181
1585226189.297513 25.384386 0.002181
1585226189.462513 25.384027 0.002181
1585226189.660514 25.384188 0.002181
1585226189.858514 25.384487 0.002181
1585226190.023514 25.384488 0.002181
1585226190.155515 25.384763 0.002181
1585226190.287515 25.384885 0.002181
1585226190.452516 25.385190 0.002181
1585226190.584516 25.385683 0.002181
1585226190.749516 25.385540 0.002181
1585226190.914516 25.385312 0.002181
1585226191.079517 25.386643 0.002181
1585226191.244517 25.386742 0.002181
1585226191.409518 25.386866 0.002181
1585226191.607518 25.387545 0.002181
1585226191.838519 25.387743 0.002181
1585226192.069519 25.387071 0.002181
1585226192.333520 25.387109 0.002181
1585226192.564520 25.387094 0.002181
1585226192.828521 25.387782 0.002181
1585226193.158522 25.388527 0.002181
1585226193.785523 25.389186 0.002181
1585226194.412525 25.389475 0.002181
1585226194.907526 25.389522 0.002181
1585226195.270527 25.389205 0.002181
1585226195.732528 25.388847 0.002181
1585226196.128529 25.388259 0.002181
1585226196.491530 25.387667 0.002180
