DelayedMarginalization 0.00154535 1.1857e-06 0.0101352 1830
DelayedMarginalizationOnly 0.000755033 6.54099e-07 0.00744695 1830
EF-marginalizeFrame 0.00196694 1.24219e-06 0.0105593 1830
FullSystem::trackNewCoarse 0.00712215 2.49657e-05 0.0523274 6510
FullSystem::trackNewCoarseNoIMU 0.00247925 2.52561e-06 0.0124156 116
FullSystemOptimize 0.150225 0.00046744 0.265611 1836
GraphUnrolling 0.0165941 0.000160585 0.0428301 17
IMUInitAddPose 3.7606e-05 1.77916e-09 0.000975586 1836
IMUInitOptimize 0.0331324 0.000336243 0.082149 13
IMUIntegration::finishKeyframeOperations 5.11742e-05 4.66868e-09 0.00249829 1818
InitializerFirstFrame 0.030166 -nan 0.030166 1
InitializerOtherFrames 0.0417679 0.000685664 0.145436 68
MainMarginalization 0.00175125 1.1923e-06 0.0103612 1830
MarginalizationReplacementBuildGraph 0.000942712 9.47759e-08 0.00163288 14
MarginalizationReplacementReplaceGraph 0.0192652 0.000159271 0.0430272 14
MarginalizeMainGraph 0.000788198 3.80808e-07 0.00774786 1830
PGBA 0.0283662 0.000141612 0.0402661 3
PGBAFull 0.00597187 0.000166098 0.0428692 17
PrepareGraphForMainOptimization 0.0166894 0.000161271 0.0429861 17
VisualMarginalization 3.16807e-05 6.10019e-09 0.00163949 1830
activatePointsMT 0.00470837 4.82773e-06 0.021572 1836
addActiveFrame 0.0611772 0.00602395 0.345246 6695
addIMUData 0.00109715 1.22769e-06 0.015723 6510
addIMUDataToBA 0.000111741 9.79865e-09 0.00185652 6694
addKeyframeToBA 5.48449e-05 2.8566e-10 0.000349592 1836
afterCoarseTracking 2.74899e-07 6.77349e-14 1.8594e-05 6626
baIteration 0.0250593 3.95954e-05 0.0883567 10249
baMatrixInversion 0.000172625 8.6073e-09 0.00195024 10249
baUpdateBuildHessians 0.000604193 3.07934e-07 0.01155 10249
coarseTrackingIteration 0.000613672 9.80921e-07 0.0097865 61255
computeBAUpdate 0.000882151 3.25722e-07 0.0118214 10249
computeCoarseUpdate 0.000334419 5.95493e-07 0.00861455 60407
computeFactorForCoarseGraphAndMarginalCovariances 0.00236119 7.0026e-07 0.0112579 1818
convertHAndBFromDSO 0.000107414 3.44435e-09 0.00199324 17563
debugPlot 1.01847e-07 1.4247e-13 1.5899e-05 1836
debugPlotIDepthMap 3.98176e-07 3.26234e-14 2.985e-06 1836
debugPlotIDepthMapFloat 3.22505e-08 2.64766e-16 3.51e-07 1836
deliverTrackedFrame 0.0517463 0.00604056 0.302637 6627
flagFramesForMarginalization 2.24679e-06 1.48665e-11 0.000137762 1836
fullCoarseTracking 0.00848394 2.96253e-05 0.0850126 6626
initObjectsAndMakeImage 0.00112347 1.01774e-07 0.00699878 6695
makeKeyframe 0.175805 0.000478939 0.302577 1836
makeKeyframeChangeTrackingRef 0.00201019 9.9615e-08 0.00422155 1836
makeNewTraces 0.00361748 2.46297e-07 0.0126253 1836
makeNonKeyframe 0.00408989 1.8468e-06 0.00933474 4791
marginalizeAndRemovePoints 0.00401629 9.71511e-07 0.0100483 1836
marginalizeFrame 0.0039457 1.56551e-06 0.0122551 1830
marginalizeFrameOverhead 0.00197451 1.88151e-07 0.00541313 1830
marginalizeFrames 0.00394932 1.61541e-06 0.0122752 1836
newFrameAndNewResidualsForOldPoints 0.00111362 7.17947e-08 0.00507613 1836
printBiases 7.88933e-06 4.25501e-10 0.000665669 1836
printEigenValLine 1.5017e-07 9.12004e-14 1.2874e-05 1836
printLogLine 0.000136671 7.35416e-08 0.00284675 1836
publishInMakeKeyframe 1.8421e-07 2.61917e-13 1.6338e-05 1836
removeOutliers 0.000191647 3.67673e-09 0.00106416 1836
swapTrackingRef 0.00018386 1.19007e-07 0.00378166 1836
timeMeasurement 1.80297e-06 7.09916e-12 0.000168572 6695
traceNewCoarse 0.00372754 1.73258e-06 0.00932106 6627
updateBAValues 1.18658e-05 5.35359e-11 0.000456081 18790
zero 1.24581e-07 2.39933e-13 3.8441e-05 6695
