1608633204.516221 18.071351 0.321862
1608633204.648221 18.045354 0.277631
1608633204.780221 18.034172 0.243010
1608633204.945222 17.996548 0.209922
1608633205.077222 17.989641 0.185909
1608633205.209222 18.029052 0.166438
1608633205.341223 18.041563 0.150455
1608633205.473223 18.074744 0.139027
1608633205.605223 18.088150 0.128958
1608633205.737224 18.181141 0.120233
1608633205.902224 18.186161 0.109586
1608633206.067224 18.166377 0.098972
1608633206.232225 18.220378 0.091875
1608633206.397225 18.289691 0.086602
1608633206.529226 18.333520 0.083386
1608633206.694226 18.275187 0.077335
1608633206.892226 18.300094 0.072461
1608633207.057227 18.318378 0.068524
1608633207.222227 18.328701 0.065762
1608633207.387228 18.320756 0.062729
1608633207.519228 18.343331 0.060974
1608633207.651228 18.357211 0.059582
1608633207.750228 18.354730 0.058449
1608633207.849229 18.352072 0.057223
1608633207.981229 18.371911 0.055993
1608633208.146230 18.352131 0.054625
1608633208.311230 18.342700 0.054672
1608633208.509230 18.385568 0.054226
1608633208.707231 18.416896 0.053884
1608633208.905231 18.450638 0.053721
1608633209.103232 18.474408 0.053610
1608633209.268232 18.487511 0.053598
1608633209.466233 18.483888 0.053289
1608633209.631233 18.468713 0.052923
1608633209.796233 18.479756 0.052658
1608633209.928233 18.491972 0.052447
1608633210.060234 18.471893 0.052153
1608633210.192234 18.452010 0.051668
1608633210.390235 18.482249 0.050672
1608633210.588235 18.463647 0.049760
1608633210.753235 18.460001 0.048774
1608633210.918236 18.464989 0.047602
1608633211.050236 18.473174 0.046539
1608633211.182237 18.466102 0.045398
1608633211.347237 18.453277 0.043867
1608633211.512237 18.437292 0.042451
1608633211.677238 18.428210 0.041197
1608633211.842238 18.410898 0.040233
1608633212.007238 18.389654 0.039231
1608633212.172239 18.389245 0.038424
1608633212.304239 18.381592 0.037849
1608633212.469239 18.359077 0.036795
1608633212.634240 18.330015 0.035973
1608633212.799240 18.296793 0.035082
1608633212.964241 18.268260 0.034301
1608633213.096241 18.267212 0.033813
1608633213.261242 18.266104 0.033272
1608633213.426242 18.254497 0.032763
1608633213.591242 18.245244 0.032031
1608633213.723243 18.244187 0.031464
1608633213.855243 18.245922 0.031014
1608633214.020243 18.214513 0.030032
1608633214.152243 18.209512 0.029189
1608633214.317244 18.187384 0.028218
1608633214.449244 18.164969 0.027486
1608633214.647245 18.165528 0.026483
1608633214.845245 18.169598 0.025615
1608633215.043246 18.161089 0.024679
1608633215.241246 18.159844 0.023852
1608633215.439247 18.126819 0.022631
1608633215.637247 18.114507 0.021744
1608633215.802248 18.101259 0.020930
1608633216.000248 18.094706 0.020056
1608633216.231249 18.102047 0.018772
1608633216.429249 18.088498 0.018027
1608633216.660250 18.082226 0.016894
1608633216.891250 18.080292 0.015598
1608633217.122251 18.053910 0.014137
1608633217.353251 18.045997 0.012902
1608633217.551252 18.037286 0.011795
1608633217.716252 18.026502 0.010924
1608633217.881253 18.029115 0.010196
1608633218.046253 18.044499 0.009534
1608633218.211253 18.042444 0.008850
1608633218.343254 18.037443 0.008353
1608633218.508254 18.030652 0.007743
1608633218.640254 18.036093 0.007300
1608633218.772255 18.058355 0.007023
1608633218.904255 18.064688 0.006633
1608633219.036255 18.072320 0.006244
1608633219.201256 18.077741 0.005809
1608633219.366256 18.077313 0.005417
1608633219.531257 18.071833 0.005078
1608633219.696257 18.074397 0.004818
1608633219.861257 18.078311 0.004637
1608633220.026258 18.075554 0.004458
1608633220.191258 18.070012 0.004303
1608633220.389258 18.061238 0.004151
1608633220.587259 18.061480 0.004037
1608633220.818259 18.056635 0.003933
1608633221.082260 18.050297 0.003841
1608633221.445261 18.048280 0.003743
1608633222.237263 18.043205 0.003624
1608633225.900271 18.047829 0.003548
1608633228.672278 18.043239 0.003393
1608633229.563280 18.042961 0.003338
1608633230.058281 18.047076 0.003288
1608633230.586282 18.050186 0.003218
1608633230.982284 18.054443 0.003175
1608633231.279284 18.058160 0.003140
1608633231.510285 18.058141 0.003111
1608633231.708285 18.059684 0.003087
1608633231.873286 18.060306 0.003068
1608633232.005286 18.059423 0.003053
1608633232.170286 18.062607 0.003035
1608633232.302287 18.061654 0.003020
1608633232.434287 18.062005 0.003005
1608633232.566287 18.060211 0.002989
1608633232.698288 18.062072 0.002973
1608633232.830288 18.064984 0.002964
1608633232.962288 18.066991 0.002948
1608633233.094288 18.068811 0.002932
1608633233.226289 18.068189 0.002916
1608633233.391289 18.064587 0.002890
1608633233.589290 18.066325 0.002859
1608633233.787290 18.063730 0.002827
1608633233.985291 18.061114 0.002801
1608633234.216291 18.064027 0.002796
1608633234.414291 18.067117 0.002780
1608633234.612292 18.066094 0.002766
1608633234.810292 18.066859 0.002757
1608633234.942293 18.064227 0.002750
1608633235.041293 18.063171 0.002744
1608633235.140293 18.061969 0.002739
1608633235.206294 18.067792 0.002736
1608633235.338294 18.066420 0.002728
1608633235.503294 18.069175 0.002723
1608633235.668295 18.073352 0.002717
1608633235.800295 18.073261 0.002724
1608633235.932295 18.071825 0.002718
1608633236.031296 18.071184 0.002716
1608633236.130296 18.071166 0.002713
1608633236.229296 18.070171 0.002711
1608633236.295296 18.068682 0.002709
1608633236.361296 18.069955 0.002709
1608633236.427296 18.070803 0.002707
1608633236.592297 18.069834 0.002704
1608633236.757297 18.068667 0.002700
1608633236.889297 18.067797 0.002697
1608633236.988297 18.069335 0.002697
1608633237.120298 18.068103 0.002694
1608633237.219298 18.067475 0.002693
1608633237.318298 18.068438 0.002692
1608633237.417299 18.067272 0.002691
1608633237.582299 18.066401 0.002689
1608633237.780299 18.063832 0.002686
1608633237.912300 18.062970 0.002685
1608633238.044300 18.062493 0.002684
1608633238.176300 18.062544 0.002683
1608633238.308301 18.062861 0.002682
1608633238.440301 18.060635 0.002679
1608633238.572301 18.060147 0.002679
1608633238.704302 18.059262 0.002678
1608633238.836302 18.057272 0.002677
1608633238.935302 18.057216 0.002676
1608633239.067302 18.057311 0.002676
1608633239.199303 18.057097 0.002675
1608633239.298303 18.056469 0.002675
1608633239.364303 18.056419 0.002675
1608633239.463303 18.056030 0.002674
1608633239.562304 18.055821 0.002674
1608633239.694304 18.055658 0.002674
1608633239.793304 18.055947 0.002673
1608633239.892304 18.055877 0.002673
1608633240.024305 18.056211 0.002672
1608633240.189305 18.056891 0.002673
1608633240.354306 18.056519 0.002672
1608633240.519306 18.056529 0.002671
1608633240.585306 18.056922 0.002671
1608633240.651306 18.057022 0.002671
1608633240.783307 18.057114 0.002671
1608633240.882307 18.057492 0.002670
1608633241.014307 18.058140 0.002670
1608633241.113307 18.058167 0.002670
1608633241.245308 18.058246 0.002670
1608633241.344308 18.058072 0.002669
1608633241.476308 18.057657 0.002670
1608633241.575308 18.057147 0.002669
1608633241.641309 18.056873 0.002670
1608633241.740309 18.055936 0.002670
1608633241.905309 18.056198 0.002670
1608633242.004309 18.056029 0.002670
1608633242.136310 18.056355 0.002669
1608633242.235310 18.056033 0.002669
1608633242.334310 18.055800 0.002669
1608633242.400310 18.055550 0.002668
1608633242.499310 18.054889 0.002668
1608633242.598311 18.055634 0.002669
1608633242.664311 18.057841 0.002654
1608633242.763311 18.059530 0.002666
1608633242.829311 18.059256 0.002666
1608633242.895312 18.058392 0.002667
1608633242.994312 18.056137 0.002665
1608633243.126312 18.055753 0.002666
1608633243.258312 18.056360 0.002666
1608633243.390313 18.058159 0.002664
1608633243.522313 18.059261 0.002668
1608633243.687313 18.060263 0.002667
1608633243.852314 18.058261 0.002668
1608633244.050314 18.057373 0.002666
1608633244.248315 18.058149 0.002668
1608633244.479315 18.058440 0.002668
1608633244.644316 18.060003 0.002664
1608633244.809316 18.059229 0.002667
1608633244.974316 18.060132 0.002661
1608633245.106317 18.057476 0.002665
1608633245.271317 18.059968 0.002667
1608633245.436317 18.056613 0.002669
1608633245.601318 18.056586 0.002662
1608633245.766318 18.056772 0.002667
1608633245.931319 18.056935 0.002667
1608633246.096319 18.056785 0.002667
1608633246.261320 18.055471 0.002659
1608633246.393320 18.053447 0.002663
1608633246.558320 18.054430 0.002663
1608633246.723321 18.055471 0.002666
1608633246.888321 18.054653 0.002668
1608633247.020322 18.055142 0.002667
1608633247.152322 18.054987 0.002668
1608633247.284322 18.054648 0.002669
1608633247.416322 18.055440 0.002651
1608633247.515323 18.054258 0.002657
1608633247.614323 18.053533 0.002666
1608633247.713323 18.054033 0.002633
1608633247.779323 18.048845 0.002614
1608633247.845323 18.043342 0.002636
1608633247.911324 18.042137 0.002658
1608633247.977324 18.043262 0.002664
1608633248.043324 18.044323 0.002665
1608633248.109324 18.043448 0.002665
1608633248.241324 18.042978 0.002666
1608633248.373325 18.041785 0.002667
1608633248.472325 18.040330 0.002667
1608633248.538325 18.044009 0.002659
1608633248.604325 18.045279 0.002662
1608633248.670325 18.045448 0.002668
1608633248.736326 18.045549 0.002667
1608633248.802326 18.047438 0.002664
1608633248.868326 18.049277 0.002658
1608633248.934326 18.051515 0.002667
1608633249.033326 18.050101 0.002664
1608633249.099326 18.049502 0.002663
1608633249.198327 18.052122 0.002668
1608633249.264327 18.052255 0.002667
1608633249.330327 18.052660 0.002636
1608633249.429327 18.056040 0.002663
1608633249.495327 18.055044 0.002664
1608633249.561327 18.056124 0.002659
1608633249.627328 18.055027 0.002662
1608633249.693328 18.054781 0.002666
1608633249.759328 18.053913 0.002668
1608633249.858328 18.054247 0.002667
1608633249.957328 18.056222 0.002664
1608633250.023329 18.057090 0.002659
1608633250.089329 18.056169 0.002661
1608633250.188329 18.057775 0.002666
1608633250.254329 18.059468 0.002668
1608633250.353329 18.058841 0.002665
1608633250.485330 18.060714 0.002664
1608633250.584330 18.061749 0.002663
1608633250.650330 18.062665 0.002667
1608633250.716330 18.062582 0.002664
1608633250.782330 18.063702 0.002666
1608633250.848330 18.063566 0.002662
1608633250.914331 18.064969 0.002662
1608633250.980331 18.066202 0.002665
1608633251.046331 18.066023 0.002666
1608633251.112331 18.064994 0.002665
1608633251.244331 18.068204 0.002665
1608633251.376332 18.067649 0.002665
1608633251.475332 18.068156 0.002647
1608633251.574332 18.068044 0.002663
1608633251.673332 18.067611 0.002665
1608633251.772332 18.070495 0.002668
1608633251.904333 18.069860 0.002659
1608633252.003333 18.070555 0.002665
1608633252.102334 18.069908 0.002662
1608633252.168334 18.068120 0.002664
1608633252.234334 18.066161 0.002667
1608633252.300334 18.064753 0.002668
1608633252.366334 18.063635 0.002667
1608633252.432334 18.064028 0.002665
1608633252.498334 18.064972 0.002667
1608633252.564335 18.063754 0.002667
1608633252.630335 18.064433 0.002667
1608633252.696335 18.066319 0.002667
1608633252.762335 18.065098 0.002660
1608633252.828335 18.065082 0.002665
1608633252.894335 18.064803 0.002667
1608633252.960335 18.063285 0.002666
1608633253.026335 18.063780 0.002665
1608633253.092336 18.064151 0.002662
1608633253.158336 18.062257 0.002666
1608633253.224336 18.061526 0.002667
1608633253.323336 18.061857 0.002666
1608633253.422337 18.061647 0.002668
1608633253.488337 18.063277 0.002648
1608633253.554337 18.062040 0.002665
1608633253.620337 18.062327 0.002665
1608633253.686337 18.064234 0.002667
1608633253.752337 18.064219 0.002664
1608633253.818337 18.063739 0.002664
1608633253.884338 18.064628 0.002667
1608633253.983338 18.065345 0.002667
1608633254.049338 18.065648 0.002666
1608633254.115338 18.064228 0.002666
1608633254.181338 18.065418 0.002662
1608633254.247339 18.064439 0.002667
1608633254.313339 18.063668 0.002665
1608633254.379339 18.063682 0.002667
1608633254.445339 18.063763 0.002663
1608633254.577339 18.064382 0.002663
1608633254.676339 18.063069 0.002666
1608633254.808340 18.062470 0.002667
1608633254.907340 18.061940 0.002662
1608633255.006340 18.063504 0.002665
1608633255.072340 18.063646 0.002666
1608633255.138341 18.061388 0.002661
1608633255.204341 18.060654 0.002667
1608633255.303341 18.058428 0.002667
1608633255.369341 18.060301 0.002667
1608633255.468341 18.059985 0.002665
1608633255.534341 18.060018 0.002666
1608633255.600342 18.058018 0.002667
1608633255.666342 18.058968 0.002664
1608633255.765342 18.058783 0.002667
1608633255.864342 18.059155 0.002667
1608633255.963343 18.061672 0.002668
1608633256.095343 18.062102 0.002667
1608633256.227343 18.061172 0.002665
1608633256.326344 18.060025 0.002666
1608633256.392344 18.059202 0.002666
1608633256.458344 18.058284 0.002666
1608633256.524344 18.056136 0.002667
1608633256.590344 18.055990 0.002667
1608633256.656344 18.056481 0.002663
1608633256.722344 18.054622 0.002667
1608633256.788344 18.055091 0.002663
1608633256.887345 18.055129 0.002662
1608633256.986345 18.054854 0.002667
1608633257.085345 18.055741 0.002667
1608633257.184345 18.055235 0.002667
1608633257.283346 18.055887 0.002667
1608633257.382346 18.056339 0.002665
1608633257.481346 18.056623 0.002667
1608633257.547346 18.056620 0.002660
1608633257.613346 18.054971 0.002664
1608633257.712347 18.052487 0.002667
1608633257.778347 18.052269 0.002664
1608633257.877347 18.055967 0.002667
1608633257.976347 18.057019 0.002667
1608633258.042347 18.056211 0.002663
1608633258.108348 18.055698 0.002665
1608633258.174348 18.055326 0.002666
1608633258.240348 18.054458 0.002666
1608633258.339348 18.054557 0.002667
1608633258.438348 18.054648 0.002666
1608633258.537349 18.055570 0.002667
1608633258.603349 18.058813 0.002667
1608633258.669349 18.060602 0.002666
1608633258.735349 18.059827 0.002667
1608633258.801349 18.059883 0.002663
1608633258.867349 18.058541 0.002663
1608633258.966350 18.056697 0.002666
1608633259.065350 18.057309 0.002665
1608633259.164350 18.055287 0.002666
1608633259.230350 18.055948 0.002658
1608633259.329350 18.057565 0.002665
1608633259.428351 18.058057 0.002660
1608633259.494351 18.057782 0.002662
1608633259.560351 18.060353 0.002665
1608633259.626351 18.058704 0.002662
1608633259.725351 18.059987 0.002667
1608633259.791352 18.058947 0.002663
1608633259.857352 18.059804 0.002657
1608633259.923352 18.057538 0.002666
1608633259.989352 18.057786 0.002663
1608633260.055352 18.056869 0.002666
1608633260.121352 18.056981 0.002663
1608633260.187353 18.059431 0.002665
1608633260.253353 18.059448 0.002664
1608633260.319353 18.060323 0.002663
1608633260.385353 18.063341 0.002666
1608633260.451353 18.063594 0.002662
1608633260.517353 18.063786 0.002664
1608633260.583353 18.062758 0.002667
1608633260.649354 18.063142 0.002667
1608633260.715354 18.065791 0.002665
1608633260.781354 18.064236 0.002666
1608633260.880354 18.061132 0.002665
1608633261.012354 18.062563 0.002665
1608633261.144355 18.061869 0.002663
1608633261.276355 18.059696 0.002666
1608633261.408355 18.058140 0.002667
1608633261.540356 18.056604 0.002665
1608633261.705356 18.058646 0.002663
1608633261.837356 18.061214 0.002664
1608633261.969357 18.055458 0.002665
1608633262.101357 18.053221 0.002664
1608633262.233357 18.049956 0.002666
1608633262.365358 18.048824 0.002667
1608633262.530358 18.046908 0.002667
1608633262.728359 18.048879 0.002658
1608633262.893359 18.049041 0.002665
1608633263.058359 18.043473 0.002667
1608633263.190360 18.039762 0.002667
1608633263.289360 18.036912 0.002663
1608633263.388360 18.045348 0.002663
1608633263.487360 18.048189 0.002663
1608633263.586361 18.053070 0.002665
1608633263.685361 18.052408 0.002665
1608633263.817361 18.054950 0.002665
1608633263.982362 18.056463 0.002662
1608633264.114362 18.056280 0.002657
1608633264.246362 18.060650 0.002663
1608633264.411363 18.063540 0.002655
1608633264.609363 18.063802 0.002663
1608633264.807363 18.064520 0.002658
1608633265.005364 18.064396 0.002659
1608633265.170364 18.067617 0.002664
1608633265.368365 18.070443 0.002663
1608633265.566365 18.069112 0.002667
1608633265.731366 18.070522 0.002663
1608633265.962366 18.073339 0.002666
1608633266.160367 18.071744 0.002666
1608633266.358367 18.076375 0.002655
1608633266.523368 18.079230 0.002648
1608633266.754368 18.076090 0.002661
1608633266.952369 18.076267 0.002662
1608633267.117369 18.077788 0.002660
1608633267.282370 18.079001 0.002663
1608633267.447370 18.075062 0.002660
1608633267.612370 18.081930 0.002657
1608633267.744370 18.084654 0.002654
1608633267.909371 18.087812 0.002661
1608633268.107371 18.100684 0.002655
1608633268.371372 18.097357 0.002652
1608633268.635373 18.102050 0.002646
1608633268.932373 18.106728 0.002656
1608633269.196374 18.100633 0.002661
1608633269.394374 18.105959 0.002662
1608633269.592375 18.106137 0.002663
1608633269.757375 18.106617 0.002664
1608633269.955376 18.105976 0.002665
1608633270.120376 18.100308 0.002662
1608633270.285377 18.095938 0.002666
1608633270.450377 18.090017 0.002666
1608633270.615377 18.083081 0.002665
1608633270.879378 18.091493 0.002663
1608633271.077378 18.097870 0.002657
1608633271.275379 18.094431 0.002655
1608633271.473379 18.091900 0.002666
1608633271.737380 18.106472 0.002665
1608633272.034381 18.115207 0.002665
1608633272.298381 18.121116 0.002665
1608633272.529382 18.125253 0.002659
1608633272.793382 18.130339 0.002662
1608633273.057383 18.142732 0.002661
1608633273.288384 18.142403 0.002660
1608633273.552384 18.146408 0.002662
1608633273.915385 18.161114 0.002661
1608633274.278386 18.171109 0.002660
1608633274.575387 18.175727 0.002657
1608633274.971388 18.188656 0.002655
1608633275.268388 18.194512 0.002660
1608633275.598389 18.205238 0.002664
1608633275.862390 18.204485 0.002656
1608633276.225391 18.209869 0.002655
1608633276.390391 18.210829 0.002651
1608633276.588392 18.212481 0.002657
1608633276.951392 18.215092 0.002658
1608633277.215393 18.216173 0.002662
1608633277.512393 18.220695 0.002666
1608633277.644394 18.221994 0.002665
1608633277.809394 18.225305 0.002666
1608633285.564413 18.231255 0.002667
1608633285.927413 18.224103 0.002665
1608633286.059414 18.221789 0.002664
1608633286.290414 18.219981 0.002665
1608633286.554415 18.217263 0.002664
1608633286.785416 18.212650 0.002661
1608633286.917416 18.207616 0.002654
1608633287.049416 18.202070 0.002652
1608633287.214417 18.197505 0.002656
1608633287.412417 18.192103 0.002660
1608633287.577417 18.190490 0.002660
1608633287.742418 18.188006 0.002660
1608633287.940418 18.183715 0.002660
1608633288.138419 18.179489 0.002660
1608633288.402420 18.172408 0.002659
1608633288.699420 18.167879 0.002658
1608633288.930421 18.161191 0.002653
1608633289.161421 18.154618 0.002656
1608633289.359422 18.150810 0.002651
1608633289.590422 18.145273 0.002657
1608633289.788423 18.145281 0.002657
1608633290.085423 18.143309 0.002662
1608633290.448424 18.135246 0.002661
1608633290.679425 18.131257 0.002657
1608633290.943425 18.119734 0.002661
1608633291.207426 18.114959 0.002651
1608633291.438427 18.112456 0.002658
1608633291.669427 18.109989 0.002652
1608633291.966428 18.103031 0.002643
1608633292.230428 18.097797 0.002641
1608633292.428429 18.098360 0.002654
1608633292.692430 18.101680 0.002652
1608633292.890430 18.102445 0.002658
1608633293.088431 18.099849 0.002641
1608633293.319431 18.095204 0.002655
1608633293.583432 18.092555 0.002657
1608633293.814432 18.090893 0.002657
1608633294.045433 18.089922 0.002661
1608633294.276433 18.090816 0.002663
1608633294.507434 18.087277 0.002658
1608633294.705434 18.086840 0.002660
1608633294.837435 18.087501 0.002658
1608633294.969435 18.087520 0.002654
1608633295.101435 18.086190 0.002660
1608633295.233436 18.086691 0.002639
1608633295.365436 18.087319 0.002621
1608633295.497436 18.086864 0.002640
1608633295.629437 18.082162 0.002661
1608633295.761437 18.086492 0.002654
1608633295.860437 18.088076 0.002611
1608633295.959437 18.086118 0.002628
1608633296.025437 18.085878 0.002609
1608633296.157438 18.085352 0.002650
1608633296.289438 18.079227 0.002658
1608633296.421438 18.082687 0.002662
1608633296.553439 18.083169 0.002654
1608633296.685439 18.083230 0.002652
1608633296.817439 18.081721 0.002660
1608633296.982440 18.081055 0.002656
1608633297.114440 18.081323 0.002657
1608633297.246440 18.081140 0.002644
1608633297.378440 18.082712 0.002650
1608633297.543441 18.084610 0.002659
1608633297.675441 18.082871 0.002659
1608633297.807442 18.082304 0.002662
1608633297.939442 18.082622 0.002658
1608633298.104442 18.082867 0.002663
1608633298.269443 18.083412 0.002651
1608633298.401443 18.082841 0.002648
1608633298.500443 18.083707 0.002626
1608633298.599443 18.082341 0.002656
1608633298.698444 18.084105 0.002616
1608633298.797444 18.081885 0.002640
1608633298.863444 18.081741 0.002635
1608633298.929444 18.082587 0.002647
1608633299.028445 18.082052 0.002656
1608633299.127445 18.081888 0.002660
1608633299.226445 18.081238 0.002654
1608633299.391445 18.083275 0.002645
1608633299.523446 18.082488 0.002658
1608633299.622446 18.082339 0.002659
1608633299.688446 18.082585 0.002655
1608633299.754446 18.083744 0.002661
1608633299.820446 18.083696 0.002661
1608633299.886446 18.083127 0.002662
1608633299.952447 18.083934 0.002638
1608633300.018447 18.082989 0.002661
1608633300.117447 18.082568 0.002646
1608633300.216447 18.081501 0.002661
1608633300.348448 18.082217 0.002661
1608633300.513448 18.082278 0.002663
1608633300.612448 18.082789 0.002654
1608633300.711449 18.081220 0.002662
1608633300.777449 18.081129 0.002659
1608633300.843449 18.081322 0.002651
1608633300.942449 18.083250 0.002649
1608633301.041449 18.081563 0.002657
1608633301.173450 18.079304 0.002655
1608633301.338450 18.078576 0.002652
1608633301.503450 18.077914 0.002660
1608633301.635451 18.077379 0.002621
1608633301.734451 18.078404 0.002659
1608633301.899451 18.079950 0.002654
1608633302.064452 18.081121 0.002657
1608633302.196452 18.078708 0.002660
1608633302.328452 18.079048 0.002645
1608633302.460453 18.077491 0.002660
1608633302.559453 18.076466 0.002660
1608633302.691453 18.077103 0.002656
1608633302.823453 18.077671 0.002646
1608633302.955454 18.075466 0.002653
1608633303.087454 18.076318 0.002560
1608633303.252454 18.073095 0.002644
1608633303.384455 18.073145 0.002610
1608633303.483455 18.073955 0.002655
1608633303.549455 18.073810 0.002653
1608633303.615455 18.074986 0.002649
1608633303.681456 18.074654 0.002652
1608633303.747456 18.074682 0.002639
1608633303.813456 18.074739 0.002662
1608633303.879456 18.074502 0.002654
1608633303.945456 18.074187 0.002662
1608633304.011456 18.073991 0.002656
1608633304.077456 18.073693 0.002662
1608633304.143456 18.073927 0.002662
1608633304.209457 18.073744 0.002662
1608633304.308457 18.073684 0.002655
1608633304.374457 18.073407 0.002661
1608633304.440457 18.073227 0.002662
1608633304.539458 18.072979 0.002659
1608633304.638458 18.073134 0.002661
1608633304.737458 18.072993 0.002660
1608633304.836458 18.072789 0.002656
1608633304.935459 18.072153 0.002660
1608633305.034459 18.072030 0.002663
1608633305.133459 18.072029 0.002636
1608633305.232459 18.071984 0.002655
1608633305.331459 18.072938 0.002662
1608633305.463459 18.072556 0.002659
1608633305.562460 18.072411 0.002649
1608633305.661460 18.071993 0.002652
1608633305.760461 18.071736 0.002641
1608633305.826461 18.071037 0.002661
1608633305.892461 18.070758 0.002653
1608633305.991461 18.069954 0.002660
1608633306.090461 18.070615 0.002660
1608633306.222461 18.070425 0.002660
1608633306.288462 18.070769 0.002662
1608633306.354462 18.070677 0.002659
1608633306.453462 18.070707 0.002661
1608633306.519462 18.070399 0.002662
1608633306.618463 18.070618 0.002661
1608633306.684463 18.070566 0.002660
1608633306.750463 18.070737 0.002663
1608633306.816463 18.071695 0.002659
1608633306.882463 18.071122 0.002658
1608633306.948463 18.071211 0.002660
1608633307.014463 18.070777 0.002656
1608633307.113464 18.071332 0.002638
1608633307.212464 18.070894 0.002662
1608633307.311464 18.071697 0.002661
1608633307.410465 18.072082 0.002653
1608633307.476465 18.072280 0.002658
1608633307.575465 18.072716 0.002660
1608633307.641465 18.072616 0.002663
1608633307.707465 18.072572 0.002662
1608633307.773465 18.072919 0.002653
1608633307.839465 18.072859 0.002638
1608633307.905466 18.072921 0.002662
1608633307.971466 18.072542 0.002659
1608633308.037466 18.072547 0.002659
1608633308.169466 18.072222 0.002656
1608633308.268466 18.072307 0.002617
1608633308.367467 18.072245 0.002642
1608633308.499467 18.071972 0.002656
1608633308.631467 18.072104 0.002662
1608633308.763468 18.071773 0.002638
1608633308.862468 18.071844 0.002626
1608633308.961468 18.072481 0.002646
1608633309.060468 18.072481 0.002656
1608633309.126468 18.071890 0.002661
1608633309.192468 18.071663 0.002649
1608633309.258469 18.072193 0.002661
1608633309.324469 18.071908 0.002660
1608633309.390469 18.071353 0.002661
1608633309.456469 18.071574 0.002662
1608633309.522469 18.071799 0.002653
1608633309.588470 18.071872 0.002639
1608633309.654470 18.071951 0.002652
1608633309.720470 18.072394 0.002656
1608633309.786470 18.072364 0.002661
1608633309.852470 18.071971 0.002660
1608633309.918470 18.071860 0.002658
1608633309.984471 18.071884 0.002659
1608633310.083471 18.072047 0.002655
1608633310.182471 18.071603 0.002656
1608633310.248471 18.071269 0.002660
1608633310.314471 18.071633 0.002649
1608633310.380471 18.071406 0.002658
1608633310.479472 18.071920 0.002661
1608633310.578472 18.071857 0.002662
1608633310.677472 18.071117 0.002662
1608633310.776472 18.071149 0.002658
1608633310.908473 18.070993 0.002662
1608633311.007473 18.070573 0.002651
1608633311.106473 18.070231 0.002656
1608633311.205473 18.070294 0.002660
1608633311.304474 18.069746 0.002654
1608633311.403474 18.069240 0.002660
1608633311.502474 18.068922 0.002656
1608633311.634475 18.068853 0.002663
1608633311.766475 18.068949 0.002662
1608633311.898475 18.069223 0.002659
1608633312.030475 18.069417 0.002656
1608633312.129476 18.068374 0.002629
1608633312.261476 18.068198 0.002661
1608633312.360476 18.068558 0.002655
1608633312.492476 18.067904 0.002648
1608633312.591477 18.068364 0.002663
1608633312.690477 18.068651 0.002649
1608633312.789477 18.067558 0.002627
1608633312.855477 18.065948 0.002620
1608633312.921477 18.066569 0.002638
1608633312.987478 18.066242 0.002653
1608633313.053478 18.066602 0.002646
1608633313.119478 18.066175 0.002635
1608633313.185478 18.065489 0.002647
1608633313.251478 18.064667 0.002652
1608633313.317478 18.064966 0.002650
1608633313.383479 18.065343 0.002649
1608633313.449479 18.065446 0.002653
1608633313.515479 18.064884 0.002662
1608633313.581479 18.064148 0.002645
1608633313.647479 18.064380 0.002657
1608633313.713480 18.065352 0.002662
1608633313.779480 18.065331 0.002661
1608633313.845480 18.065230 0.002659
1608633313.911480 18.065183 0.002661
1608633313.977480 18.065301 0.002661
1608633314.043480 18.064625 0.002654
1608633314.109480 18.064465 0.002649
1608633314.208481 18.064116 0.002648
1608633314.274481 18.064322 0.002661
1608633314.406481 18.065034 0.002656
1608633314.538481 18.064995 0.002654
1608633314.637481 18.064988 0.002652
1608633314.703482 18.064832 0.002662
1608633314.769482 18.066265 0.002653
1608633314.835482 18.066602 0.002659
1608633314.901482 18.065414 0.002659
1608633314.967482 18.064436 0.002657
1608633315.033483 18.063659 0.002654
1608633315.132483 18.063530 0.002659
1608633315.231483 18.064264 0.002662
1608633315.330483 18.064618 0.002658
1608633315.429483 18.062894 0.002635
1608633315.528484 18.065182 0.002653
1608633315.594484 18.065309 0.002658
1608633315.660484 18.064291 0.002656
1608633315.726484 18.063568 0.002659
1608633315.792484 18.063667 0.002652
1608633315.858485 18.063138 0.002659
1608633315.924484 18.062877 0.002658
1608633315.990485 18.063777 0.002660
1608633316.056485 18.063856 0.002649
1608633316.122485 18.062916 0.002650
1608633316.188485 18.062926 0.002662
1608633316.254485 18.063667 0.002659
1608633316.320485 18.065009 0.002661
1608633316.386486 18.065418 0.002660
1608633316.485486 18.066645 0.002660
1608633316.551486 18.067898 0.002654
1608633316.617486 18.068040 0.002653
1608633316.716486 18.069808 0.002659
1608633316.815486 18.070339 0.002652
1608633316.980487 18.071096 0.002629
1608633317.145487 18.070570 0.002652
1608633317.277488 18.071315 0.002662
1608633317.409488 18.072657 0.002623
1608633317.541488 18.072815 0.002633
1608633317.673489 18.073598 0.002662
1608633317.805489 18.076591 0.002652
1608633317.937489 18.075745 0.002662
1608633318.036489 18.075051 0.002662
1608633318.168490 18.075729 0.002655
1608633318.300490 18.077040 0.002661
1608633318.399490 18.077813 0.002656
1608633318.498491 18.078534 0.002661
1608633318.564491 18.078401 0.002647
1608633318.663491 18.078633 0.002659
1608633318.729491 18.079500 0.002641
1608633318.828491 18.080329 0.002661
1608633318.927492 18.081197 0.002654
1608633319.026492 18.081530 0.002658
1608633319.125492 18.081702 0.002661
1608633319.224492 18.082648 0.002657
1608633319.323493 18.083563 0.002656
1608633319.422493 18.084662 0.002648
1608633319.488493 18.084619 0.002621
1608633319.587493 18.085042 0.002647
1608633319.686493 18.085537 0.002655
1608633319.785494 18.086113 0.002644
1608633319.851494 18.085957 0.002625
1608633319.983494 18.087662 0.002654
1608633320.082494 18.088839 0.002658
1608633320.148494 18.089198 0.002646
1608633320.247495 18.090084 0.002660
1608633320.313495 18.091371 0.002657
1608633320.379495 18.090411 0.002662
1608633320.445495 18.090321 0.002659
1608633320.511495 18.090231 0.002658
1608633320.577496 18.090594 0.002651
1608633320.643496 18.090872 0.002652
1608633320.709496 18.090773 0.002659
1608633320.808496 18.091068 0.002657
1608633320.907496 18.090605 0.002652
1608633321.006496 18.091008 0.002662
1608633321.105497 18.091359 0.002656
1608633321.204497 18.091396 0.002657
1608633321.303497 18.090038 0.002653
1608633321.402497 18.089436 0.002657
1608633321.501498 18.089247 0.002654
1608633321.633498 18.089796 0.002652
1608633321.732498 18.088539 0.002659
1608633321.831498 18.089139 0.002660
1608633321.930499 18.089261 0.002657
1608633321.996499 18.088525 0.002615
1608633322.095499 18.086760 0.002657
1608633322.194499 18.086774 0.002659
1608633322.260499 18.087372 0.002655
1608633322.326500 18.086749 0.002638
1608633322.392500 18.086791 0.002659
1608633322.458500 18.086000 0.002661
1608633322.524500 18.086400 0.002657
1608633322.590500 18.086535 0.002660
1608633322.656501 18.086995 0.002655
1608633322.788501 18.087090 0.002661
1608633322.920501 18.086872 0.002659
1608633323.052501 18.087637 0.002657
1608633323.151502 18.087667 0.002654
1608633323.217502 18.087454 0.002656
1608633323.283502 18.087901 0.002648
1608633323.349502 18.087878 0.002662
1608633323.415502 18.088162 0.002656
1608633323.481503 18.089140 0.002662
1608633323.547503 18.088988 0.002658
1608633323.613503 18.090229 0.002627
1608633323.679503 18.089646 0.002656
1608633323.745503 18.089611 0.002662
1608633323.811503 18.090399 0.002655
1608633323.877503 18.092073 0.002651
1608633323.943503 18.092509 0.002653
1608633324.009504 18.092695 0.002647
1608633324.075504 18.093237 0.002656
1608633324.174504 18.094682 0.002651
1608633324.273504 18.097930 0.002643
1608633324.372504 18.098364 0.002652
1608633324.471505 18.099470 0.002656
1608633324.570505 18.104829 0.002660
1608633324.669505 18.109912 0.002658
1608633324.735505 18.112133 0.002658
1608633324.834506 18.117203 0.002647
1608633324.900506 18.119514 0.002659
1608633324.966506 18.124020 0.002659
1608633325.032506 18.128927 0.002647
1608633325.098506 18.135097 0.002647
1608633325.164506 18.137875 0.002661
1608633325.230506 18.140428 0.002655
1608633325.296507 18.143571 0.002654
1608633325.362507 18.149395 0.002661
1608633325.428507 18.155502 0.002647
1608633325.494507 18.158507 0.002659
1608633325.560507 18.161973 0.002647
1608633325.659508 18.167027 0.002657
1608633325.758508 18.173921 0.002656
1608633325.857508 18.178730 0.002657
1608633325.989508 18.188887 0.002652
1608633326.121509 18.200911 0.002645
1608633326.220509 18.207326 0.002641
1608633326.352509 18.217293 0.002644
1608633326.484510 18.225057 0.002631
1608633326.616510 18.233465 0.002653
1608633326.781510 18.244682 0.002633
1608633326.913511 18.247970 0.002617
1608633327.078511 18.255787 0.002608
1608633327.243511 18.260814 0.002636
1608633327.375512 18.267407 0.002648
1608633327.507512 18.274910 0.002597
1608633327.639512 18.281272 0.002621
1608633327.771513 18.293766 0.002619
1608633327.870513 18.302063 0.002655
1608633327.969513 18.310551 0.002642
1608633328.068513 18.323507 0.002659
1608633328.167514 18.334507 0.002655
1608633328.266514 18.347520 0.002614
1608633328.365514 18.355763 0.002645
1608633328.497514 18.375143 0.002655
1608633328.629515 18.391963 0.002644
1608633328.761515 18.420479 0.002645
1608633328.893515 18.446373 0.002657
1608633329.058516 18.474842 0.002635
1608633329.223516 18.499309 0.002628
1608633329.421517 18.526102 0.002637
1608633329.652517 18.545822 0.002638
1608633329.883518 18.557733 0.002610
1608633330.114518 18.562904 0.002626
1608633330.345519 18.562573 0.002581
1608633330.543519 18.564362 0.002628
1608633330.741520 18.557594 0.002625
1608633330.972520 18.558438 0.002635
1608633331.269521 18.554922 0.002629
1608633331.533521 18.547991 0.002631
1608633331.863522 18.535989 0.002604
1608633332.127523 18.519921 0.002617
1608633332.325523 18.514421 0.002655
1608633332.490524 18.512454 0.002647
1608633332.622524 18.509988 0.002642
1608633332.754524 18.507024 0.002660
1608633332.886525 18.505959 0.002655
1608633333.018525 18.505415 0.002658
1608633333.183525 18.503733 0.002661
1608633333.348526 18.500204 0.002660
1608633333.513526 18.501100 0.002639
1608633333.711527 18.499716 0.002654
1608633333.843527 18.500257 0.002649
1608633334.008528 18.501094 0.002640
1608633334.173528 18.498695 0.002658
1608633334.371528 18.498480 0.002654
1608633334.569529 18.500461 0.002656
1608633334.767529 18.500594 0.002652
1608633335.031530 18.498325 0.002654
1608633335.229530 18.498429 0.002654
1608633335.460531 18.498244 0.002658
1608633335.658531 18.498390 0.002649
1608633335.856532 18.495341 0.002639
1608633336.087533 18.492311 0.002647
1608633336.285533 18.490015 0.002648
1608633336.483533 18.487707 0.002644
1608633336.813534 18.485789 0.002648
1608633337.209535 18.487099 0.002650
1608633337.539536 18.488582 0.002653
1608633337.704536 18.486732 0.002631
1608633337.869537 18.486686 0.002647
1608633338.166538 18.489245 0.002652
1608633338.430538 18.490952 0.002656
1608633338.595538 18.489455 0.002658
1608633338.727539 18.491614 0.002655
1608633338.859539 18.493826 0.002661
1608633338.991539 18.494222 0.002660
1608633358.065584 18.492575 0.002662
1608633358.560586 18.489249 0.002662
1608633358.890586 18.486381 0.002658
1608633359.088587 18.484807 0.002658
1608633359.286587 18.483242 0.002658
1608633359.517588 18.482651 0.002660
1608633359.781589 18.482591 0.002660
1608633360.111589 18.484062 0.002658
1608633360.309590 18.485232 0.002658
1608633360.573591 18.486636 0.002656
1608633360.837591 18.486323 0.002644
1608633361.101592 18.485079 0.002645
1608633361.365592 18.486402 0.002642
1608633361.695593 18.491143 0.002642
1608633361.959594 18.492799 0.002658
1608633362.223594 18.490003 0.002653
1608633362.487595 18.487032 0.002625
1608633362.685595 18.493448 0.002641
1608633362.916596 18.492712 0.002647
1608633363.114596 18.492549 0.002648
1608633363.279597 18.489655 0.002637
1608633363.477597 18.488583 0.002647
1608633363.609597 18.485179 0.002624
1608633363.774598 18.483494 0.002642
1608633363.972598 18.482032 0.002649
1608633364.170599 18.478548 0.002637
1608633364.335599 18.477978 0.002637
1608633364.467600 18.478313 0.002635
1608633364.632600 18.475113 0.002643
1608633364.797600 18.471391 0.002638
1608633364.995601 18.469379 0.002629
1608633365.193601 18.468396 0.002633
1608633365.358602 18.466793 0.002640
1608633365.556602 18.467224 0.002660
1608633365.721603 18.465500 0.002652
1608633365.886603 18.463835 0.002644
1608633366.018603 18.464805 0.002629
1608633366.150604 18.463579 0.002633
1608633366.282604 18.462164 0.002650
1608633366.414604 18.461560 0.002654
1608633366.513604 18.460827 0.002650
1608633366.579604 18.462256 0.002650
1608633366.645605 18.461369 0.002626
1608633366.777605 18.458862 0.002648
1608633366.909605 18.457664 0.002639
1608633367.041606 18.455970 0.002649
1608633367.173606 18.453143 0.002650
1608633367.305606 18.449814 0.002640
1608633367.437607 18.448411 0.002646
1608633367.569607 18.445910 0.002635
1608633367.668607 18.443487 0.002621
1608633367.833607 18.440127 0.002641
1608633367.965608 18.437454 0.002629
1608633368.097608 18.437536 0.002661
1608633368.229609 18.433392 0.002618
1608633368.394609 18.429436 0.002631
1608633368.526609 18.429282 0.002641
1608633368.592609 18.428349 0.002630
1608633368.691610 18.426042 0.002649
1608633368.790610 18.421411 0.002625
1608633368.922610 18.417658 0.002628
1608633369.087610 18.414866 0.002633
1608633369.252611 18.411720 0.002636
1608633369.384611 18.412351 0.002654
1608633369.516612 18.412228 0.002661
1608633369.648612 18.411189 0.002658
1608633369.780612 18.406881 0.002605
1608633369.912612 18.404065 0.002628
1608633370.044613 18.401044 0.002610
1608633370.143613 18.398364 0.002641
1608633370.275613 18.396422 0.002642
1608633370.374614 18.395787 0.002631
1608633370.473614 18.393337 0.002653
1608633370.572614 18.392528 0.002653
1608633370.671614 18.390277 0.002654
1608633370.803614 18.387312 0.002642
1608633370.935615 18.386192 0.002653
1608633371.067615 18.384065 0.002654
1608633371.166615 18.380503 0.002636
1608633371.265616 18.379036 0.002646
1608633371.364616 18.378137 0.002655
1608633371.463616 18.377155 0.002653
1608633371.562616 18.375918 0.002616
1608633371.661617 18.372159 0.002637
1608633371.793617 18.369686 0.002646
1608633371.892617 18.367603 0.002644
1608633371.991617 18.365573 0.002642
1608633372.090618 18.365229 0.002657
1608633372.189618 18.363313 0.002646
1608633372.321618 18.359793 0.002649
1608633372.453619 18.357823 0.002643
1608633372.552619 18.356890 0.002655
1608633372.651619 18.356622 0.002642
1608633372.750619 18.355325 0.002653
1608633372.849619 18.352671 0.002651
1608633372.981620 18.351405 0.002650
1608633373.080620 18.350617 0.002650
1608633373.179620 18.347837 0.002653
1608633373.311620 18.345514 0.002652
1608633373.443621 18.341994 0.002642
1608633373.542621 18.340557 0.002638
1608633373.674621 18.339794 0.002655
1608633373.806622 18.338582 0.002645
1608633373.938622 18.336651 0.002612
1608633374.070622 18.333057 0.002646
1608633374.202622 18.332229 0.002651
1608633374.301623 18.329193 0.002644
1608633374.433623 18.327975 0.002654
1608633374.565623 18.327462 0.002654
1608633374.664623 18.326576 0.002651
1608633374.763624 18.325507 0.002652
1608633374.862624 18.323218 0.002652
1608633374.961624 18.321747 0.002642
1608633375.060625 18.318868 0.002654
1608633375.192625 18.319069 0.002659
1608633375.291625 18.317071 0.002649
1608633375.390625 18.315951 0.002655
1608633375.489626 18.314595 0.002657
1608633375.588626 18.314072 0.002657
1608633375.687626 18.313717 0.002624
1608633375.753626 18.312991 0.002654
1608633375.819627 18.312948 0.002656
1608633375.885627 18.312680 0.002660
1608633375.951627 18.310999 0.002646
1608633376.050627 18.309453 0.002655
1608633376.149627 18.307691 0.002654
1608633376.314628 18.304948 0.002648
1608633376.446628 18.303195 0.002652
1608633376.545628 18.302253 0.002640
1608633376.677629 18.299864 0.002652
1608633376.809629 18.298129 0.002647
1608633376.875629 18.295136 0.002640
1608633377.007629 18.293482 0.002651
1608633377.139630 18.291291 0.002649
1608633377.271630 18.288643 0.002647
1608633377.436630 18.285344 0.002644
1608633377.568631 18.282935 0.002635
1608633377.700631 18.280397 0.002621
1608633377.832631 18.278891 0.002636
1608633377.964632 18.276888 0.002649
1608633378.096632 18.275935 0.002647
1608633378.228632 18.274697 0.002645
1608633378.327632 18.274049 0.002630
1608633378.426633 18.272677 0.002639
1608633378.558633 18.271516 0.002632
1608633378.690633 18.270292 0.002652
1608633378.789634 18.270398 0.002639
1608633378.888634 18.270327 0.002645
1608633378.987634 18.269999 0.002635
1608633379.119634 18.269392 0.002656
1608633379.251635 18.267359 0.002653
1608633379.383635 18.266804 0.002649
1608633379.515635 18.265622 0.002652
1608633379.680636 18.263235 0.002649
1608633379.812636 18.262038 0.002649
1608633379.977636 18.260149 0.002653
1608633380.109637 18.258871 0.002629
1608633380.274637 18.255054 0.002654
1608633380.439637 18.253542 0.002649
1608633380.604638 18.253071 0.002652
1608633380.769638 18.252784 0.002641
1608633380.901639 18.253301 0.002650
1608633381.033639 18.251357 0.002635
1608633381.198639 18.249880 0.002604
1608633381.363640 18.248525 0.002645
1608633381.495640 18.244592 0.002647
1608633381.660640 18.242819 0.002639
1608633381.825641 18.242989 0.002654
1608633381.957641 18.242915 0.002639
1608633382.122641 18.240395 0.002642
1608633382.320642 18.239692 0.002651
1608633382.518642 18.237717 0.002652
1608633382.749643 18.236055 0.002646
1608633382.947643 18.234893 0.002647
1608633383.112644 18.235994 0.002632
1608633383.310644 18.234918 0.002654
1608633383.508645 18.233111 0.002651
1608633383.706645 18.234677 0.002648
1608633383.904646 18.232716 0.002650
1608633384.135646 18.229864 0.002652
1608633384.333647 18.228340 0.002649
1608633384.531647 18.226188 0.002648
1608633384.729648 18.226078 0.002648
1608633384.861648 18.225525 0.002632
1608633385.092649 18.226855 0.002651
1608633385.356649 18.227210 0.002649
1608633385.653650 18.226546 0.002650
1608633385.950651 18.229059 0.002649
1608633386.214651 18.230592 0.002647
1608633386.412652 18.233169 0.002653
1608633386.610652 18.235160 0.002656
1608633386.775653 18.237244 0.002658
1608633386.973653 18.236266 0.002643
1608633387.303654 18.235214 0.002637
1608633387.666655 18.234906 0.002646
1608633387.996656 18.232616 0.002641
1608633388.359656 18.231468 0.002648
1608633388.689657 18.238882 0.002662
1608633389.019658 18.237480 0.002636
1608633389.349659 18.238519 0.002646
1608633389.613659 18.239003 0.002657
1608633389.943660 18.240185 0.002656
1608633390.240661 18.241917 0.002657
1608633390.504661 18.243085 0.002657
1608633390.702662 18.242802 0.002660
1608633390.999663 18.245082 0.002658
1608633391.296663 18.246511 0.002655
1608633391.560664 18.248334 0.002657
1608633391.956665 18.250892 0.002661
1608633392.253665 18.252983 0.002660
1608633392.550666 18.254408 0.002661
1608633392.814667 18.255409 0.002659
1608633393.111667 18.257016 0.002661
1608633393.507668 18.259838 0.002661
1608633394.695671 18.264470 0.002661
1608633395.289673 18.265185 0.002658
1608633445.911793 18.265004 0.002662
1608633446.340794 18.264549 0.002662
1608633446.604794 18.263382 0.002661
1608633446.967795 18.262788 0.002662
1608633447.132796 18.262327 0.002659
1608633447.264796 18.262051 0.002654
1608633447.561797 18.261880 0.002657
1608633448.188798 18.260856 0.002661
1608633448.386799 18.260596 0.002658
1608633448.617799 18.259584 0.002659
1608633448.749799 18.258718 0.002656
1608633449.211801 18.255295 0.002658
1608633449.541801 18.251653 0.002652
1608633449.838802 18.248562 0.002651
1608633449.904802 18.245525 0.002637
1608633450.003802 18.243080 0.002638
1608633450.069803 18.240423 0.002630
1608633450.564804 18.237114 0.002657
1608633450.795804 18.235022 0.002642
1608633451.191805 18.232034 0.002656
1608633451.917807 18.228493 0.002644
1608633452.346808 18.227289 0.002621
1608633452.709809 18.227184 0.002630
1608633453.006809 18.227514 0.002608
1608633453.303810 18.225889 0.002659
1608633453.633811 18.225187 0.002611
1608633453.930812 18.225844 0.002630
1608633454.227812 18.227350 0.002628
1608633454.491813 18.225483 0.002649
1608633454.755814 18.223089 0.002649
1608633454.986814 18.222301 0.002651
1608633455.217815 18.221724 0.002641
1608633455.448815 18.221130 0.002582
1608633455.679816 18.217077 0.002657
1608633455.844816 18.216254 0.002642
1608633455.976816 18.216474 0.002644
1608633456.075817 18.215855 0.002657
1608633456.174817 18.214419 0.002653
1608633456.438818 18.212401 0.002649
1608633456.669818 18.212208 0.002648
1608633456.867819 18.211687 0.002644
1608633457.065819 18.210936 0.002650
1608633457.296819 18.210404 0.002656
1608633457.494820 18.210060 0.002657
1608633457.692821 18.210258 0.002626
1608633457.890821 18.210638 0.002615
1608633458.055821 18.210876 0.002642
1608633458.220822 18.210733 0.002638
1608633458.385822 18.210835 0.002653
1608633458.517823 18.210749 0.002659
1608633458.649823 18.210753 0.002650
1608633458.781823 18.210497 0.002635
1608633458.913823 18.210764 0.002632
1608633459.045824 18.211149 0.002659
1608633459.177824 18.211454 0.002657
1608633459.276824 18.211523 0.002656
1608633459.375824 18.211492 0.002638
1608633459.474825 18.212029 0.002647
1608633459.573825 18.212562 0.002651
1608633459.705825 18.213017 0.002637
1608633459.837826 18.212957 0.002653
1608633459.969826 18.212946 0.002654
1608633460.101826 18.213802 0.002654
1608633460.233826 18.213788 0.002649
1608633460.365827 18.214059 0.002648
1608633460.497827 18.214555 0.002627
1608633460.629827 18.215241 0.002642
1608633460.728828 18.214798 0.002643
1608633460.827828 18.214970 0.002632
1608633460.926828 18.214833 0.002648
1608633461.025828 18.215409 0.002646
1608633461.190829 18.214588 0.002644
1608633461.322829 18.214855 0.002652
1608633461.454829 18.214246 0.002651
1608633461.586830 18.214049 0.002637
1608633461.685830 18.214194 0.002656
1608633461.784830 18.214147 0.002650
1608633461.916831 18.213553 0.002642
1608633462.048831 18.212806 0.002656
1608633462.213831 18.213021 0.002655
1608633462.378832 18.213124 0.002641
1608633462.510832 18.212363 0.002654
1608633462.642832 18.212642 0.002652
1608633462.774832 18.212303 0.002654
1608633462.906833 18.212299 0.002653
1608633463.038833 18.212379 0.002652
1608633463.170833 18.212408 0.002651
1608633463.302834 18.212578 0.002640
1608633463.401834 18.212739 0.002652
1608633463.566834 18.212527 0.002653
1608633463.731835 18.212675 0.002653
1608633463.863835 18.212814 0.002650
1608633463.995835 18.212602 0.002653
1608633464.094836 18.212636 0.002653
1608633464.226836 18.212894 0.002655
1608633464.358836 18.212638 0.002629
1608633464.490836 18.212622 0.002647
1608633464.622837 18.212339 0.002653
1608633464.721837 18.212719 0.002650
1608633464.820837 18.213160 0.002654
1608633464.919837 18.212774 0.002648
1608633465.018838 18.212612 0.002643
1608633465.084838 18.212777 0.002601
1608633465.183838 18.213000 0.002624
1608633465.249838 18.212599 0.002629
1608633465.348839 18.213005 0.002648
1608633465.414839 18.212776 0.002653
1608633465.480839 18.212551 0.002651
1608633465.546839 18.212521 0.002650
1608633465.612839 18.212308 0.002648
1608633465.678839 18.211734 0.002641
1608633465.744839 18.211324 0.002631
1608633465.810840 18.211482 0.002652
1608633465.876840 18.211474 0.002630
1608633465.942840 18.211360 0.002633
1608633466.008840 18.211477 0.002645
1608633466.074840 18.211661 0.002649
1608633466.140841 18.211528 0.002648
1608633466.206841 18.211567 0.002649
1608633466.272841 18.211609 0.002634
1608633466.338841 18.211513 0.002634
1608633466.404841 18.211294 0.002653
1608633466.470841 18.211252 0.002645
1608633466.569842 18.211064 0.002651
1608633466.668842 18.210988 0.002634
1608633466.734842 18.210626 0.002651
1608633466.833842 18.210557 0.002647
1608633466.932842 18.210813 0.002650
1608633467.031842 18.210808 0.002649
1608633467.097843 18.210522 0.002653
1608633467.196843 18.210571 0.002649
1608633467.262843 18.210517 0.002651
1608633467.328843 18.210288 0.002636
1608633467.427844 18.209660 0.002646
1608633467.526844 18.209358 0.002651
1608633467.592844 18.209501 0.002652
1608633467.691844 18.209511 0.002634
1608633467.790844 18.209432 0.002647
1608633467.889845 18.208886 0.002631
1608633467.955845 18.208831 0.002633
1608633468.054845 18.208887 0.002653
1608633468.153845 18.208552 0.002647
1608633468.252846 18.208558 0.002637
1608633468.351846 18.208204 0.002652
1608633468.417846 18.208069 0.002650
1608633468.516846 18.207646 0.002651
1608633468.582846 18.207455 0.002631
1608633468.681847 18.207266 0.002650
1608633468.813847 18.207014 0.002651
1608633468.912847 18.206743 0.002649
1608633469.011847 18.206438 0.002618
1608633469.110847 18.206440 0.002648
1608633469.209848 18.206542 0.002650
1608633469.308848 18.206409 0.002650
1608633469.440848 18.206158 0.002650
1608633469.572849 18.206137 0.002649
1608633469.704849 18.206142 0.002640
1608633469.836849 18.206184 0.002618
1608633469.968850 18.206210 0.002646
1608633470.067850 18.205721 0.002650
1608633470.166850 18.205474 0.002641
1608633470.298850 18.205187 0.002651
1608633470.430851 18.205131 0.002644
1608633470.562851 18.205025 0.002653
1608633470.694851 18.204984 0.002651
1608633470.826852 18.204570 0.002653
1608633470.958852 18.204348 0.002651
1608633471.090852 18.204197 0.002652
1608633471.222853 18.204485 0.002648
1608633471.321853 18.204239 0.002653
1608633471.420853 18.204152 0.002649
1608633471.519853 18.203895 0.002652
1608633471.618854 18.203702 0.002649
1608633471.684854 18.203635 0.002643
1608633471.750854 18.203830 0.002646
1608633471.816854 18.203703 0.002643
1608633471.882854 18.203685 0.002641
1608633471.948854 18.203485 0.002650
1608633472.014855 18.203649 0.002641
1608633472.113855 18.203426 0.002647
1608633472.179855 18.203169 0.002653
1608633472.245855 18.203693 0.002618
1608633472.344855 18.203304 0.002652
1608633472.476856 18.203407 0.002650
1608633472.608856 18.203311 0.002648
1608633472.740856 18.202972 0.002629
1608633472.872857 18.203420 0.002633
1608633473.004857 18.203715 0.002554
1608633473.136857 18.204066 0.002611
1608633473.268858 18.203586 0.002627
1608633473.367858 18.203985 0.002647
1608633473.466858 18.203488 0.002649
1608633473.565858 18.203184 0.002647
1608633473.664859 18.202521 0.002645
1608633473.763859 18.202914 0.002643
1608633473.862859 18.202518 0.002641
1608633473.961859 18.203275 0.002642
1608633474.060859 18.203686 0.002651
1608633474.192860 18.203650 0.002648
1608633474.357860 18.203915 0.002652
1608633474.489860 18.202759 0.002634
1608633474.621861 18.203983 0.002651
1608633474.753861 18.203995 0.002588
1608633474.918862 18.205176 0.002650
1608633475.050862 18.203081 0.002643
1608633475.215862 18.202516 0.002619
1608633475.380862 18.201995 0.002579
1608633475.545863 18.202110 0.002640
1608633475.710863 18.201423 0.002640
1608633475.842864 18.200422 0.002644
1608633475.941864 18.199969 0.002627
1608633476.106864 18.200364 0.002636
1608633476.304865 18.200168 0.002648
1608633476.469865 18.198773 0.002638
1608633476.667866 18.198354 0.002618
1608633476.865866 18.198984 0.002651
1608633476.997866 18.198777 0.002611
1608633477.129867 18.197873 0.002635
1608633477.261867 18.197143 0.002617
1608633477.393867 18.196596 0.002651
1608633477.492867 18.196298 0.002651
1608633477.591868 18.196201 0.002646
1608633477.690868 18.195931 0.002634
1608633477.822869 18.195976 0.002634
1608633477.954869 18.195924 0.002639
1608633478.086869 18.196648 0.002592
1608633478.251869 18.196811 0.002644
1608633478.449870 18.195329 0.002622
1608633478.548870 18.193400 0.002646
1608633478.680870 18.192934 0.002634
1608633478.779871 18.192399 0.002645
1608633478.911871 18.191729 0.002593
1608633479.043871 18.191321 0.002635
1608633479.175871 18.191549 0.002641
1608633479.307872 18.191791 0.002650
1608633479.406872 18.191045 0.002649
1608633479.505872 18.190176 0.002646
1608633479.604872 18.189725 0.002617
1608633479.736873 18.189645 0.002635
1608633479.868873 18.188594 0.002649
1608633479.967874 18.187188 0.002562
1608633480.066874 18.187019 0.002647
1608633480.165874 18.187084 0.002646
1608633480.264874 18.186898 0.002648
1608633480.363874 18.187204 0.002649
1608633480.462875 18.186471 0.002644
1608633480.561875 18.185484 0.002643
1608633480.660875 18.185053 0.002651
1608633480.759875 18.186110 0.002611
1608633480.858876 18.185770 0.002650
1608633480.957876 18.185545 0.002633
1608633481.023876 18.185484 0.002631
1608633481.089876 18.185693 0.002645
1608633481.155876 18.185594 0.002644
1608633481.254876 18.185637 0.002651
1608633481.320877 18.184751 0.002624
1608633481.419877 18.185067 0.002641
1608633481.518877 18.184549 0.002647
1608633481.584877 18.183356 0.002649
1608633481.650877 18.182927 0.002635
1608633481.716877 18.182399 0.002617
1608633481.782878 18.182088 0.002593
1608633481.881878 18.181032 0.002627
1608633481.980878 18.180859 0.002641
1608633482.079878 18.181071 0.002643
1608633482.178879 18.180142 0.002641
1608633482.244879 18.179684 0.002650
1608633482.310879 18.179436 0.002635
1608633482.409879 18.179725 0.002639
1608633482.475879 18.180167 0.002620
1608633482.541880 18.179766 0.002633
1608633482.640880 18.178632 0.002650
1608633482.739880 18.178390 0.002618
1608633482.805880 18.177204 0.002646
1608633482.904880 18.176405 0.002642
1608633483.003881 18.177586 0.002645
1608633483.102881 18.177616 0.002616
1608633483.201881 18.177245 0.002625
1608633483.300881 18.176701 0.002633
1608633483.399881 18.175257 0.002645
1608633483.498882 18.174020 0.002647
1608633483.597882 18.174940 0.002622
1608633483.696882 18.175363 0.002648
1608633483.795882 18.174902 0.002646
1608633483.894883 18.174380 0.002639
1608633483.993883 18.172739 0.002621
1608633484.092883 18.171545 0.002638
1608633484.191884 18.170229 0.002635
1608633484.290884 18.169382 0.002643
1608633484.389884 18.168976 0.002642
1608633484.488884 18.168284 0.002618
1608633484.587884 18.166667 0.002647
1608633484.653884 18.166500 0.002637
