DelayedMarginalization 0.00147845 1.04617e-06 0.0103183 1460
DelayedMarginalizationOnly 0.000709251 5.19741e-07 0.00653514 1460
EF-marginalizeFrame 0.00185515 1.10832e-06 0.0107506 1460
FullSystem::trackNewCoarse 0.0049005 1.22821e-05 0.0347889 8480
FullSystem::trackNewCoarseNoIMU 0.00189337 1.10567e-06 0.0089001 192
FullSystemOptimize 0.151828 0.000421473 0.266722 1466
GraphUnrolling 0.00507544 -nan 0.00507544 1
IMUInitAddPose 3.62889e-05 2.85043e-09 0.00100793 1466
IMUInitOptimize 0.0405734 0.000245363 0.0625387 18
IMUIntegration::finishKeyframeOperations 5.00684e-05 9.4953e-10 0.000763461 1443
InitializerFirstFrame 0.0340752 -nan 0.0340752 1
InitializerOtherFrames 0.0353881 0.000457931 0.0908045 72
MainMarginalization 0.00167748 1.07112e-06 0.010506 1460
MarginalizationReplacementBuildGraph 0.00233677 -nan 0.00233677 1
MarginalizeMainGraph 0.00076785 4.2575e-07 0.00784459 1460
PGBA 0.129557 -nan 0.129557 1
PGBAFull 0.0674936 0.0088507 0.134017 2
PrepareGraphForMainOptimization 0.00512786 -nan 0.00512786 1
VisualMarginalization 2.89876e-05 2.83548e-09 0.00104298 1460
activatePointsMT 0.00444344 4.79651e-06 0.0175593 1466
addActiveFrame 0.0390722 0.00429809 0.314149 8745
addIMUData 0.00110891 1.49455e-06 0.0175969 8480
addIMUDataToBA 0.00010754 1.0163e-08 0.00257295 8744
addKeyframeToBA 5.14117e-05 3.63504e-10 0.000323605 1466
afterCoarseTracking 2.77188e-07 2.01676e-14 2.075e-06 8672
baIteration 0.0244798 3.65824e-05 0.0796509 8513
baMatrixInversion 0.000174302 1.33758e-08 0.0054184 8513
baUpdateBuildHessians 0.000624772 3.69613e-07 0.00966234 8513
coarseTrackingIteration 0.000577157 8.56255e-07 0.00967426 55122
computeBAUpdate 0.000903857 3.96266e-07 0.00993201 8513
computeCoarseUpdate 0.000320077 5.22467e-07 0.00730337 53926
computeFactorForCoarseGraphAndMarginalCovariances 0.00233152 5.71858e-07 0.0103933 1443
convertHAndBFromDSO 0.000105675 3.18485e-09 0.00200433 14342
debugPlot 1.58917e-07 6.48427e-12 9.7562e-05 1466
debugPlotIDepthMap 4.379e-07 1.12119e-12 3.7397e-05 1466
debugPlotIDepthMapFloat 3.41542e-08 5.27635e-16 4.31e-07 1466
deliverTrackedFrame 0.0317352 0.00428176 0.301497 8673
flagFramesForMarginalization 3.05921e-06 1.29705e-09 0.00137545 1466
fullCoarseTracking 0.00627656 1.82544e-05 0.0648818 8672
initObjectsAndMakeImage 0.00107163 4.77741e-08 0.00322205 8745
makeKeyframe 0.175405 0.000445699 0.301488 1466
makeKeyframeChangeTrackingRef 0.0018482 8.42326e-08 0.00416089 1466
makeNewTraces 0.00358582 2.02673e-07 0.00666541 1466
makeNonKeyframe 0.00242485 2.68938e-06 0.009038 7207
marginalizeAndRemovePoints 0.00344706 9.18292e-07 0.00928511 1466
marginalizeFrame 0.00361137 1.41915e-06 0.0125407 1460
marginalizeFrameOverhead 0.00175219 1.79616e-07 0.00447139 1460
marginalizeFrames 0.00361216 1.47009e-06 0.0125545 1466
newFrameAndNewResidualsForOldPoints 0.00102518 6.65913e-08 0.00323684 1466
printBiases 7.74273e-06 9.23234e-10 0.00104594 1466
printEigenValLine 1.81392e-07 1.50087e-13 1.4856e-05 1466
printLogLine 0.000153209 8.28343e-08 0.00336462 1466
publishInMakeKeyframe 2.04851e-07 8.30462e-15 1.342e-06 1466
removeOutliers 0.000163784 7.09695e-09 0.00232289 1466
swapTrackingRef 0.000178956 1.09586e-07 0.00330665 1466
timeMeasurement 1.85775e-06 1.45507e-11 0.000280682 8745
traceNewCoarse 0.00242456 2.29171e-06 0.00902397 8673
updateBAValues 1.13884e-05 2.97617e-11 0.000160707 14769
zero 1.13015e-07 1.59137e-14 8.249e-06 8745
