1614255926.330158 14.855322 0.209031
1614255926.462159 14.883647 0.190465
1614255926.627159 14.885411 0.164908
1614255926.792159 14.930103 0.140857
1614255926.924160 14.890208 0.121883
1614255927.056160 14.838017 0.105596
1614255927.221160 14.836948 0.088818
1614255927.353161 14.873168 0.078706
1614255927.485161 14.869180 0.069571
1614255927.617161 14.857567 0.062728
1614255927.782162 14.875962 0.055952
1614255927.914162 14.857845 0.050800
1614255928.046162 14.847496 0.046102
1614255928.178163 14.861727 0.041942
1614255928.310163 14.877189 0.038064
1614255928.475163 14.898009 0.033244
1614255928.640164 14.912071 0.028716
1614255928.805164 14.920951 0.024939
1614255929.003165 14.895721 0.021428
1614255929.168165 14.901189 0.019256
1614255929.399166 14.887662 0.016869
1614255929.630166 14.906361 0.015049
1614255929.861166 14.905368 0.013433
1614255930.092167 14.914205 0.012619
1614255930.323168 14.913487 0.012244
1614255930.521168 14.902582 0.012097
1614255930.719169 14.893455 0.012018
1614255930.917169 14.895997 0.011982
1614255931.115170 14.910461 0.011922
1614255931.313170 14.922649 0.011816
1614255931.511171 14.939722 0.011705
1614255931.742171 14.959305 0.011513
1614255931.973172 14.975830 0.011308
1614255932.204172 14.986987 0.011117
1614255932.435173 15.009940 0.010982
1614255932.633173 15.015829 0.010834
1614255932.897174 15.020069 0.010595
1614255933.095174 15.014809 0.010358
1614255933.326175 15.012347 0.010030
1614255933.524175 15.002839 0.009750
1614255933.689176 14.997711 0.009509
1614255933.854176 14.985509 0.009293
1614255933.986176 14.980951 0.009089
1614255934.118176 14.973801 0.008965
1614255934.250177 14.971806 0.008743
1614255934.382177 14.975697 0.008544
1614255934.514178 14.982896 0.008289
1614255934.646178 14.995343 0.008064
1614255934.778178 15.009958 0.007778
1614255934.910179 15.037081 0.007477
1614255935.042179 15.063379 0.007173
1614255935.174179 15.097590 0.006929
1614255935.306179 15.135931 0.006698
1614255935.438180 15.179748 0.006258
1614255935.570180 15.215761 0.006088
1614255935.702180 15.259458 0.005942
1614255935.867181 15.309854 0.005791
1614255935.999181 15.346899 0.005679
1614255936.131181 15.372332 0.005580
1614255936.230182 15.392293 0.005506
1614255936.362182 15.414594 0.005419
1614255936.494182 15.433686 0.005333
1614255936.626183 15.446302 0.005251
1614255936.758183 15.462433 0.004989
1614255936.890183 15.465186 0.004910
1614255936.989183 15.455890 0.004852
1614255937.121184 15.437641 0.004791
1614255937.253184 15.430028 0.004726
1614255937.385184 15.408261 0.004671
1614255937.517184 15.380445 0.004612
1614255937.649185 15.357590 0.004555
1614255937.748185 15.346533 0.004510
1614255937.847185 15.330384 0.004471
1614255937.946186 15.314154 0.004435
1614255938.045186 15.310463 0.004395
1614255938.144186 15.303471 0.004356
1614255938.276186 15.271613 0.004320
1614255938.408187 15.238362 0.004273
1614255938.540187 15.215254 0.004221
1614255938.639187 15.190985 0.004180
1614255938.771188 15.180396 0.004133
1614255938.903188 15.153522 0.004100
1614255939.035188 15.117280 0.004061
1614255939.167188 15.196718 0.008258
1614255939.299189 15.172121 0.008206
1614255939.431189 15.147610 0.008093
1614255939.530189 15.128539 0.008038
1614255939.629190 15.121138 0.007994
1614255939.728190 15.114027 0.007955
1614255939.827190 15.100415 0.007917
1614255939.893190 15.095343 0.007868
1614255939.992190 15.086022 0.007821
1614255940.091191 15.075590 0.007759
1614255940.190191 15.070506 0.007689
1614255940.289191 15.061699 0.007611
1614255940.388191 15.054210 0.007525
1614255940.487191 15.050960 0.007487
1614255940.586192 15.048163 0.007404
1614255940.685192 15.044152 0.007343
1614255940.784192 15.038848 0.007258
1614255940.883193 15.036304 0.007189
1614255940.982193 15.033673 0.007131
1614255941.081193 15.034004 0.007067
1614255941.180193 15.031930 0.006996
1614255941.279194 15.032159 0.006924
1614255941.378194 15.033401 0.006863
1614255941.477194 15.035375 0.006815
1614255941.576194 15.035180 0.006748
1614255941.675194 15.037122 0.006701
1614255941.774195 15.037102 0.006646
1614255941.873195 15.038383 0.006597
1614255941.972195 15.039767 0.006554
1614255942.071195 15.040864 0.006495
1614255942.170195 15.040206 0.006450
1614255942.269196 15.040427 0.006403
1614255942.368196 15.041632 0.006374
1614255942.467196 15.044685 0.006342
1614255942.566196 15.046964 0.006313
1614255942.665197 15.046434 0.006277
1614255942.764197 15.047568 0.006248
1614255942.863197 15.048511 0.006219
1614255942.962198 15.047241 0.006180
1614255943.061198 15.045693 0.006148
1614255943.193198 15.043882 0.006097
1614255943.325198 15.045210 0.006070
1614255943.457199 15.048104 0.006041
1614255943.589199 15.048098 0.006013
1614255943.721199 15.047114 0.005981
1614255943.853200 15.048422 0.005952
1614255943.985200 15.049656 0.005919
1614255944.084200 15.053873 0.005902
1614255944.183200 15.056487 0.005885
1614255944.282201 15.059588 0.005864
1614255944.414201 15.062029 0.005839
1614255944.513201 15.065392 0.005825
1614255944.612201 15.068014 0.005800
1614255944.744201 15.072826 0.005767
1614255944.843202 15.077933 0.005748
1614255944.975202 15.077874 0.005722
1614255945.074202 15.073585 0.005705
1614255945.173203 15.070743 0.005683
1614255945.305203 15.069080 0.005655
1614255945.437203 15.064459 0.005618
1614255945.569203 15.068463 0.005590
1614255945.668204 15.067368 0.005558
1614255945.800204 15.068787 0.005516
1614255945.932204 15.068259 0.005478
1614255946.064205 15.068640 0.005436
1614255946.196205 15.062497 0.005385
1614255946.295205 15.062514 0.005354
1614255946.427206 15.063165 0.005310
1614255946.559206 15.061822 0.005267
1614255946.691206 15.068343 0.005229
1614255946.823206 15.062434 0.005189
1614255946.955207 15.058321 0.005143
1614255947.120207 15.061655 0.005093
1614255947.252208 15.065805 0.005064
1614255947.384208 15.064828 0.005028
1614255947.516208 15.064550 0.005000
1614255947.648208 15.067834 0.004976
1614255947.780209 15.072950 0.004951
1614255947.912209 15.080410 0.004919
1614255948.044209 15.085791 0.004895
1614255948.176210 15.091742 0.004863
1614255948.308210 15.096350 0.004830
1614255948.440210 15.101145 0.004794
1614255948.572211 15.101171 0.004751
1614255948.704211 15.107042 0.004722
1614255948.803211 15.111398 0.004700
1614255948.902211 15.114756 0.004668
1614255949.001212 15.120285 0.004643
1614255949.100212 15.123921 0.004610
1614255949.199212 15.122752 0.004594
1614255949.298212 15.125593 0.004574
1614255949.397213 15.130018 0.004550
1614255949.496213 15.132647 0.004528
1614255949.595213 15.134577 0.004499
1614255949.694213 15.138844 0.004477
1614255949.793213 15.142165 0.004447
1614255949.892214 15.145451 0.004425
1614255949.991214 15.148436 0.004398
1614255950.090214 15.152203 0.004371
1614255950.189214 15.157442 0.004357
1614255950.288214 15.159238 0.004336
1614255950.387215 15.160930 0.004314
1614255950.486215 15.163683 0.004301
1614255950.585215 15.165411 0.004285
1614255950.684216 15.165758 0.004261
1614255950.783216 15.167164 0.004254
1614255950.882216 15.170998 0.004241
1614255950.981216 15.171838 0.004229
1614255951.080217 15.170882 0.004216
1614255951.212217 15.170124 0.004203
1614255951.311217 15.168992 0.004193
1614255951.443218 15.169696 0.004183
1614255951.575218 15.169930 0.004174
1614255951.707218 15.170522 0.004165
1614255951.872218 15.171230 0.004156
1614255952.004219 15.172296 0.004150
1614255952.136219 15.172077 0.004144
1614255952.268219 15.172019 0.004139
1614255952.400220 15.172199 0.004135
1614255952.532220 15.172336 0.004132
1614255952.631220 15.171822 0.004131
1614255952.763221 15.171876 0.004128
1614255952.895221 15.171826 0.004125
1614255952.994221 15.171170 0.004123
1614255953.093221 15.170681 0.004123
1614255953.192221 15.170378 0.004121
1614255953.291222 15.170445 0.004120
1614255953.357222 15.170534 0.004119
1614255953.456222 15.169255 0.004119
1614255953.522222 15.168739 0.004115
1614255953.588223 15.168865 0.004117
1614255953.654222 15.169270 0.004117
1614255953.720223 15.168920 0.004118
1614255953.786223 15.168983 0.004117
1614255953.852223 15.168687 0.004118
1614255953.918223 15.168511 0.004117
1614255953.984223 15.168198 0.004117
1614255954.050224 15.168275 0.004116
1614255954.116224 15.167634 0.004116
1614255954.215224 15.167628 0.004115
1614255954.314224 15.167378 0.004114
1614255954.413224 15.167375 0.004114
1614255954.512224 15.167446 0.004115
1614255954.611225 15.167445 0.004114
1614255954.710225 15.168253 0.004114
1614255954.809225 15.168705 0.004113
1614255954.908226 15.168397 0.004112
1614255955.007226 15.168154 0.004112
1614255955.106226 15.168273 0.004111
1614255955.205226 15.167912 0.004111
1614255955.304227 15.167342 0.004109
1614255955.403227 15.167114 0.004109
1614255955.502227 15.167371 0.004108
1614255955.601227 15.166822 0.004109
1614255955.700227 15.166759 0.004108
1614255955.799228 15.166430 0.004108
1614255955.898228 15.166433 0.004107
1614255955.997228 15.165771 0.004106
1614255956.096228 15.165326 0.004106
1614255956.195228 15.165725 0.004105
1614255956.294229 15.165384 0.004104
1614255956.393229 15.166212 0.004104
1614255956.492229 15.165837 0.004104
1614255956.591229 15.166261 0.004103
1614255956.690230 15.165754 0.004102
1614255956.822230 15.165981 0.004102
1614255956.954230 15.166885 0.004101
1614255957.053231 15.167487 0.004102
1614255957.152231 15.168184 0.004101
1614255957.251231 15.166724 0.004100
1614255957.350231 15.165996 0.004100
1614255957.449232 15.165761 0.004098
1614255957.548232 15.165508 0.004098
1614255957.647232 15.165464 0.004097
1614255957.746232 15.165695 0.004094
1614255957.845232 15.166725 0.004096
1614255957.977233 15.165660 0.004095
1614255958.142233 15.165594 0.004096
1614255958.274233 15.165816 0.004095
1614255958.406234 15.165609 0.004094
1614255958.505234 15.165812 0.004095
1614255958.604234 15.165907 0.004094
1614255958.703235 15.166290 0.004095
1614255958.736234 15.166114 0.004093
1614255958.835235 15.166551 0.004093
1614255958.934235 15.167251 0.004092
1614255959.066235 15.166629 0.004092
1614255959.198236 15.165200 0.004091
1614255959.297236 15.164929 0.004092
1614255959.396236 15.164065 0.004091
1614255959.495236 15.163777 0.004091
1614255959.594237 15.163859 0.004092
1614255959.693237 15.164621 0.004091
1614255959.792237 15.165441 0.004091
1614255959.924237 15.166210 0.004091
1614255960.023238 15.166888 0.004090
1614255960.122238 15.167389 0.004090
1614255960.221238 15.167392 0.004090
1614255960.320238 15.168762 0.004090
1614255960.419238 15.168844 0.004088
1614255960.518239 15.168938 0.004086
1614255960.617239 15.169604 0.004088
1614255960.749239 15.169304 0.004088
1614255960.881240 15.168932 0.004086
1614255961.013240 15.168843 0.004086
1614255961.112240 15.168872 0.004086
1614255961.211241 15.168853 0.004086
1614255961.310241 15.169475 0.004086
1614255961.409241 15.169487 0.004086
1614255961.508241 15.169742 0.004084
1614255961.607241 15.169673 0.004085
1614255961.706242 15.169557 0.004085
1614255961.805242 15.169504 0.004085
1614255961.937242 15.169096 0.004085
1614255962.069242 15.170104 0.004085
1614255962.201243 15.171101 0.004084
1614255962.300243 15.171624 0.004084
1614255962.399243 15.171314 0.004084
1614255962.498243 15.170091 0.004082
1614255962.597244 15.170526 0.004083
1614255962.696244 15.170389 0.004079
1614255962.795244 15.171378 0.004081
1614255962.894244 15.171382 0.004081
1614255963.026245 15.172324 0.004081
1614255963.158245 15.171755 0.004082
1614255963.290245 15.171731 0.004082
1614255963.389246 15.172293 0.004080
1614255963.521246 15.173103 0.004081
1614255963.653246 15.173688 0.004079
1614255963.785246 15.174331 0.004080
1614255963.917247 15.175107 0.004080
1614255964.049247 15.175338 0.004079
1614255964.181247 15.175814 0.004079
1614255964.313248 15.176404 0.004079
1614255964.412248 15.177387 0.004078
1614255964.511248 15.176737 0.004079
1614255964.610248 15.176575 0.004078
1614255964.709249 15.176770 0.004076
1614255964.808249 15.176413 0.004077
1614255964.907249 15.176979 0.004077
1614255965.006249 15.177673 0.004077
1614255965.105250 15.178108 0.004076
1614255965.204250 15.178657 0.004076
1614255965.303250 15.179768 0.004076
1614255965.435250 15.180865 0.004076
1614255965.567251 15.180376 0.004076
1614255965.699251 15.180603 0.004073
1614255965.831251 15.181208 0.004074
1614255965.963251 15.181940 0.004073
1614255966.095252 15.182875 0.004073
1614255966.227252 15.182999 0.004072
1614255966.359252 15.183582 0.004072
1614255966.458253 15.184468 0.004072
1614255966.557253 15.184823 0.004072
1614255966.656253 15.184420 0.004072
1614255966.755254 15.183889 0.004072
1614255966.854254 15.183839 0.004072
1614255966.953254 15.183410 0.004070
1614255967.052254 15.183296 0.004069
1614255967.184254 15.183320 0.004071
1614255967.283255 15.182611 0.004071
1614255967.382255 15.182853 0.004071
1614255967.481255 15.182425 0.004071
1614255967.580255 15.182270 0.004070
1614255967.679255 15.182254 0.004071
1614255967.778256 15.182334 0.004070
1614255967.877256 15.182169 0.004070
1614255968.009256 15.182577 0.004070
1614255968.108256 15.182966 0.004070
1614255968.207257 15.182732 0.004070
1614255968.306257 15.182224 0.004070
1614255968.405257 15.182439 0.004070
1614255968.471257 15.182495 0.004070
1614255968.570257 15.182741 0.004070
1614255968.669258 15.183074 0.004069
1614255968.801258 15.183032 0.004069
1614255968.900258 15.183167 0.004069
1614255969.032259 15.182558 0.004069
1614255969.131259 15.182877 0.004068
1614255969.230259 15.183172 0.004068
1614255969.329259 15.183037 0.004068
1614255969.428260 15.182719 0.004067
1614255969.560260 15.182966 0.004066
1614255969.692260 15.182732 0.004067
1614255969.791260 15.182269 0.004065
1614255969.890260 15.182559 0.004066
1614255969.989261 15.182519 0.004066
1614255970.055261 15.182408 0.004065
1614255970.154261 15.182779 0.004065
1614255970.286262 15.182592 0.004065
1614255970.385262 15.182037 0.004064
1614255970.484262 15.182066 0.004062
1614255970.616262 15.181627 0.004064
1614255970.715262 15.182269 0.004063
1614255970.814263 15.181531 0.004062
1614255970.913263 15.181777 0.004063
1614255971.012263 15.182132 0.004062
1614255971.111264 15.181794 0.004062
1614255971.210263 15.181990 0.004062
1614255971.309264 15.182345 0.004062
1614255971.408264 15.182380 0.004062
1614255971.507264 15.182288 0.004061
1614255971.606265 15.182156 0.004059
1614255971.705265 15.181946 0.004060
1614255971.804265 15.181948 0.004061
1614255971.903265 15.181838 0.004061
1614255972.002266 15.181631 0.004061
1614255972.101266 15.181460 0.004060
1614255972.200266 15.181493 0.004060
1614255972.299266 15.181687 0.004060
1614255972.398266 15.181539 0.004059
1614255972.497267 15.181496 0.004059
1614255972.596267 15.180813 0.004059
1614255972.695267 15.180991 0.004057
1614255972.794267 15.181061 0.004058
1614255972.893268 15.181830 0.004055
1614255972.992268 15.181344 0.004057
1614255973.091268 15.180824 0.004057
1614255973.190269 15.180080 0.004058
1614255973.289268 15.179982 0.004058
1614255973.388269 15.179927 0.004057
1614255973.487269 15.179368 0.004056
1614255973.586269 15.179237 0.004057
1614255973.685270 15.179383 0.004052
1614255973.784270 15.178360 0.004057
1614255973.883270 15.178222 0.004058
1614255973.982270 15.178445 0.004058
1614255974.081270 15.179052 0.004057
1614255974.180271 15.179700 0.004055
1614255974.246271 15.179132 0.004056
1614255974.312271 15.178792 0.004056
1614255974.411271 15.179321 0.004057
1614255974.477271 15.179692 0.004057
1614255974.576272 15.179555 0.004056
1614255974.642272 15.179269 0.004057
1614255974.741272 15.179345 0.004056
1614255974.840272 15.179767 0.004057
1614255974.906272 15.179994 0.004057
1614255975.005273 15.180580 0.004057
1614255975.104273 15.181593 0.004054
1614255975.203273 15.180758 0.004056
1614255975.302273 15.180590 0.004057
1614255975.401273 15.180362 0.004057
1614255975.500274 15.180155 0.004057
1614255975.599274 15.180501 0.004056
1614255975.698274 15.180404 0.004056
1614255975.797274 15.180391 0.004057
1614255975.896275 15.180727 0.004057
1614255975.995275 15.180179 0.004057
1614255976.094275 15.180047 0.004056
1614255976.193275 15.180019 0.004057
1614255976.292276 15.180531 0.004056
1614255976.391276 15.180133 0.004057
1614255976.490276 15.180349 0.004056
1614255976.589276 15.180403 0.004057
1614255976.688277 15.180567 0.004056
1614255976.787277 15.181234 0.004057
1614255976.886277 15.182051 0.004055
1614255976.985277 15.182319 0.004056
1614255977.084277 15.181429 0.004057
1614255977.183278 15.181343 0.004057
1614255977.282278 15.181407 0.004054
1614255977.381278 15.182089 0.004053
1614255977.480278 15.183030 0.004055
1614255977.579279 15.183798 0.004056
1614255977.678279 15.184264 0.004056
1614255977.777279 15.183144 0.004053
1614255977.876279 15.181340 0.004053
1614255977.942279 15.180991 0.004055
1614255978.041280 15.181827 0.004055
1614255978.140280 15.182152 0.004056
1614255978.206280 15.180689 0.004055
1614255978.272280 15.181196 0.004055
1614255978.371281 15.180921 0.004056
1614255978.470281 15.182261 0.004053
1614255978.536281 15.182844 0.004054
1614255978.602281 15.181685 0.004057
1614255978.701281 15.182555 0.004056
1614255978.800282 15.182343 0.004057
1614255978.899282 15.182286 0.004054
1614255978.998282 15.182399 0.004056
1614255979.097282 15.182575 0.004056
1614255979.196282 15.182709 0.004053
1614255979.295283 15.182648 0.004054
1614255979.394283 15.182150 0.004053
1614255979.493283 15.182460 0.004053
1614255979.592283 15.182510 0.004054
1614255979.691284 15.182060 0.004056
1614255979.790284 15.181761 0.004046
1614255979.889284 15.180826 0.004053
1614255979.988284 15.180353 0.004055
1614255980.087285 15.179600 0.004056
1614255980.186285 15.179093 0.004056
1614255980.285285 15.178566 0.004057
1614255980.351285 15.175479 0.004055
1614255980.450285 15.175807 0.004056
1614255980.549286 15.176305 0.004056
1614255980.648286 15.177181 0.004054
1614255980.747286 15.177174 0.004056
1614255980.846286 15.176658 0.004053
1614255980.912287 15.175575 0.004054
1614255980.978287 15.174997 0.004055
1614255981.077287 15.176579 0.004056
1614255981.176287 15.176312 0.004055
1614255981.242287 15.176085 0.004055
1614255981.341287 15.176006 0.004056
1614255981.440288 15.176081 0.004054
1614255981.506288 15.175455 0.004054
1614255981.605288 15.175346 0.004055
1614255981.704288 15.175767 0.004054
1614255981.803288 15.175676 0.004055
1614255981.902289 15.176725 0.004041
1614255982.001289 15.176533 0.004051
1614255982.100289 15.176138 0.004054
1614255982.199290 15.175154 0.004051
1614255982.298290 15.175284 0.004053
1614255982.397290 15.174522 0.004054
1614255982.496290 15.174000 0.004053
1614255982.595290 15.174070 0.004054
1614255982.694291 15.174257 0.004050
1614255982.793291 15.174162 0.004054
1614255982.859291 15.174226 0.004054
1614255982.925291 15.174027 0.004052
1614255982.991291 15.173457 0.004051
1614255983.057292 15.172755 0.004054
1614255983.123292 15.173479 0.004052
1614255983.222292 15.174533 0.004053
1614255983.321292 15.174171 0.004054
1614255983.420292 15.174482 0.004054
1614255983.519293 15.174562 0.004054
1614255983.618293 15.174415 0.004054
1614255983.717293 15.174346 0.004053
1614255983.783293 15.174345 0.004053
1614255983.882293 15.174308 0.004054
1614255983.948294 15.174276 0.004047
1614255984.047294 15.174729 0.004053
1614255984.146294 15.175512 0.004054
1614255984.212294 15.175725 0.004051
1614255984.344295 15.174516 0.004053
1614255984.443295 15.175016 0.004051
1614255984.542295 15.175542 0.004053
1614255984.641295 15.175028 0.004053
1614255984.740296 15.175160 0.004052
1614255984.839296 15.174458 0.004049
1614255984.938296 15.173770 0.004053
1614255985.037296 15.173085 0.004053
1614255985.136297 15.171536 0.004050
1614255985.235297 15.171414 0.004053
1614255985.334297 15.172070 0.004050
1614255985.433297 15.172059 0.004053
1614255985.532297 15.172208 0.004053
1614255985.631298 15.170446 0.004047
1614255985.730298 15.169199 0.004051
1614255985.829298 15.168484 0.004052
1614255985.928298 15.168922 0.004054
1614255986.027298 15.169087 0.004053
1614255986.126299 15.168186 0.004052
1614255986.225299 15.167187 0.004051
1614255986.324299 15.166975 0.004052
1614255986.423300 15.166142 0.004054
1614255986.522300 15.164374 0.004048
1614255986.621300 15.163293 0.004052
1614255986.720300 15.163474 0.004053
1614255986.819300 15.162286 0.004053
1614255986.918301 15.161809 0.004051
1614255987.017301 15.162051 0.004049
1614255987.116301 15.160769 0.004051
1614255987.215301 15.162193 0.004052
1614255987.314302 15.162641 0.004051
1614255987.413302 15.163589 0.004052
1614255987.512302 15.162201 0.004053
1614255987.611302 15.162523 0.004046
1614255987.710302 15.161074 0.004051
1614255987.809303 15.159146 0.004049
1614255987.908303 15.158446 0.004051
1614255988.007303 15.155421 0.004051
1614255988.106303 15.153865 0.004052
1614255988.205304 15.154191 0.004052
1614255988.304304 15.156602 0.004052
1614255988.403304 15.156933 0.004051
1614255988.469304 15.155742 0.004048
1614255988.568305 15.154989 0.004050
1614255988.667305 15.154587 0.004048
1614255988.766305 15.155960 0.004052
1614255988.865305 15.156628 0.004049
1614255988.964305 15.158518 0.004050
1614255989.063306 15.159076 0.004052
1614255989.162306 15.157542 0.004052
1614255989.261306 15.157031 0.004052
1614255989.360307 15.157552 0.004052
1614255989.426306 15.157403 0.004047
1614255989.492307 15.157890 0.004051
1614255989.558307 15.157960 0.004052
1614255989.624307 15.157370 0.004047
1614255989.690307 15.156793 0.004052
1614255989.756307 15.156403 0.004048
1614255989.855308 15.156308 0.004049
1614255989.954308 15.156514 0.004051
1614255990.053308 15.156288 0.004051
1614255990.152308 15.157711 0.004051
1614255990.251308 15.159311 0.004051
1614255990.350309 15.158928 0.004052
1614255990.449309 15.158691 0.004050
1614255990.548309 15.157467 0.004050
1614255990.647310 15.157400 0.004050
1614255990.779310 15.156720 0.004049
1614255990.911310 15.155947 0.004051
1614255991.043310 15.155633 0.004049
1614255991.175311 15.156633 0.004050
1614255991.307311 15.155832 0.004051
1614255991.439311 15.156104 0.004051
1614255991.571312 15.157331 0.004045
1614255991.703312 15.157481 0.004044
1614255991.835312 15.156922 0.004046
1614255991.967313 15.157413 0.004049
1614255992.099313 15.158071 0.004050
1614255992.231313 15.160606 0.004051
1614255992.363313 15.161249 0.004051
1614255992.495314 15.163794 0.004050
1614255992.594314 15.164724 0.004051
1614255992.693314 15.165986 0.004051
1614255992.825315 15.169663 0.004049
1614255992.957315 15.172693 0.004049
1614255993.056315 15.175169 0.004050
1614255993.188315 15.178993 0.004051
1614255993.287316 15.180980 0.004051
1614255993.419316 15.185465 0.004050
1614255993.551316 15.190185 0.004050
1614255993.683316 15.195879 0.004050
1614255993.848317 15.200919 0.004050
1614255994.013317 15.213219 0.004046
1614255994.178318 15.213867 0.004049
1614255994.310318 15.217428 0.004048
1614255994.442318 15.223028 0.004048
1614255994.574319 15.226224 0.004040
1614255994.739319 15.230512 0.004044
1614255994.904320 15.236425 0.004045
1614255995.069320 15.241755 0.004044
1614255995.234320 15.245880 0.004046
1614255995.399321 15.247594 0.004045
1614255995.564321 15.252406 0.004046
1614255995.729321 15.255355 0.004046
1614255995.894322 15.256695 0.004039
1614255996.059322 15.257541 0.004044
1614255996.224323 15.260844 0.004039
1614255996.389323 15.266278 0.004043
1614255996.554323 15.269021 0.004035
1614255996.719324 15.270689 0.004002
1614255996.884324 15.272374 0.004037
1614255997.016324 15.273731 0.004018
1614255997.148324 15.275322 0.004012
1614255997.280325 15.273003 0.004042
1614255997.412325 15.271005 0.004040
1614255997.544326 15.273305 0.004023
1614255997.676326 15.273248 0.004037
1614255997.808326 15.273094 0.004039
1614255997.940327 15.273135 0.004039
1614255998.072327 15.273341 0.004036
1614255998.237327 15.273315 0.004034
1614255998.402328 15.272778 0.004035
1614255998.534328 15.271300 0.004032
1614255998.699328 15.271542 0.004035
1614255998.864329 15.270116 0.004033
1614255999.029329 15.269758 0.004032
1614255999.194330 15.270880 0.004031
1614255999.392330 15.270275 0.004030
1614255999.590330 15.268785 0.004028
1614255999.755331 15.269168 0.004027
1614255999.920331 15.269048 0.004023
1614256000.118332 15.269115 0.004021
1614256000.283332 15.268749 0.004014
1614256000.415332 15.268645 0.004021
1614256000.514333 15.268836 0.004018
1614256000.613333 15.268832 0.004019
1614256000.712333 15.268868 0.004018
1614256000.844333 15.268585 0.004018
1614256000.976334 15.268101 0.004016
1614256001.108334 15.268070 0.004014
1614256001.240334 15.267522 0.004014
1614256001.339335 15.267425 0.004012
1614256001.438335 15.267730 0.004013
1614256001.537335 15.267733 0.004010
1614256001.636335 15.267604 0.004009
1614256001.735335 15.267486 0.004007
1614256001.834336 15.267635 0.004010
1614256001.933336 15.267637 0.004009
1614256002.032336 15.268094 0.004008
1614256002.131336 15.268220 0.004007
1614256002.263337 15.269154 0.004007
1614256002.362337 15.268912 0.004005
1614256002.461337 15.268964 0.004007
1614256002.527338 15.268859 0.004004
1614256002.593338 15.269176 0.004002
1614256002.659338 15.269228 0.004001
1614256002.725338 15.269367 0.004005
1614256002.824338 15.269573 0.004004
1614256002.923338 15.269059 0.003998
1614256003.022339 15.268797 0.004001
1614256003.121339 15.269110 0.004002
1614256003.220339 15.269744 0.004002
1614256003.286339 15.270115 0.004001
1614256003.352339 15.269464 0.004001
1614256003.418339 15.268921 0.003997
1614256003.484340 15.269201 0.004001
1614256003.583340 15.268938 0.004001
1614256003.682340 15.268739 0.003995
1614256003.781340 15.268554 0.004000
1614256003.880341 15.268755 0.003999
1614256003.979341 15.267849 0.003999
1614256004.078341 15.269710 0.003996
1614256004.210341 15.269170 0.003997
1614256004.342342 15.269765 0.003995
1614256004.474342 15.269392 0.003991
1614256004.606342 15.270078 0.003994
1614256004.738343 15.271156 0.003997
1614256004.870343 15.271589 0.003996
1614256004.969343 15.271837 0.003995
1614256005.068343 15.272148 0.003993
1614256005.167344 15.272429 0.003992
1614256005.266344 15.272237 0.003995
1614256005.365344 15.273074 0.003994
1614256005.464344 15.273632 0.003994
1614256005.563345 15.273658 0.003994
1614256005.629345 15.273812 0.003992
1614256005.728345 15.273877 0.003993
1614256005.827345 15.274161 0.003990
1614256005.926346 15.273663 0.003987
1614256006.058346 15.273653 0.003989
1614256006.190346 15.273837 0.003991
1614256006.322346 15.273990 0.003990
1614256006.421347 15.274952 0.003992
1614256006.520347 15.276043 0.003991
1614256006.619347 15.276480 0.003992
1614256006.718347 15.276369 0.003991
1614256006.817348 15.276655 0.003989
1614256006.916348 15.276158 0.003982
1614256007.015348 15.276317 0.003978
1614256007.114348 15.276584 0.003986
1614256007.213348 15.277356 0.003991
1614256007.345349 15.278605 0.003991
1614256007.444349 15.278525 0.003990
1614256007.543349 15.278484 0.003988
1614256007.642349 15.278095 0.003985
1614256007.741350 15.278717 0.003990
1614256007.840350 15.279735 0.003990
1614256007.939350 15.280325 0.003986
1614256008.038350 15.280836 0.003983
1614256008.137351 15.281566 0.003990
1614256008.269351 15.281610 0.003988
1614256008.401351 15.282717 0.003980
1614256008.566352 15.283805 0.003985
1614256008.698352 15.285545 0.003979
1614256008.830352 15.286198 0.003985
1614256008.962353 15.286785 0.003988
1614256009.094353 15.288518 0.003985
1614256009.259353 15.290064 0.003988
1614256009.391354 15.291127 0.003987
1614256009.523354 15.291934 0.003987
1614256009.655354 15.293186 0.003984
1614256009.787355 15.293742 0.003983
1614256009.952355 15.294691 0.003986
1614256010.117355 15.295150 0.003986
1614256010.282356 15.296209 0.003983
1614256010.447356 15.296949 0.003982
1614256010.579356 15.297233 0.003988
1614256010.711357 15.297988 0.003987
1614256010.843357 15.298640 0.003987
1614256010.942357 15.298727 0.003988
1614256011.074358 15.298739 0.003988
1614256011.206358 15.299182 0.003987
1614256011.338358 15.300084 0.003986
1614256011.470359 15.300104 0.003987
1614256011.635359 15.300521 0.003987
1614256011.866359 15.300923 0.003987
1614256012.064360 15.300714 0.003987
1614256012.262360 15.301084 0.003983
1614256012.493361 15.301180 0.003986
1614256012.757361 15.300933 0.003987
1614256012.988362 15.300593 0.003987
1614256013.318363 15.300671 0.003987
1614256013.648364 15.301242 0.003987
1614256013.945364 15.301142 0.003987
1614256014.209365 15.301280 0.003988
1614256014.440366 15.301361 0.003987
1614256014.671366 15.301031 0.003987
1614256014.836366 15.300245 0.003986
1614256014.902367 15.299075 0.003984
1614256015.034367 15.298250 0.003987
1614256015.199368 15.297984 0.003985
1614256015.364368 15.297394 0.003987
1614256015.529368 15.297626 0.003984
1614256015.694369 15.297514 0.003985
1614256015.859369 15.297161 0.003985
1614256016.024369 15.296869 0.003986
1614256016.189370 15.296617 0.003986
1614256016.354370 15.296280 0.003987
1614256016.519371 15.296611 0.003978
1614256016.684371 15.296545 0.003983
1614256016.816371 15.296246 0.003986
1614256016.948371 15.296145 0.003984
1614256017.080372 15.295807 0.003981
1614256017.212372 15.295372 0.003984
1614256017.311372 15.294986 0.003980
1614256017.410372 15.296106 0.003980
1614256017.509373 15.295991 0.003983
1614256017.608373 15.295597 0.003981
1614256017.707373 15.295410 0.003985
1614256017.806373 15.295242 0.003981
1614256017.905374 15.294548 0.003984
1614256018.037374 15.294667 0.003985
1614256018.136374 15.295030 0.003985
1614256018.235374 15.294970 0.003984
1614256018.334375 15.294947 0.003981
1614256018.433375 15.293881 0.003985
1614256018.532375 15.293658 0.003983
1614256018.631375 15.293970 0.003984
1614256018.763376 15.293757 0.003982
1614256018.895376 15.293199 0.003984
1614256018.994376 15.292342 0.003979
1614256019.126376 15.292400 0.003983
1614256019.258377 15.292463 0.003984
1614256019.390377 15.291641 0.003982
1614256019.489377 15.290966 0.003983
1614256019.588378 15.290433 0.003982
1614256019.687378 15.290067 0.003981
1614256019.819378 15.289897 0.003982
1614256019.951378 15.289422 0.003982
1614256020.083379 15.287936 0.003981
1614256020.215379 15.287056 0.003978
1614256020.347379 15.285566 0.003979
1614256020.479380 15.284292 0.003979
1614256020.611380 15.283567 0.003978
1614256020.743380 15.283292 0.003978
1614256020.875381 15.282677 0.003979
1614256020.974381 15.282143 0.003978
1614256021.073381 15.281348 0.003978
1614256021.205381 15.281270 0.003977
1614256021.304382 15.280452 0.003977
1614256021.436382 15.279496 0.003976
1614256021.568382 15.277980 0.003976
1614256021.667382 15.277198 0.003973
1614256021.766383 15.276743 0.003973
1614256021.865383 15.276609 0.003975
1614256021.964383 15.275977 0.003974
1614256022.063384 15.275408 0.003975
1614256022.162384 15.275151 0.003973
1614256022.261384 15.274728 0.003973
1614256022.327384 15.274287 0.003973
1614256022.393384 15.274056 0.003969
1614256022.459384 15.273857 0.003972
1614256022.525384 15.273957 0.003969
1614256022.591385 15.273785 0.003972
1614256022.657385 15.273462 0.003971
1614256022.723385 15.273183 0.003970
1614256022.789385 15.272954 0.003969
1614256022.855385 15.272600 0.003972
1614256022.954386 15.272569 0.003971
1614256023.020386 15.272473 0.003972
1614256023.086386 15.272258 0.003970
1614256023.152386 15.272153 0.003971
1614256023.218386 15.271898 0.003970
1614256023.284386 15.271565 0.003965
1614256023.350386 15.271581 0.003970
1614256023.416387 15.271238 0.003969
1614256023.482387 15.270718 0.003969
1614256023.548387 15.270636 0.003968
1614256023.614387 15.270271 0.003968
1614256023.680387 15.269941 0.003967
1614256023.746387 15.269618 0.003968
1614256023.812387 15.269137 0.003968
1614256023.878388 15.268989 0.003968
1614256023.944388 15.268553 0.003967
1614256024.010388 15.267975 0.003967
1614256024.076388 15.266721 0.003964
1614256024.175388 15.265118 0.003965
1614256024.274389 15.262587 0.003963
1614256024.373389 15.261720 0.003963
1614256024.472389 15.259891 0.003964
1614256024.571389 15.259146 0.003961
1614256024.637390 15.258783 0.003963
1614256024.736390 15.257795 0.003965
1614256024.802390 15.257538 0.003965
1614256024.868390 15.257011 0.003965
1614256024.934390 15.256740 0.003962
1614256025.000390 15.255953 0.003965
1614256025.099391 15.254734 0.003964
1614256025.198391 15.253820 0.003964
1614256025.297391 15.252992 0.003964
1614256025.396391 15.252127 0.003963
1614256025.495391 15.251786 0.003965
1614256025.594392 15.250892 0.003962
1614256025.693392 15.250282 0.003962
1614256025.792392 15.249726 0.003963
1614256025.891392 15.249194 0.003963
1614256025.990393 15.248751 0.003963
1614256026.089393 15.248448 0.003963
1614256026.188393 15.247552 0.003963
1614256026.254393 15.247158 0.003962
1614256026.353393 15.246210 0.003963
1614256026.452394 15.245150 0.003963
1614256026.551394 15.244637 0.003962
1614256026.650394 15.244552 0.003962
1614256026.749394 15.243640 0.003962
1614256026.848395 15.243014 0.003962
1614256026.914395 15.242691 0.003962
1614256026.980395 15.242359 0.003962
1614256027.046395 15.242113 0.003962
1614256027.112395 15.241639 0.003962
1614256027.178396 15.241442 0.003962
1614256027.244395 15.241405 0.003962
1614256027.310396 15.241080 0.003962
1614256027.376396 15.240800 0.003962
1614256027.442396 15.240443 0.003962
1614256027.541396 15.239938 0.003960
1614256027.640396 15.239983 0.003961
1614256027.739397 15.239742 0.003962
1614256027.838397 15.239327 0.003962
1614256027.937397 15.239040 0.003962
1614256028.003397 15.238816 0.003961
1614256028.069397 15.238591 0.003961
1614256028.135397 15.238393 0.003961
1614256028.201398 15.238021 0.003961
1614256028.267398 15.237666 0.003960
1614256028.333398 15.237278 0.003960
1614256028.432398 15.236826 0.003960
1614256028.531398 15.236765 0.003960
1614256028.630399 15.236403 0.003959
1614256028.729399 15.236250 0.003960
1614256028.828399 15.235634 0.003961
1614256028.927399 15.235089 0.003960
1614256029.026399 15.234731 0.003961
1614256029.125400 15.234446 0.003959
1614256029.224400 15.234210 0.003961
1614256029.323400 15.233424 0.003959
1614256029.422400 15.232703 0.003956
1614256029.521401 15.232218 0.003958
1614256029.653401 15.231834 0.003957
1614256029.752401 15.231307 0.003959
1614256029.851402 15.231292 0.003959
1614256029.950402 15.231007 0.003959
1614256030.049402 15.230884 0.003960
1614256030.148402 15.230547 0.003960
1614256030.247402 15.230237 0.003959
1614256030.346403 15.230088 0.003960
1614256030.478403 15.229746 0.003960
1614256030.610403 15.229303 0.003959
1614256030.709404 15.228653 0.003959
1614256030.808404 15.228374 0.003959
1614256030.907404 15.228154 0.003959
1614256031.006404 15.227920 0.003958
1614256031.105404 15.227539 0.003957
1614256031.204405 15.226752 0.003957
1614256031.303405 15.226009 0.003959
1614256031.402405 15.225560 0.003959
1614256031.468405 15.225121 0.003958
1614256031.534405 15.224931 0.003958
1614256031.600406 15.225074 0.003959
1614256031.666406 15.224828 0.003957
1614256031.732406 15.224411 0.003958
1614256031.798406 15.224201 0.003959
1614256031.864406 15.223902 0.003959
1614256031.930406 15.223826 0.003959
1614256031.996407 15.223366 0.003958
1614256032.062407 15.222557 0.003958
1614256032.161407 15.221932 0.003959
1614256032.227407 15.221636 0.003959
1614256032.293407 15.221171 0.003958
1614256032.392408 15.220555 0.003958
1614256032.491408 15.220429 0.003958
1614256032.590408 15.220352 0.003957
1614256032.656408 15.219986 0.003959
1614256032.755408 15.219851 0.003958
1614256032.821409 15.219571 0.003958
1614256032.920409 15.219044 0.003958
1614256033.019409 15.218620 0.003957
1614256033.118409 15.218176 0.003957
1614256033.217410 15.218042 0.003958
1614256033.316410 15.218117 0.003958
1614256033.382410 15.218033 0.003958
1614256033.448410 15.217660 0.003958
1614256033.514410 15.217160 0.003958
1614256033.613410 15.216867 0.003955
1614256033.712411 15.215954 0.003958
1614256033.811411 15.214983 0.003958
1614256033.910411 15.214567 0.003958
1614256034.009411 15.214321 0.003957
1614256034.108412 15.214040 0.003958
1614256034.207412 15.213763 0.003956
1614256034.306412 15.213334 0.003957
1614256034.405412 15.213124 0.003958
1614256034.471412 15.212622 0.003956
1614256034.537413 15.213066 0.003957
1614256034.603413 15.212711 0.003957
1614256034.702413 15.212584 0.003957
1614256034.801413 15.212142 0.003958
1614256034.900414 15.211536 0.003958
1614256034.999413 15.211400 0.003958
1614256035.098414 15.211449 0.003957
1614256035.197414 15.211123 0.003958
1614256035.263414 15.210337 0.003957
1614256035.329414 15.210225 0.003958
1614256035.395415 15.210295 0.003957
1614256035.461415 15.210138 0.003957
1614256035.527415 15.210191 0.003957
1614256035.626415 15.209700 0.003958
1614256035.725415 15.209599 0.003958
1614256035.824415 15.209240 0.003958
1614256035.923416 15.208545 0.003956
1614256036.055416 15.207817 0.003958
1614256036.220417 15.207369 0.003958
1614256036.385417 15.206981 0.003958
1614256036.550417 15.206860 0.003958
1614256036.715418 15.205781 0.003958
1614256036.880418 15.204829 0.003958
1614256037.045419 15.204069 0.003956
1614256037.177419 15.202835 0.003957
1614256037.342419 15.203132 0.003957
1614256037.507420 15.202210 0.003957
1614256037.705420 15.201093 0.003956
1614256037.903420 15.200977 0.003956
1614256038.101421 15.200405 0.003957
1614256038.299422 15.200340 0.003957
1614256038.497422 15.199640 0.003956
1614256038.662422 15.198583 0.003957
1614256038.860423 15.197912 0.003957
1614256039.058423 15.197299 0.003956
1614256039.256424 15.196494 0.003957
1614256039.520424 15.195615 0.003957
1614256039.784425 15.195480 0.003957
1614256040.048426 15.195122 0.003956
1614256040.246426 15.194354 0.003955
1614256040.444427 15.193899 0.003956
1614256040.609427 15.193485 0.003954
1614256040.774427 15.193321 0.003956
1614256040.939428 15.193665 0.003956
1614256041.104428 15.192713 0.003955
1614256041.269428 15.192796 0.003955
1614256041.434429 15.192902 0.003956
1614256041.599429 15.192385 0.003955
1614256041.764430 15.192102 0.003954
1614256041.929430 15.192219 0.003955
1614256042.094430 15.192069 0.003955
1614256042.292431 15.191840 0.003954
1614256042.457431 15.191582 0.003954
1614256042.655432 15.191187 0.003953
1614256042.853432 15.191427 0.003955
1614256043.051433 15.190885 0.003952
1614256043.249433 15.191045 0.003954
1614256043.414433 15.190937 0.003954
1614256043.612434 15.190347 0.003952
1614256043.843435 15.190434 0.003953
1614256044.074435 15.190434 0.003952
1614256044.305436 15.190196 0.003948
1614256044.569436 15.190281 0.003951
1614256044.866437 15.190322 0.003951
1614256045.163438 15.190508 0.003950
1614256045.460438 15.190350 0.003949
1614256045.658439 15.190707 0.003949
1614256045.889439 15.191129 0.003948
1614256046.120440 15.191597 0.003948
1614256046.351440 15.191871 0.003947
1614256046.615441 15.191793 0.003946
1614256046.846442 15.191887 0.003945
1614256047.044442 15.192419 0.003946
1614256047.242443 15.193159 0.003946
1614256047.440443 15.193081 0.003944
1614256047.605443 15.193204 0.003944
1614256047.836444 15.193476 0.003943
1614256048.034444 15.194010 0.003943
1614256048.232445 15.194722 0.003944
1614256048.463445 15.194641 0.003943
1614256048.661446 15.194747 0.003942
1614256048.859446 15.195095 0.003942
1614256049.057447 15.195539 0.003942
1614256049.255447 15.195894 0.003943
1614256049.420448 15.195973 0.003942
1614256049.618448 15.196219 0.003942
1614256049.783448 15.196326 0.003939
1614256049.948449 15.196560 0.003940
1614256050.080449 15.196634 0.003941
1614256050.212450 15.196605 0.003934
1614256050.311450 15.197347 0.003941
1614256050.410450 15.197400 0.003940
1614256050.542450 15.197244 0.003940
1614256050.641450 15.197352 0.003938
1614256050.773451 15.197736 0.003942
1614256050.872451 15.198215 0.003941
1614256051.004451 15.198331 0.003941
1614256051.169452 15.198951 0.003940
1614256051.301452 15.199263 0.003941
1614256051.433452 15.199283 0.003940
1614256051.565453 15.199250 0.003935
1614256051.697453 15.199976 0.003940
1614256051.796453 15.199764 0.003938
1614256051.928453 15.199981 0.003939
1614256052.060454 15.200082 0.003940
1614256052.192454 15.200109 0.003940
1614256052.291455 15.200430 0.003940
1614256052.390455 15.200567 0.003940
1614256052.489455 15.200215 0.003938
1614256052.588455 15.200152 0.003940
1614256052.687455 15.200165 0.003939
1614256052.786456 15.199969 0.003939
1614256052.885456 15.199844 0.003939
1614256052.984456 15.199929 0.003939
1614256053.050456 15.199788 0.003936
1614256053.149457 15.200336 0.003939
1614256053.215456 15.200690 0.003932
1614256053.281457 15.200374 0.003938
1614256053.347457 15.200577 0.003937
1614256053.413457 15.200424 0.003938
1614256053.479457 15.200449 0.003939
1614256053.545457 15.200445 0.003939
1614256053.611458 15.200549 0.003938
1614256053.677458 15.200362 0.003937
1614256053.776458 15.200413 0.003938
1614256053.875458 15.200670 0.003939
1614256053.974458 15.201028 0.003936
1614256054.073458 15.201034 0.003938
1614256054.172459 15.201242 0.003939
1614256054.271459 15.201504 0.003938
1614256054.370459 15.201371 0.003938
1614256054.436459 15.201414 0.003937
1614256054.502460 15.201663 0.003936
1614256054.568460 15.201656 0.003934
1614256054.667460 15.201635 0.003937
1614256054.832460 15.201850 0.003937
1614256054.964461 15.202184 0.003937
1614256055.096461 15.202193 0.003938
1614256055.228461 15.202141 0.003937
1614256055.327462 15.202087 0.003936
1614256055.426462 15.202268 0.003935
1614256055.525462 15.202485 0.003938
1614256055.657462 15.202781 0.003937
1614256055.789463 15.202994 0.003936
1614256055.888463 15.202971 0.003937
1614256055.987463 15.203102 0.003935
1614256056.086463 15.203500 0.003937
1614256056.185464 15.203702 0.003937
1614256056.284464 15.203882 0.003931
1614256056.383464 15.203699 0.003935
1614256056.482464 15.203537 0.003937
1614256056.548464 15.203772 0.003937
1614256056.647465 15.203952 0.003937
1614256056.746465 15.204117 0.003936
1614256056.845465 15.204186 0.003935
1614256056.911465 15.204447 0.003937
1614256056.977465 15.204533 0.003937
1614256057.076466 15.204755 0.003937
1614256057.175466 15.204889 0.003936
1614256057.241466 15.204954 0.003937
1614256057.307466 15.204923 0.003931
1614256057.373466 15.204847 0.003932
1614256057.439466 15.205401 0.003933
1614256057.505467 15.205044 0.003937
1614256057.571467 15.205051 0.003936
1614256057.637467 15.205307 0.003937
1614256057.703467 15.205480 0.003937
1614256057.802467 15.205527 0.003935
1614256057.901468 15.205623 0.003936
1614256058.000468 15.205729 0.003935
1614256058.099468 15.205104 0.003934
1614256058.198468 15.205278 0.003936
1614256058.297469 15.205524 0.003937
1614256058.396469 15.205604 0.003937
1614256058.495469 15.205620 0.003936
1614256058.594469 15.205618 0.003936
1614256058.660469 15.205802 0.003936
1614256058.726470 15.205638 0.003936
1614256058.825470 15.205737 0.003937
1614256058.924470 15.205553 0.003937
1614256059.023470 15.205660 0.003935
1614256059.155471 15.205974 0.003937
1614256059.287471 15.205833 0.003935
1614256059.419471 15.205602 0.003933
1614256059.584471 15.205213 0.003935
1614256059.683472 15.205406 0.003935
1614256059.782472 15.205388 0.003936
1614256059.881472 15.205436 0.003936
1614256059.980473 15.205552 0.003935
1614256060.079473 15.205753 0.003934
1614256060.178473 15.205692 0.003933
1614256060.277473 15.206106 0.003936
1614256060.376473 15.205753 0.003935
1614256060.475474 15.205857 0.003935
1614256060.607474 15.206250 0.003934
1614256060.739474 15.206374 0.003936
1614256060.871475 15.206214 0.003935
1614256060.970475 15.206243 0.003935
1614256061.102475 15.206408 0.003936
1614256061.234476 15.205583 0.003936
1614256061.366476 15.204849 0.003935
1614256061.465476 15.205087 0.003934
1614256061.564476 15.205016 0.003934
1614256061.729477 15.204197 0.003935
1614256061.861477 15.204507 0.003933
1614256061.960477 15.204816 0.003930
1614256062.059477 15.204684 0.003935
1614256062.158478 15.204710 0.003935
1614256062.257478 15.204377 0.003935
1614256062.389478 15.204273 0.003935
1614256062.521478 15.204312 0.003935
1614256062.653479 15.204557 0.003934
1614256062.785479 15.204429 0.003933
1614256062.917480 15.203957 0.003935
1614256063.016479 15.204484 0.003928
1614256063.115480 15.204520 0.003929
1614256063.214480 15.204311 0.003935
1614256063.313480 15.204392 0.003935
1614256063.412481 15.204522 0.003933
1614256063.511481 15.204694 0.003935
1614256063.610481 15.204808 0.003934
1614256063.709481 15.204976 0.003934
1614256063.808481 15.204918 0.003935
1614256063.907482 15.205169 0.003935
1614256064.006482 15.205243 0.003935
1614256064.072482 15.205138 0.003934
1614256064.171482 15.205277 0.003934
1614256064.270483 15.205509 0.003935
1614256064.369483 15.205657 0.003934
1614256064.468483 15.206087 0.003934
1614256064.567483 15.206322 0.003935
1614256064.666483 15.206631 0.003935
1614256064.765484 15.206502 0.003934
1614256064.864484 15.206448 0.003933
1614256064.963484 15.206830 0.003935
1614256065.062485 15.206995 0.003934
1614256065.161484 15.206773 0.003932
1614256065.260485 15.207285 0.003934
1614256065.359485 15.207163 0.003932
1614256065.458485 15.207076 0.003925
1614256065.524485 15.207272 0.003935
1614256065.623486 15.207509 0.003934
1614256065.722486 15.207564 0.003935
1614256065.821486 15.207680 0.003935
1614256065.920486 15.207607 0.003934
1614256066.019487 15.207879 0.003933
1614256066.118487 15.207736 0.003935
1614256066.250487 15.207592 0.003935
1614256066.349487 15.207536 0.003935
1614256066.448488 15.207518 0.003935
1614256066.547488 15.207563 0.003935
1614256066.646488 15.207337 0.003934
1614256066.745488 15.207294 0.003928
1614256066.844489 15.206897 0.003934
1614256066.943489 15.206838 0.003933
1614256067.042489 15.207401 0.003932
1614256067.141490 15.207031 0.003934
1614256067.240489 15.207062 0.003932
1614256067.339490 15.206785 0.003934
1614256067.438490 15.206716 0.003930
1614256067.537490 15.207172 0.003934
1614256067.636491 15.207149 0.003932
1614256067.735491 15.207469 0.003933
1614256067.834491 15.207533 0.003932
1614256067.933491 15.207147 0.003927
1614256068.065491 15.207288 0.003934
1614256068.164492 15.207301 0.003931
1614256068.263492 15.206910 0.003930
1614256068.395492 15.206638 0.003929
1614256068.494493 15.207090 0.003924
1614256068.593493 15.206760 0.003922
1614256068.692493 15.206562 0.003934
1614256068.791493 15.206347 0.003931
1614256068.890493 15.206116 0.003929
1614256068.989494 15.205942 0.003932
1614256069.088494 15.205496 0.003929
1614256069.187494 15.205014 0.003931
1614256069.286494 15.204449 0.003930
1614256069.385495 15.203533 0.003933
1614256069.484495 15.202421 0.003925
1614256069.583495 15.202702 0.003932
1614256069.748496 15.202522 0.003931
1614256069.880496 15.201143 0.003934
1614256070.012496 15.201194 0.003931
1614256070.177497 15.200434 0.003933
1614256070.309497 15.200118 0.003930
1614256070.375497 15.200193 0.003931
1614256070.540497 15.199541 0.003933
1614256070.738498 15.199124 0.003932
1614256070.936498 15.198959 0.003932
1614256071.134499 15.199461 0.003933
1614256071.299499 15.201232 0.003921
1614256071.464499 15.201303 0.003932
1614256071.629500 15.201812 0.003933
1614256071.794500 15.201100 0.003932
1614256071.992501 15.201133 0.003932
1614256072.190501 15.202563 0.003930
1614256072.388502 15.203132 0.003820
1614256072.553502 15.204078 0.003886
1614256072.718502 15.203701 0.003933
1614256072.916503 15.205544 0.003929
1614256073.114503 15.206537 0.003931
1614256073.312504 15.206686 0.003933
1614256073.510504 15.207654 0.003887
1614256073.675505 15.207468 0.003878
1614256073.840505 15.207447 0.003914
1614256073.972505 15.207093 0.003921
1614256074.104506 15.208098 0.003924
1614256074.236506 15.208601 0.003927
1614256074.368506 15.208937 0.003925
1614256074.500507 15.210390 0.003932
1614256074.632507 15.210644 0.003933
1614256074.764507 15.212507 0.003927
1614256074.830508 15.212852 0.003916
1614256074.962508 15.215212 0.003907
1614256075.094508 15.214355 0.003931
1614256075.226508 15.213130 0.003934
1614256075.358509 15.213072 0.003932
1614256075.457509 15.212648 0.003933
1614256075.589509 15.212985 0.003933
1614256075.721510 15.213045 0.003934
1614256075.853510 15.212107 0.003934
1614256075.985510 15.212587 0.003934
1614256076.084511 15.212943 0.003932
1614256076.183511 15.213185 0.003930
1614256076.315511 15.215191 0.003934
1614256076.447511 15.215509 0.003930
1614256076.546512 15.215613 0.003930
1614256076.645512 15.215455 0.003931
1614256076.744512 15.215392 0.003932
1614256076.843512 15.214713 0.003930
1614256076.975513 15.214130 0.003928
1614256077.107513 15.214312 0.003933
1614256077.239513 15.214664 0.003933
1614256077.371514 15.214616 0.003932
1614256077.503514 15.214788 0.003933
1614256077.602514 15.214546 0.003932
1614256077.701514 15.214280 0.003930
1614256077.800514 15.214654 0.003932
1614256077.899515 15.215142 0.003933
1614256077.998515 15.214774 0.003934
1614256078.097515 15.214294 0.003933
1614256078.196515 15.214672 0.003933
1614256078.262516 15.214592 0.003932
1614256078.328516 15.214683 0.003933
1614256078.394516 15.214508 0.003933
1614256078.460516 15.214173 0.003933
1614256078.526516 15.214560 0.003934
1614256078.625517 15.214635 0.003933
1614256078.691517 15.215129 0.003932
1614256078.757517 15.215289 0.003933
1614256078.823517 15.215266 0.003933
1614256078.889517 15.215000 0.003933
1614256078.955517 15.214606 0.003933
1614256079.021517 15.214812 0.003932
1614256079.087517 15.215217 0.003933
1614256079.153517 15.215625 0.003933
1614256079.219518 15.216294 0.003933
1614256079.318518 15.215951 0.003933
1614256079.417518 15.215898 0.003931
1614256079.516518 15.215969 0.003932
1614256079.615519 15.216376 0.003932
1614256079.681519 15.216634 0.003932
1614256079.747519 15.217060 0.003933
1614256079.813519 15.216921 0.003931
1614256079.879519 15.216944 0.003932
1614256079.945520 15.217194 0.003933
1614256080.011520 15.217247 0.003932
1614256080.110520 15.217704 0.003932
1614256080.209520 15.217723 0.003933
1614256080.275520 15.217658 0.003931
1614256080.341520 15.217504 0.003932
1614256080.407521 15.217562 0.003933
1614256080.473521 15.217509 0.003932
1614256080.539521 15.217831 0.003929
1614256080.605521 15.217613 0.003931
1614256080.671521 15.217689 0.003931
1614256080.737521 15.216996 0.003929
1614256080.836521 15.216257 0.003930
1614256080.935522 15.215391 0.003928
1614256081.034522 15.215602 0.003931
1614256081.100522 15.216329 0.003931
1614256081.199522 15.216532 0.003931
1614256081.298523 15.216387 0.003931
1614256081.397523 15.216258 0.003931
1614256081.496523 15.216083 0.003932
1614256081.595523 15.215855 0.003931
1614256081.694524 15.215948 0.003932
1614256081.793524 15.216105 0.003932
1614256081.859524 15.216109 0.003932
1614256081.925524 15.217158 0.003923
1614256081.991524 15.216604 0.003930
1614256082.057524 15.216665 0.003928
1614256082.123525 15.216669 0.003930
1614256082.189525 15.216455 0.003932
1614256082.255525 15.216131 0.003929
1614256082.321525 15.216213 0.003932
1614256082.420525 15.216042 0.003931
1614256082.519526 15.215818 0.003932
1614256082.585526 15.215789 0.003931
1614256082.651526 15.215600 0.003930
1614256082.717526 15.215469 0.003931
1614256082.783526 15.215459 0.003932
1614256082.849526 15.215266 0.003932
1614256082.915526 15.215304 0.003932
1614256082.981527 15.214999 0.003932
1614256083.080527 15.214820 0.003930
1614256083.179527 15.214686 0.003932
1614256083.245527 15.214640 0.003932
1614256083.311527 15.214371 0.003931
1614256083.410528 15.214614 0.003931
1614256083.476528 15.214642 0.003931
1614256083.542528 15.214573 0.003932
1614256083.641528 15.214499 0.003932
1614256083.707528 15.214437 0.003931
1614256083.806529 15.214244 0.003931
1614256083.905529 15.214418 0.003932
1614256084.004529 15.214062 0.003931
1614256084.103529 15.213857 0.003931
1614256084.169529 15.213847 0.003927
1614256084.235529 15.213714 0.003931
1614256084.301530 15.213534 0.003931
1614256084.367530 15.213569 0.003932
1614256084.433530 15.213846 0.003931
1614256084.499530 15.214087 0.003931
1614256084.565530 15.214102 0.003930
1614256084.631531 15.214080 0.003929
1614256084.730531 15.213885 0.003931
1614256084.829531 15.213529 0.003928
1614256084.928531 15.213814 0.003931
1614256085.027532 15.213870 0.003931
1614256085.126532 15.213072 0.003932
1614256085.192532 15.213052 0.003932
1614256085.258532 15.212848 0.003931
1614256085.357532 15.212703 0.003932
1614256085.456532 15.212563 0.003931
1614256085.555533 15.212452 0.003931
1614256085.654533 15.212058 0.003932
1614256085.753533 15.211530 0.003930
1614256085.852533 15.211344 0.003932
1614256085.951534 15.211031 0.003931
1614256086.050534 15.211210 0.003931
1614256086.149534 15.211679 0.003931
1614256086.248534 15.211472 0.003928
1614256086.347535 15.211198 0.003930
1614256086.446535 15.210687 0.003931
1614256086.545535 15.210299 0.003930
1614256086.677535 15.210273 0.003931
1614256086.776536 15.209935 0.003931
1614256086.875536 15.209639 0.003932
1614256087.007536 15.209850 0.003930
1614256087.106536 15.209892 0.003931
1614256087.205537 15.209928 0.003925
1614256087.337537 15.210035 0.003929
1614256087.469537 15.209810 0.003930
1614256087.601537 15.209676 0.003929
1614256087.733537 15.209335 0.003928
1614256087.865538 15.208982 0.003931
1614256087.964538 15.208906 0.003930
1614256088.063538 15.208973 0.003930
1614256088.195539 15.208984 0.003930
1614256088.327539 15.208846 0.003930
1614256088.459539 15.208677 0.003931
1614256088.624540 15.208669 0.003930
1614256088.756540 15.208648 0.003931
1614256088.921540 15.208364 0.003931
1614256089.086541 15.208241 0.003931
1614256089.251541 15.208383 0.003931
1614256089.416542 15.208310 0.003931
1614256089.614542 15.208161 0.003931
1614256089.812542 15.208087 0.003931
1614256090.043543 15.208151 0.003931
1614256090.241544 15.208271 0.003931
1614256090.439544 15.208474 0.003930
1614256090.637544 15.208988 0.003931
1614256090.835545 15.208961 0.003930
1614256091.033545 15.208755 0.003931
1614256091.231546 15.208660 0.003931
1614256091.429546 15.208773 0.003931
1614256091.627547 15.208943 0.003931
1614256091.825547 15.208981 0.003931
1614256092.023548 15.208985 0.003931
1614256092.188548 15.208941 0.003931
1614256092.353549 15.208967 0.003931
1614256092.485549 15.209135 0.003931
1614256092.617549 15.208915 0.003931
1614256092.749549 15.208998 0.003930
1614256092.881550 15.208871 0.003928
1614256093.013550 15.208898 0.003930
1614256093.145550 15.208912 0.003931
1614256093.277551 15.208924 0.003929
1614256093.409551 15.209062 0.003928
1614256093.508551 15.208969 0.003929
1614256093.607552 15.209151 0.003931
1614256093.706552 15.209178 0.003931
1614256093.805552 15.209757 0.003930
1614256093.904552 15.209847 0.003931
1614256094.003552 15.210113 0.003929
1614256094.102553 15.209999 0.003927
1614256094.201553 15.210158 0.003931
1614256094.300553 15.210067 0.003931
1614256094.399553 15.210151 0.003931
1614256094.498553 15.210652 0.003931
1614256094.597554 15.210938 0.003931
1614256094.696554 15.210637 0.003930
1614256094.795554 15.210349 0.003930
1614256094.894554 15.210161 0.003930
1614256094.993555 15.209193 0.003930
1614256095.092555 15.209309 0.003930
1614256095.191555 15.209214 0.003930
1614256095.290555 15.209040 0.003931
1614256095.422556 15.209014 0.003930
1614256095.521556 15.209082 0.003931
1614256095.620556 15.208921 0.003930
1614256095.719556 15.208831 0.003931
1614256095.818557 15.208984 0.003930
1614256095.917557 15.208863 0.003930
1614256096.016557 15.209035 0.003928
1614256096.115557 15.209290 0.003931
1614256096.214557 15.208967 0.003931
1614256096.313558 15.208819 0.003929
1614256096.412558 15.208764 0.003930
1614256096.511558 15.208494 0.003930
1614256096.610559 15.208426 0.003930
1614256096.709559 15.208418 0.003930
1614256096.808559 15.208235 0.003930
1614256096.907559 15.208246 0.003930
1614256097.006559 15.208245 0.003930
1614256097.105560 15.207966 0.003929
1614256097.204560 15.207927 0.003930
1614256097.303560 15.207708 0.003929
1614256097.435560 15.207660 0.003930
1614256097.534561 15.207432 0.003929
1614256097.633561 15.207187 0.003929
1614256097.765561 15.207268 0.003930
1614256097.864561 15.207201 0.003929
1614256097.930562 15.207376 0.003929
1614256097.996562 15.207416 0.003929
1614256098.095562 15.207245 0.003929
1614256098.161562 15.207242 0.003929
1614256098.227562 15.207267 0.003928
1614256098.293562 15.206986 0.003929
1614256098.359562 15.207020 0.003929
1614256098.458563 15.206766 0.003929
1614256098.557563 15.206566 0.003929
1614256098.656563 15.206534 0.003929
1614256098.755563 15.206668 0.003926
1614256098.854564 15.207056 0.003929
1614256098.920564 15.206468 0.003929
1614256099.019564 15.206150 0.003928
1614256099.118564 15.206017 0.003929
1614256099.250565 15.206239 0.003929
1614256099.349565 15.206072 0.003926
1614256099.448565 15.206210 0.003929
1614256099.547565 15.206303 0.003928
1614256099.679566 15.206245 0.003927
1614256099.811566 15.205301 0.003928
1614256099.910566 15.205059 0.003928
1614256100.042567 15.205121 0.003928
1614256100.174567 15.205283 0.003928
1614256100.306567 15.205128 0.003928
1614256100.438567 15.205420 0.003928
1614256100.570568 15.204956 0.003928
1614256100.702568 15.205178 0.003927
1614256100.801568 15.205188 0.003928
1614256100.933569 15.205135 0.003928
1614256101.065569 15.205039 0.003928
1614256101.197569 15.204847 0.003927
1614256101.296570 15.204791 0.003928
1614256101.395570 15.204609 0.003928
1614256101.494570 15.204617 0.003928
1614256101.593570 15.204487 0.003928
1614256101.692570 15.204303 0.003928
1614256101.791571 15.204254 0.003927
1614256101.890571 15.204096 0.003928
1614256101.989571 15.203983 0.003928
1614256102.088571 15.204071 0.003927
1614256102.187572 15.203946 0.003927
1614256102.286572 15.204124 0.003927
1614256102.385572 15.203942 0.003927
1614256102.484572 15.203501 0.003927
1614256102.583572 15.203656 0.003927
1614256102.682573 15.203594 0.003927
1614256102.781573 15.203696 0.003927
1614256102.880573 15.203797 0.003928
1614256102.979573 15.203618 0.003927
1614256103.111574 15.203644 0.003928
1614256103.210574 15.203604 0.003926
1614256103.309574 15.203970 0.003927
1614256103.408575 15.204061 0.003927
1614256103.474575 15.203089 0.003926
1614256103.573575 15.202744 0.003926
1614256103.672575 15.202409 0.003927
1614256103.771575 15.202557 0.003928
1614256103.870576 15.202956 0.003927
1614256103.969576 15.203330 0.003928
1614256104.068576 15.203343 0.003927
1614256104.200576 15.203323 0.003927
1614256104.332577 15.202234 0.003927
1614256104.464577 15.202172 0.003927
1614256104.629577 15.200958 0.003927
1614256104.761578 15.202804 0.003926
1614256104.926578 15.201554 0.003927
1614256105.058578 15.200811 0.003927
1614256105.190579 15.200180 0.003926
1614256105.322579 15.198461 0.003927
1614256105.454579 15.197529 0.003927
1614256105.586580 15.196139 0.003927
1614256105.718580 15.195817 0.003927
1614256105.883580 15.195201 0.003925
1614256106.048581 15.194074 0.003925
1614256106.213581 15.192248 0.003924
1614256106.444582 15.190347 0.003926
1614256106.642582 15.189286 0.003926
1614256106.840583 15.189282 0.003927
1614256107.038583 15.188911 0.003927
1614256107.203583 15.189049 0.003927
1614256107.401584 15.189131 0.003927
1614256107.566584 15.189376 0.003927
1614256107.731585 15.190587 0.003927
1614256107.929585 15.190762 0.003926
1614256108.094586 15.190569 0.003927
1614256108.259586 15.190665 0.003927
1614256108.424586 15.191030 0.003927
1614256108.589587 15.190858 0.003927
1614256108.721587 15.190883 0.003927
1614256108.820587 15.190806 0.003927
1614256108.952588 15.191253 0.003926
1614256109.084588 15.190679 0.003927
1614256109.183588 15.190156 0.003926
1614256109.282588 15.189453 0.003927
1614256109.414589 15.189589 0.003927
1614256109.546589 15.190345 0.003927
1614256109.645589 15.190366 0.003927
1614256109.744590 15.190130 0.003927
1614256109.843590 15.190035 0.003927
1614256109.942590 15.190289 0.003927
1614256110.041590 15.190431 0.003926
1614256110.140590 15.190359 0.003927
1614256110.272591 15.190184 0.003927
1614256110.404591 15.189853 0.003927
1614256110.503591 15.189687 0.003927
1614256110.635592 15.189613 0.003927
1614256110.767592 15.189244 0.003926
1614256110.899592 15.189066 0.003927
1614256111.031592 15.188834 0.003927
1614256111.163593 15.188757 0.003927
1614256111.262593 15.188527 0.003927
1614256111.361593 15.188240 0.003927
1614256111.460593 15.188221 0.003927
1614256111.559594 15.188228 0.003927
1614256111.658594 15.188070 0.003927
1614256111.757594 15.188554 0.003927
1614256111.856594 15.188395 0.003927
1614256111.988595 15.188335 0.003927
1614256112.120595 15.188407 0.003927
1614256112.252595 15.188167 0.003926
1614256112.384596 15.188705 0.003925
1614256112.483596 15.188528 0.003927
1614256112.582596 15.188283 0.003927
1614256112.714596 15.188010 0.003927
1614256112.846597 15.187661 0.003927
1614256113.011597 15.187086 0.003927
1614256113.143597 15.186797 0.003926
1614256113.275598 15.186954 0.003927
1614256113.407598 15.186754 0.003927
1614256113.572598 15.187100 0.003926
1614256113.737599 15.187319 0.003927
1614256113.902599 15.187570 0.003927
1614256114.034600 15.188368 0.003927
1614256114.166600 15.188542 0.003927
1614256114.298600 15.188848 0.003927
1614256114.463601 15.188921 0.003927
1614256114.628601 15.189325 0.003927
1614256114.760601 15.189604 0.003927
1614256114.925601 15.189662 0.003927
1614256115.057602 15.189503 0.003927
1614256115.156602 15.189711 0.003927
1614256115.321603 15.189639 0.003927
1614256115.453603 15.189693 0.003927
1614256115.585603 15.190078 0.003927
1614256115.717604 15.190232 0.003927
1614256115.882604 15.190276 0.003927
1614256116.014604 15.189872 0.003927
1614256116.146605 15.190012 0.003927
1614256116.278605 15.189930 0.003927
1614256116.443605 15.189807 0.003927
1614256116.608605 15.189497 0.003927
1614256116.740606 15.189544 0.003927
1614256116.905607 15.189392 0.003927
1614256117.037607 15.189051 0.003927
1614256117.202607 15.188497 0.003927
1614256117.367607 15.188014 0.003927
1614256117.499608 15.187154 0.003927
1614256117.631608 15.186277 0.003927
1614256117.763608 15.185544 0.003927
1614256117.895609 15.184436 0.003927
1614256118.027609 15.183353 0.003927
1614256118.159609 15.182369 0.003927
1614256118.291610 15.180716 0.003927
1614256118.423610 15.179328 0.003927
1614256118.555610 15.178613 0.003927
1614256118.687611 15.177928 0.003926
1614256118.819611 15.176755 0.003927
1614256118.951611 15.176358 0.003926
1614256119.083611 15.175323 0.003927
1614256119.215612 15.175031 0.003926
1614256119.347612 15.174880 0.003926
1614256119.446612 15.175022 0.003927
1614256119.545613 15.175216 0.003927
1614256119.644613 15.174945 0.003926
1614256119.743613 15.175222 0.003926
1614256119.842613 15.175656 0.003926
1614256119.941614 15.175973 0.003927
1614256120.073614 15.175948 0.003926
1614256120.238614 15.175861 0.003927
1614256120.370615 15.176067 0.003927
1614256120.568615 15.176740 0.003926
1614256120.700615 15.176688 0.003926
1614256120.832616 15.177553 0.003927
1614256120.964616 15.177585 0.003926
1614256121.096616 15.177827 0.003925
1614256121.228616 15.178273 0.003927
1614256121.327617 15.178619 0.003927
1614256121.459617 15.178972 0.003927
1614256121.591617 15.179185 0.003926
1614256121.756618 15.179482 0.003927
1614256121.921618 15.179645 0.003926
1614256122.086618 15.180104 0.003927
1614256122.185619 15.180527 0.003926
1614256122.317619 15.180545 0.003927
1614256122.416619 15.180790 0.003927
1614256122.515620 15.180701 0.003927
1614256122.647620 15.181395 0.003927
1614256122.812620 15.181746 0.003927
1614256122.944621 15.182220 0.003926
1614256123.109621 15.182685 0.003927
1614256123.274621 15.183061 0.003927
1614256123.406621 15.183506 0.003927
1614256123.604622 15.183879 0.003927
1614256123.769622 15.184206 0.003927
1614256123.934623 15.184716 0.003927
1614256124.132623 15.185094 0.003926
1614256124.297624 15.185510 0.003927
1614256124.495624 15.186379 0.003927
1614256124.726624 15.187396 0.003927
1614256124.957625 15.187597 0.003926
1614256125.221626 15.188004 0.003926
1614256125.485626 15.188298 0.003927
1614256125.782627 15.188090 0.003926
1614256125.848627 15.188296 0.003925
1614256126.145628 15.188279 0.003926
1614256126.475629 15.186570 0.003925
1614256126.904630 15.183782 0.003926
1614256127.267631 15.182561 0.003926
1614256127.564631 15.182713 0.003926
1614256127.795632 15.183515 0.003925
1614256127.993632 15.183882 0.003925
1614256128.158633 15.184769 0.003926
1614256128.323633 15.185766 0.003927
1614256128.488633 15.185738 0.003926
1614256128.620634 15.185702 0.003926
1614256128.752634 15.185483 0.003926
1614256128.884634 15.185962 0.003926
1614256129.016635 15.185918 0.003926
1614256129.148635 15.185349 0.003926
1614256129.280635 15.184917 0.003926
1614256129.379636 15.185308 0.003927
1614256129.478636 15.185406 0.003926
1614256129.577636 15.185385 0.003926
1614256129.676636 15.184245 0.003926
1614256129.775636 15.184242 0.003925
1614256129.874637 15.183833 0.003926
1614256129.973637 15.183504 0.003925
1614256130.072637 15.183698 0.003925
1614256130.171637 15.181940 0.003926
1614256130.303638 15.181244 0.003926
1614256130.435638 15.180683 0.003926
1614256130.600638 15.180714 0.003926
1614256130.732639 15.179774 0.003926
1614256130.864639 15.179656 0.003926
1614256131.029639 15.179684 0.003925
1614256131.128639 15.179499 0.003925
1614256131.260640 15.179143 0.003926
1614256131.359640 15.179955 0.003926
1614256131.458640 15.180344 0.003925
1614256131.557641 15.179525 0.003926
1614256131.656641 15.178821 0.003926
1614256131.755641 15.179403 0.003926
1614256131.887641 15.179940 0.003925
1614256131.986642 15.180374 0.003926
1614256132.085642 15.180311 0.003926
1614256132.217642 15.179936 0.003926
1614256132.349643 15.180044 0.003926
1614256132.448642 15.180286 0.003926
1614256132.580643 15.180190 0.003926
1614256132.712643 15.180432 0.003926
1614256132.844644 15.181146 0.003926
1614256132.976644 15.181377 0.003926
1614256133.108644 15.181158 0.003926
1614256133.207644 15.181344 0.003925
1614256133.306645 15.181875 0.003925
1614256133.405645 15.181765 0.003926
1614256133.504645 15.181501 0.003925
1614256133.603645 15.181585 0.003926
1614256133.702646 15.181660 0.003925
1614256133.801646 15.181862 0.003925
1614256133.900646 15.181642 0.003925
1614256133.999646 15.181804 0.003925
1614256134.098647 15.181434 0.003925
1614256134.164647 15.181305 0.003925
1614256134.230647 15.180865 0.003925
1614256134.296647 15.181001 0.003925
1614256134.395647 15.181198 0.003925
1614256134.494648 15.180925 0.003925
1614256134.593648 15.181515 0.003925
1614256134.692648 15.181699 0.003925
1614256134.791648 15.182364 0.003925
1614256134.890648 15.182338 0.003925
1614256134.989649 15.182682 0.003925
1614256135.121649 15.183172 0.003925
1614256135.220649 15.183676 0.003924
1614256135.352649 15.184169 0.003925
1614256135.451650 15.184766 0.003925
1614256135.550650 15.185009 0.003925
1614256135.649650 15.185545 0.003925
1614256135.748651 15.185743 0.003925
1614256135.847651 15.186164 0.003925
1614256135.946651 15.186861 0.003924
1614256136.078651 15.187027 0.003924
1614256136.177651 15.187158 0.003924
1614256136.276652 15.187343 0.003925
1614256136.375652 15.187553 0.003924
1614256136.474652 15.188019 0.003924
1614256136.573653 15.188418 0.003925
1614256136.672652 15.188657 0.003924
1614256136.771653 15.188700 0.003923
1614256136.870653 15.188955 0.003924
1614256136.969653 15.189032 0.003924
1614256137.068654 15.189350 0.003925
1614256137.167654 15.189305 0.003924
1614256137.266654 15.189346 0.003924
1614256137.365654 15.189639 0.003924
1614256137.464654 15.189899 0.003924
1614256137.563655 15.190240 0.003924
1614256137.662655 15.190437 0.003924
1614256137.728655 15.190604 0.003924
1614256137.827655 15.190712 0.003925
1614256137.926656 15.190868 0.003924
1614256138.025656 15.191099 0.003923
1614256138.124656 15.191543 0.003924
1614256138.256657 15.191837 0.003924
1614256138.355657 15.191890 0.003924
1614256138.454657 15.192502 0.003924
1614256138.553657 15.193008 0.003924
1614256138.652658 15.193208 0.003924
1614256138.751658 15.193463 0.003924
1614256138.850658 15.193513 0.003923
1614256138.949658 15.193181 0.003924
1614256139.081658 15.193602 0.003924
1614256139.180659 15.194444 0.003923
1614256139.312659 15.194810 0.003919
1614256139.411659 15.193823 0.003923
1614256139.510660 15.194353 0.003922
1614256139.609660 15.194899 0.003924
1614256139.708660 15.194845 0.003924
1614256139.774660 15.195106 0.003922
1614256139.840660 15.195132 0.003924
1614256139.906660 15.195113 0.003924
1614256140.005661 15.195680 0.003924
1614256140.104661 15.195627 0.003923
1614256140.203661 15.195708 0.003924
1614256140.302661 15.195922 0.003923
1614256140.401662 15.195746 0.003924
1614256140.500662 15.196040 0.003924
1614256140.599662 15.196418 0.003924
1614256140.698662 15.196441 0.003924
1614256140.830663 15.196582 0.003924
1614256140.929663 15.197161 0.003923
1614256141.061663 15.196892 0.003924
1614256141.193664 15.197286 0.003924
1614256141.325664 15.197425 0.003924
1614256141.457664 15.197937 0.003923
1614256141.589664 15.198299 0.003923
1614256141.721665 15.198449 0.003924
1614256141.820665 15.198782 0.003922
1614256141.919665 15.199831 0.003923
1614256142.018666 15.199363 0.003923
1614256142.117666 15.198848 0.003924
1614256142.249666 15.198852 0.003924
1614256142.348666 15.198471 0.003924
1614256142.447666 15.198635 0.003923
1614256142.546667 15.198844 0.003923
1614256142.645667 15.198667 0.003923
1614256142.777667 15.199042 0.003924
1614256142.909667 15.199425 0.003923
1614256143.041668 15.199472 0.003924
1614256143.173668 15.199409 0.003923
1614256143.305668 15.199755 0.003924
1614256143.437669 15.200292 0.003924
1614256143.569669 15.200409 0.003923
1614256143.668669 15.200651 0.003924
1614256143.767669 15.201018 0.003923
1614256143.866670 15.201135 0.003924
1614256143.965670 15.201180 0.003923
1614256144.064670 15.201815 0.003923
1614256144.196671 15.201652 0.003923
1614256144.328671 15.202744 0.003923
1614256144.460671 15.203224 0.003923
1614256144.592671 15.204192 0.003923
1614256144.724672 15.204831 0.003922
1614256144.856672 15.205551 0.003923
1614256144.988672 15.206517 0.003923
1614256145.087672 15.207668 0.003922
1614256145.186673 15.208572 0.003922
1614256145.285673 15.209038 0.003922
1614256145.417674 15.209558 0.003923
1614256145.516674 15.209168 0.003922
1614256145.648674 15.209366 0.003923
1614256145.780674 15.209644 0.003923
1614256145.945675 15.209538 0.003923
1614256146.110675 15.210540 0.003922
1614256146.275675 15.209845 0.003923
1614256146.473676 15.209569 0.003923
1614256146.638676 15.211225 0.003923
1614256146.836677 15.211465 0.003922
1614256147.034677 15.209263 0.003921
