DelayedMarginalization 0.00143479 1.02282e-06 0.0100285 1926
DelayedMarginalizationOnly 0.000673247 4.27476e-07 0.00669017 1926
EF-marginalizeFrame 0.00180281 1.07953e-06 0.010584 1926
FullSystem::trackNewCoarse 0.00542168 1.2847e-05 0.0324362 6646
FullSystem::trackNewCoarseNoIMU 0.00208519 1.08534e-06 0.00775328 167
FullSystemOptimize 0.131069 0.000638182 0.215095 1932
GraphUnrolling 0.0467598 0.000799639 0.0832827 4
IMUInitAddPose 3.33961e-05 2.34079e-09 0.0015106 1932
IMUInitOptimize 0.0398304 0.000456954 0.0808569 26
IMUIntegration::finishKeyframeOperations 4.90869e-05 1.13364e-09 0.000876865 1901
InitializerFirstFrame 0.0262529 -nan 0.0262529 1
InitializerOtherFrames 0.026796 0.000220577 0.08797 143
MainMarginalization 0.00163023 1.04565e-06 0.0102336 1926
MarginalizationReplacementBuildGraph 0.00207957 3.55812e-07 0.00275902 3
MarginalizationReplacementReplaceGraph 0.0577758 0.000495797 0.0834729 3
MarginalizeMainGraph 0.000760043 4.00702e-07 0.00698288 1926
PGBA 0.0385478 -nan 0.0385478 1
PGBAFull 0.011534 0.000438789 0.0429468 4
PrepareGraphForMainOptimization 0.0469195 0.000798849 0.0834364 4
VisualMarginalization 2.8861e-05 3.27327e-09 0.00108592 1926
activatePointsMT 0.00439204 3.84463e-06 0.0173016 1932
addActiveFrame 0.0539295 0.00474246 0.277361 6957
addIMUData 0.000996034 9.76491e-07 0.0154463 6646
addIMUDataToBA 0.00010698 9.61376e-09 0.00230949 6956
addKeyframeToBA 5.037e-05 4.87687e-10 0.000538442 1932
afterCoarseTracking 3.03613e-07 1.36022e-13 2.3042e-05 6813
baIteration 0.023634 3.11082e-05 0.0584975 9913
baMatrixInversion 0.00016807 6.8178e-09 0.00243549 9913
baUpdateBuildHessians 0.000581935 3.07438e-07 0.0104895 9913
coarseTrackingIteration 0.000589443 8.46209e-07 0.00883722 47825
computeBAUpdate 0.000846133 3.25553e-07 0.0107657 9913
computeCoarseUpdate 0.000321357 5.24732e-07 0.00732487 46478
computeFactorForCoarseGraphAndMarginalCovariances 0.00225497 5.08341e-07 0.00958343 1901
convertHAndBFromDSO 0.000101774 2.90984e-09 0.00236345 17598
debugPlot 9.45336e-08 3.66486e-15 6.31e-07 1932
debugPlotIDepthMap 4.20931e-07 9.48786e-14 1.0609e-05 1932
debugPlotIDepthMapFloat 4.31703e-08 1.50201e-15 5.51e-07 1932
deliverTrackedFrame 0.0466534 0.00478915 0.271187 6814
flagFramesForMarginalization 2.13692e-06 2.7273e-11 0.000165813 1932
fullCoarseTracking 0.00674876 2.15961e-05 0.084275 6813
initObjectsAndMakeImage 0.00106504 1.10549e-07 0.00402307 6957
makeKeyframe 0.154416 0.000653027 0.271125 1932
makeKeyframeChangeTrackingRef 0.00183318 5.75699e-08 0.00401977 1932
makeNewTraces 0.00341893 1.60759e-07 0.00641064 1932
makeNonKeyframe 0.00391098 1.73648e-06 0.00835555 4882
marginalizeAndRemovePoints 0.00348859 7.11192e-07 0.00693585 1932
marginalizeFrame 0.003537 1.31915e-06 0.0116927 1926
marginalizeFrameOverhead 0.00173076 1.41527e-07 0.00417221 1926
marginalizeFrames 0.00354009 1.41691e-06 0.01171 1932
newFrameAndNewResidualsForOldPoints 0.000970261 5.57089e-08 0.00302739 1932
printBiases 6.97821e-06 1.73045e-10 0.000219392 1932
printEigenValLine 1.42199e-07 1.53889e-15 5.61e-07 1932
printLogLine 0.000146442 9.26579e-08 0.00384935 1932
publishInMakeKeyframe 1.65304e-07 4.79492e-15 7.12e-07 1932
removeOutliers 0.000164177 3.16714e-09 0.000812789 1932
swapTrackingRef 0.000159954 8.96979e-08 0.00415473 1931
timeMeasurement 1.61048e-06 7.0071e-11 0.000661715 6957
traceNewCoarse 0.0035439 1.64634e-06 0.00834437 6814
updateBAValues 1.08616e-05 7.93483e-11 0.000899291 18233
zero 1.64015e-07 8.82731e-13 7.7882e-05 6957
