1614255926.330158 14.838650 0.205079
1614255926.462159 14.858966 0.186331
1614255926.627159 14.872532 0.161550
1614255926.825159 14.901853 0.133378
1614255926.990160 14.855888 0.112194
1614255927.122160 14.842278 0.097842
1614255927.287161 14.861924 0.083199
1614255927.419161 14.839613 0.073146
1614255927.551161 14.839867 0.065190
1614255927.683161 14.832504 0.059174
1614255927.782162 14.822090 0.055107
1614255927.914162 14.801720 0.050077
1614255928.079162 14.800446 0.044534
1614255928.211163 14.809277 0.040625
1614255928.343163 14.826778 0.036819
1614255928.475163 14.854528 0.033087
1614255928.640164 14.872687 0.028600
1614255928.772164 14.884256 0.025615
1614255928.937165 14.869774 0.022420
1614255929.102165 14.841542 0.019855
1614255929.333165 14.859768 0.017362
1614255929.597166 14.890904 0.014883
1614255929.828167 14.899814 0.013354
1614255930.026167 14.919334 0.012568
1614255930.257168 14.934921 0.012143
1614255930.455168 14.931204 0.011970
1614255930.653169 14.938767 0.011894
1614255930.818169 14.959740 0.011833
1614255931.016170 14.970117 0.011775
1614255931.214170 14.969373 0.011734
1614255931.379170 14.967361 0.011704
1614255931.577171 14.978594 0.011572
1614255931.808171 14.992313 0.011365
1614255932.006172 15.007977 0.011218
1614255932.237172 15.012676 0.011042
1614255932.435173 15.013307 0.010876
1614255932.666173 15.012310 0.010672
1614255932.930174 15.015103 0.010460
1614255933.128174 15.017456 0.010231
1614255933.326175 15.010796 0.009958
1614255933.524175 15.004141 0.009654
1614255933.689176 14.998461 0.009398
1614255933.854176 14.988946 0.009169
1614255933.986176 14.982107 0.008973
1614255934.118176 14.976612 0.008812
1614255934.250177 14.976699 0.008661
1614255934.382177 14.976835 0.008492
1614255934.514178 14.983176 0.008239
1614255934.646178 14.990848 0.007972
1614255934.778178 15.006649 0.007676
1614255934.910179 15.032229 0.007391
1614255935.042179 15.052487 0.007108
1614255935.174179 15.082599 0.006842
1614255935.306179 15.122763 0.006597
1614255935.438180 15.166680 0.006384
1614255935.570180 15.206543 0.006203
1614255935.702180 15.242318 0.005857
1614255935.867181 15.287650 0.005684
1614255935.999181 15.323035 0.005566
1614255936.098181 15.344840 0.005490
1614255936.230182 15.366388 0.005400
1614255936.362182 15.391903 0.005314
1614255936.494182 15.410548 0.005232
1614255936.626183 15.418679 0.005158
1614255936.758183 15.429132 0.005084
1614255936.890183 15.439637 0.005006
1614255937.022183 15.432018 0.004935
1614255937.154184 15.426603 0.004872
1614255937.286184 15.410772 0.004809
1614255937.418185 15.387846 0.004751
1614255937.550185 15.363260 0.004692
1614255937.682185 15.341779 0.004637
1614255937.781185 15.318326 0.004592
1614255937.880185 15.304955 0.004548
1614255938.012186 15.288503 0.004498
1614255938.111186 15.281965 0.004458
1614255938.243186 15.257040 0.004420
1614255938.342186 15.248763 0.004388
1614255938.441187 15.236614 0.004365
1614255938.540187 15.203350 0.004345
1614255938.672187 15.176049 0.004302
1614255938.771188 15.151520 0.004267
1614255938.870188 15.135349 0.004227
1614255938.969188 15.120498 0.004197
1614255939.101188 15.103481 0.004161
1614255939.233189 15.083602 0.004125
1614255939.365189 15.062294 0.004106
1614255939.464189 15.049732 0.004078
1614255939.563190 15.036462 0.004047
1614255939.662189 15.020605 0.004025
1614255939.761190 15.005759 0.004002
1614255939.860190 14.998093 0.003980
1614255939.959190 14.994551 0.003959
1614255940.058191 14.989631 0.003937
1614255940.157191 14.983718 0.003912
1614255940.256191 14.977890 0.003886
1614255940.355191 14.972701 0.003858
1614255940.454192 14.967134 0.003835
1614255940.553192 14.963856 0.003805
1614255940.652192 14.959834 0.003778
1614255940.751192 14.957909 0.003753
1614255940.850192 14.956219 0.003728
1614255940.949193 14.955014 0.003703
1614255941.048193 14.953445 0.003675
1614255941.147193 14.952616 0.003656
1614255941.246193 14.952098 0.003633
1614255941.345193 14.950953 0.003611
1614255941.444194 14.950823 0.003590
1614255941.543194 14.951312 0.003570
1614255941.642195 14.952081 0.003550
1614255941.741194 14.952097 0.003532
1614255941.840195 14.954841 0.003515
1614255941.939195 14.954469 0.003497
1614255942.038195 14.954758 0.003483
1614255942.137196 14.954651 0.003471
1614255942.236196 14.956474 0.003459
1614255942.335196 14.957872 0.003446
1614255942.434196 14.958745 0.003434
1614255942.533196 14.959377 0.003422
1614255942.632197 14.958582 0.003407
1614255942.731197 14.958090 0.003396
1614255942.863197 14.958204 0.003381
1614255942.962198 14.957996 0.003371
1614255943.061198 14.955642 0.003360
1614255943.193198 14.953995 0.003342
1614255943.325198 14.954244 0.003330
1614255943.457199 14.952311 0.003316
1614255943.589199 14.951692 0.003306
1614255943.721199 14.948938 0.003295
1614255943.853200 14.950783 0.003287
1614255943.952200 14.951414 0.003279
1614255944.051200 14.950302 0.003271
1614255944.150200 14.953948 0.003264
1614255944.249200 14.955274 0.003256
1614255944.348201 14.955729 0.003248
1614255944.447201 14.956603 0.003241
1614255944.546201 14.957395 0.003236
1614255944.645201 14.956629 0.003227
1614255944.777202 14.958625 0.003217
1614255944.909202 14.958553 0.003203
1614255945.041202 14.960155 0.003195
1614255945.140203 14.959597 0.003189
1614255945.272203 14.959610 0.003180
1614255945.404203 14.958359 0.003167
1614255945.536204 14.966759 0.003154
1614255945.701204 14.967417 0.003139
1614255945.866204 14.968740 0.003118
1614255946.031205 14.967007 0.003098
1614255946.163205 14.968928 0.003082
1614255946.295205 14.966973 0.003065
1614255946.427206 14.966386 0.003047
1614255946.559206 14.969208 0.003030
1614255946.691206 14.973037 0.003013
1614255946.823206 14.973092 0.002998
1614255946.955207 14.972798 0.002984
1614255947.120207 14.973618 0.002965
1614255947.252208 14.976223 0.002952
1614255947.384208 14.978529 0.002940
1614255947.516208 14.974717 0.002925
1614255947.648208 14.977422 0.002916
1614255947.780209 14.984588 0.002905
1614255947.912209 14.990803 0.002894
1614255948.044209 14.994862 0.002885
1614255948.176210 14.998689 0.002873
1614255948.308210 14.997314 0.002864
1614255948.440210 15.001188 0.002852
1614255948.572211 15.002835 0.002841
1614255948.671211 14.998049 0.002835
1614255948.770211 15.001506 0.002828
1614255948.869211 15.005836 0.002819
1614255948.968211 15.010292 0.002809
1614255949.067212 15.013278 0.002798
1614255949.166212 15.014639 0.002789
1614255949.265212 15.016982 0.002784
1614255949.364213 15.018359 0.002776
1614255949.463213 15.019807 0.002769
1614255949.562213 15.021847 0.002762
1614255949.661213 15.024242 0.002753
1614255949.760214 15.027434 0.002747
1614255949.859214 15.030871 0.002738
1614255949.958214 15.033841 0.002731
1614255950.057214 15.034491 0.002721
1614255950.156214 15.039384 0.002717
1614255950.255215 15.042196 0.002712
1614255950.354215 15.043100 0.002705
1614255950.453215 15.046179 0.002703
1614255950.552215 15.047784 0.002697
1614255950.651216 15.049464 0.002695
1614255950.750216 15.050630 0.002690
1614255950.882216 15.052428 0.002686
1614255950.981216 15.053793 0.002684
1614255951.080217 15.052755 0.002682
1614255951.179217 15.052002 0.002680
1614255951.311217 15.052250 0.002678
1614255951.410217 15.051726 0.002675
1614255951.542217 15.051765 0.002673
1614255951.674218 15.053278 0.002672
1614255951.773218 15.052473 0.002672
1614255951.905219 15.051567 0.002671
1614255952.037219 15.050899 0.002670
1614255952.169219 15.050057 0.002669
1614255952.301219 15.051202 0.002669
1614255952.433220 15.051794 0.002669
1614255952.532220 15.051425 0.002668
1614255952.631220 15.049845 0.002668
1614255952.763221 15.050839 0.002669
1614255952.895221 15.049526 0.002669
1614255952.994221 15.049222 0.002669
1614255953.093221 15.049231 0.002669
1614255953.192221 15.048672 0.002669
1614255953.291222 15.048642 0.002668
1614255953.357222 15.047545 0.002668
1614255953.423222 15.046883 0.002668
1614255953.489222 15.046728 0.002667
1614255953.555222 15.046498 0.002668
1614255953.621222 15.046460 0.002668
1614255953.687222 15.046582 0.002668
1614255953.753223 15.046839 0.002668
1614255953.819223 15.046384 0.002667
1614255953.885223 15.046298 0.002667
1614255953.951223 15.045803 0.002667
1614255954.050224 15.045998 0.002667
1614255954.116224 15.045858 0.002666
1614255954.215224 15.045718 0.002666
1614255954.314224 15.045722 0.002666
1614255954.413224 15.045426 0.002666
1614255954.512224 15.044982 0.002665
1614255954.611225 15.044475 0.002664
1614255954.710225 15.044743 0.002664
1614255954.809225 15.044206 0.002664
1614255954.908226 15.043473 0.002664
1614255955.007226 15.043686 0.002662
1614255955.106226 15.043496 0.002662
1614255955.205226 15.042771 0.002662
1614255955.304227 15.041977 0.002661
1614255955.403227 15.041732 0.002661
1614255955.502227 15.042111 0.002660
1614255955.601227 15.041585 0.002660
1614255955.700227 15.040404 0.002660
1614255955.799228 15.040827 0.002658
1614255955.898228 15.041093 0.002658
1614255955.997228 15.041271 0.002658
1614255956.096228 15.041057 0.002657
1614255956.195228 15.040690 0.002657
1614255956.294229 15.040382 0.002656
1614255956.393229 15.039910 0.002656
1614255956.492229 15.039528 0.002655
1614255956.591229 15.039239 0.002655
1614255956.690230 15.038492 0.002655
1614255956.822230 15.037942 0.002654
1614255956.954230 15.038424 0.002654
1614255957.086231 15.038182 0.002653
1614255957.185231 15.038150 0.002652
1614255957.284231 15.037397 0.002652
1614255957.383231 15.037054 0.002651
1614255957.482232 15.036551 0.002651
1614255957.581232 15.036368 0.002649
1614255957.680232 15.036746 0.002649
1614255957.779232 15.036327 0.002649
1614255957.878232 15.036043 0.002649
1614255957.977233 15.036394 0.002649
1614255958.076233 15.035834 0.002649
1614255958.175233 15.035549 0.002648
1614255958.307234 15.035515 0.002648
1614255958.439234 15.035395 0.002647
1614255958.538234 15.034787 0.002647
1614255958.637234 15.035176 0.002647
1614255958.736234 15.033829 0.002647
1614255958.835235 15.033587 0.002646
1614255958.934235 15.034041 0.002647
1614255959.033235 15.033876 0.002646
1614255959.132236 15.033628 0.002646
1614255959.231236 15.032824 0.002646
1614255959.330236 15.032572 0.002646
1614255959.429236 15.032133 0.002646
1614255959.528236 15.031759 0.002645
1614255959.627237 15.032312 0.002645
1614255959.726237 15.032519 0.002645
1614255959.825237 15.033516 0.002645
1614255959.957237 15.033566 0.002645
1614255960.056237 15.033787 0.002644
1614255960.155238 15.034414 0.002644
1614255960.254238 15.035193 0.002644
1614255960.353238 15.035532 0.002643
1614255960.452239 15.034869 0.002643
1614255960.584239 15.035226 0.002643
1614255960.716239 15.034782 0.002642
1614255960.848240 15.034396 0.002642
1614255960.980240 15.034787 0.002642
1614255961.079240 15.035100 0.002642
1614255961.178240 15.034446 0.002642
1614255961.277241 15.034756 0.002642
1614255961.376241 15.033961 0.002642
1614255961.508241 15.033620 0.002641
1614255961.607241 15.034297 0.002641
1614255961.706242 15.034095 0.002640
1614255961.805242 15.033513 0.002641
1614255961.904242 15.033501 0.002641
1614255962.003242 15.034273 0.002640
1614255962.102242 15.033663 0.002641
1614255962.201243 15.033233 0.002640
1614255962.300243 15.033688 0.002640
1614255962.399243 15.032922 0.002639
1614255962.498243 15.033405 0.002640
1614255962.597244 15.034879 0.002640
1614255962.696244 15.034822 0.002640
1614255962.795244 15.035367 0.002640
1614255962.894244 15.034808 0.002639
1614255962.993244 15.035383 0.002639
1614255963.125245 15.035151 0.002638
1614255963.257245 15.035053 0.002639
1614255963.389246 15.034959 0.002639
1614255963.521246 15.035254 0.002639
1614255963.653246 15.036039 0.002639
1614255963.785246 15.036444 0.002639
1614255963.917247 15.036293 0.002639
1614255964.016247 15.036129 0.002638
1614255964.148247 15.037242 0.002638
1614255964.280247 15.037942 0.002638
1614255964.379248 15.036028 0.002638
1614255964.478248 15.036205 0.002638
1614255964.577248 15.036794 0.002638
1614255964.676248 15.037039 0.002638
1614255964.775249 15.037222 0.002638
1614255964.874249 15.038226 0.002638
1614255964.973249 15.038271 0.002637
1614255965.072249 15.038124 0.002637
1614255965.171250 15.039757 0.002637
1614255965.270250 15.039957 0.002637
1614255965.402250 15.040006 0.002637
1614255965.534250 15.040403 0.002637
1614255965.666251 15.039618 0.002637
1614255965.798251 15.040085 0.002636
1614255965.930252 15.040356 0.002636
1614255966.095252 15.041254 0.002636
1614255966.227252 15.042345 0.002636
1614255966.359252 15.042370 0.002636
1614255966.458253 15.040747 0.002635
1614255966.590253 15.040064 0.002636
1614255966.689253 15.040202 0.002635
1614255966.788254 15.040721 0.002635
1614255966.887254 15.040586 0.002635
1614255966.986254 15.041553 0.002635
1614255967.085254 15.041877 0.002635
1614255967.184254 15.041831 0.002635
1614255967.283255 15.041179 0.002635
1614255967.382255 15.041056 0.002635
1614255967.481255 15.040382 0.002635
1614255967.580255 15.040072 0.002635
1614255967.679255 15.039594 0.002635
1614255967.778256 15.039519 0.002634
1614255967.877256 15.038908 0.002635
1614255967.976256 15.038791 0.002634
1614255968.108256 15.039071 0.002634
1614255968.207257 15.038628 0.002634
1614255968.306257 15.038438 0.002634
1614255968.405257 15.038626 0.002635
1614255968.504257 15.038770 0.002634
1614255968.603258 15.038680 0.002634
1614255968.702258 15.038421 0.002634
1614255968.801258 15.038402 0.002634
1614255968.900258 15.038390 0.002634
1614255968.999258 15.038386 0.002634
1614255969.098259 15.038757 0.002634
1614255969.230259 15.039130 0.002634
1614255969.329259 15.038713 0.002633
1614255969.428260 15.038435 0.002633
1614255969.560260 15.038488 0.002633
1614255969.659260 15.038098 0.002633
1614255969.758260 15.037809 0.002633
1614255969.857260 15.037588 0.002633
1614255969.956261 15.037171 0.002633
1614255970.055261 15.037422 0.002632
1614255970.154261 15.037589 0.002632
1614255970.286262 15.037827 0.002632
1614255970.385262 15.037639 0.002632
1614255970.484262 15.037744 0.002632
1614255970.583262 15.037843 0.002632
1614255970.682262 15.038220 0.002632
1614255970.781263 15.038186 0.002632
1614255970.880263 15.038138 0.002632
1614255970.979263 15.038338 0.002632
1614255971.078263 15.038389 0.002632
1614255971.177263 15.038918 0.002632
1614255971.276264 15.038961 0.002631
1614255971.375264 15.038674 0.002631
1614255971.474264 15.038690 0.002631
1614255971.573265 15.038729 0.002631
1614255971.672265 15.038641 0.002631
1614255971.771265 15.038477 0.002631
1614255971.870265 15.038124 0.002631
1614255971.969265 15.038336 0.002631
1614255972.101266 15.038393 0.002631
1614255972.200266 15.038242 0.002630
1614255972.299266 15.038564 0.002631
1614255972.398266 15.038205 0.002630
1614255972.497267 15.038326 0.002630
1614255972.596267 15.038314 0.002630
1614255972.695267 15.038438 0.002630
1614255972.794267 15.037282 0.002630
1614255972.893268 15.037194 0.002630
1614255972.992268 15.037643 0.002630
1614255973.091268 15.037671 0.002630
1614255973.190269 15.037320 0.002630
1614255973.289268 15.037268 0.002630
1614255973.388269 15.036957 0.002630
1614255973.487269 15.037293 0.002630
1614255973.586269 15.037160 0.002630
1614255973.685270 15.037111 0.002630
1614255973.784270 15.036950 0.002630
1614255973.883270 15.037048 0.002630
1614255973.982270 15.037402 0.002630
1614255974.081270 15.037578 0.002630
1614255974.180271 15.037800 0.002629
1614255974.279271 15.037940 0.002630
1614255974.378271 15.037980 0.002630
1614255974.477271 15.037722 0.002630
1614255974.543272 15.037856 0.002630
1614255974.642272 15.038223 0.002630
1614255974.741272 15.038426 0.002630
1614255974.840272 15.038281 0.002630
1614255974.939272 15.038694 0.002629
1614255975.038273 15.039129 0.002629
1614255975.137273 15.039302 0.002630
1614255975.236273 15.038808 0.002630
1614255975.335274 15.038846 0.002630
1614255975.434273 15.038542 0.002629
1614255975.533274 15.038367 0.002629
1614255975.632274 15.038332 0.002630
1614255975.731274 15.038315 0.002630
1614255975.830275 15.038095 0.002630
1614255975.929275 15.038195 0.002630
1614255976.028275 15.038506 0.002629
1614255976.127275 15.038177 0.002630
1614255976.226275 15.038439 0.002629
1614255976.325276 15.038434 0.002630
1614255976.424276 15.038044 0.002630
1614255976.523276 15.038249 0.002630
1614255976.622276 15.037855 0.002630
1614255976.721277 15.038001 0.002630
1614255976.820277 15.038074 0.002630
1614255976.919277 15.037649 0.002630
1614255977.018277 15.038377 0.002630
1614255977.117277 15.039765 0.002629
1614255977.216278 15.039322 0.002630
1614255977.315278 15.039003 0.002630
1614255977.414278 15.039315 0.002629
1614255977.480278 15.039741 0.002630
1614255977.579279 15.040472 0.002629
1614255977.678279 15.039551 0.002630
1614255977.777279 15.040494 0.002629
1614255977.876279 15.040115 0.002629
1614255977.942279 15.039976 0.002627
1614255978.041280 15.040024 0.002629
1614255978.140280 15.039491 0.002629
1614255978.239280 15.039769 0.002629
1614255978.338280 15.040569 0.002629
1614255978.437281 15.040214 0.002630
1614255978.536281 15.040377 0.002630
1614255978.635281 15.040142 0.002630
1614255978.734282 15.040151 0.002629
1614255978.800282 15.040401 0.002629
1614255978.866282 15.039688 0.002629
1614255978.965282 15.040282 0.002630
1614255979.064282 15.039845 0.002629
1614255979.163282 15.040406 0.002629
1614255979.262283 15.040584 0.002629
1614255979.361283 15.038969 0.002630
1614255979.460283 15.039702 0.002629
1614255979.559283 15.039690 0.002629
1614255979.658283 15.039505 0.002627
1614255979.724284 15.039473 0.002628
1614255979.823284 15.039540 0.002628
1614255979.922284 15.039490 0.002629
1614255980.021284 15.039400 0.002629
1614255980.120285 15.039560 0.002629
1614255980.219285 15.039138 0.002629
1614255980.285285 15.039890 0.002628
1614255980.351285 15.039727 0.002629
1614255980.450285 15.037023 0.002629
1614255980.549286 15.036709 0.002629
1614255980.648286 15.035206 0.002629
1614255980.747286 15.034871 0.002629
1614255980.846286 15.035361 0.002629
1614255980.912287 15.035041 0.002627
1614255981.011287 15.036303 0.002628
1614255981.077287 15.035985 0.002629
1614255981.143287 15.036022 0.002629
1614255981.242287 15.035998 0.002629
1614255981.341287 15.036384 0.002629
1614255981.440288 15.036222 0.002629
1614255981.539288 15.035856 0.002628
1614255981.638288 15.036303 0.002627
1614255981.737288 15.036007 0.002628
1614255981.836289 15.035913 0.002628
1614255981.935289 15.036070 0.002628
1614255982.034289 15.034599 0.002629
1614255982.133290 15.034074 0.002629
1614255982.232290 15.034303 0.002628
1614255982.331290 15.035002 0.002627
1614255982.430290 15.034641 0.002628
1614255982.529290 15.034546 0.002625
1614255982.628291 15.034065 0.002628
1614255982.727291 15.033763 0.002627
1614255982.826291 15.033741 0.002627
1614255982.892291 15.032935 0.002629
1614255982.958291 15.033357 0.002628
1614255983.024292 15.033598 0.002626
1614255983.123292 15.034966 0.002628
1614255983.222292 15.035301 0.002628
1614255983.321292 15.035286 0.002628
1614255983.420292 15.034877 0.002628
1614255983.519293 15.035352 0.002628
1614255983.618293 15.035050 0.002628
1614255983.717293 15.035176 0.002628
1614255983.816293 15.034809 0.002628
1614255983.915294 15.034998 0.002628
1614255984.014294 15.035943 0.002628
1614255984.080294 15.036131 0.002628
1614255984.146294 15.036465 0.002627
1614255984.212294 15.036292 0.002627
1614255984.278295 15.036161 0.002628
1614255984.377295 15.036148 0.002628
1614255984.476295 15.036510 0.002628
1614255984.575295 15.037029 0.002628
1614255984.674295 15.035649 0.002627
1614255984.773296 15.034829 0.002627
1614255984.872296 15.035174 0.002627
1614255984.938296 15.035652 0.002626
1614255985.037296 15.035811 0.002628
1614255985.136297 15.035091 0.002627
1614255985.235297 15.035330 0.002628
1614255985.334297 15.035540 0.002628
1614255985.433297 15.035425 0.002628
1614255985.532297 15.033322 0.002625
1614255985.631298 15.032485 0.002627
1614255985.730298 15.031681 0.002626
1614255985.829298 15.030593 0.002626
1614255985.928298 15.030391 0.002625
1614255986.027298 15.031091 0.002626
1614255986.126299 15.029647 0.002626
1614255986.225299 15.030390 0.002627
1614255986.324299 15.029831 0.002628
1614255986.423300 15.029032 0.002627
1614255986.522300 15.028112 0.002626
1614255986.621300 15.027677 0.002627
1614255986.720300 15.026608 0.002626
1614255986.852301 15.024795 0.002627
1614255986.984301 15.024983 0.002627
1614255987.083301 15.025465 0.002627
1614255987.182301 15.027349 0.002626
1614255987.281301 15.027291 0.002627
1614255987.380302 15.026666 0.002625
1614255987.479302 15.027162 0.002627
1614255987.578302 15.025252 0.002627
1614255987.677303 15.025160 0.002625
1614255987.776303 15.025298 0.002626
1614255987.875303 15.024456 0.002627
1614255987.974303 15.022811 0.002625
1614255988.073303 15.022683 0.002625
1614255988.172304 15.024067 0.002627
1614255988.271304 15.024031 0.002627
1614255988.370304 15.023811 0.002627
1614255988.469304 15.022900 0.002626
1614255988.568305 15.024281 0.002625
1614255988.667305 15.024847 0.002626
1614255988.766305 15.024963 0.002627
1614255988.865305 15.025619 0.002625
1614255988.964305 15.026460 0.002626
1614255989.063306 15.026382 0.002626
1614255989.162306 15.026214 0.002625
1614255989.261306 15.027954 0.002624
1614255989.360307 15.027121 0.002626
1614255989.459307 15.026742 0.002625
1614255989.558307 15.027360 0.002625
1614255989.624307 15.025871 0.002626
1614255989.690307 15.025682 0.002626
1614255989.756307 15.025396 0.002626
1614255989.855308 15.026530 0.002626
1614255989.954308 15.025836 0.002626
1614255990.053308 15.026516 0.002626
1614255990.152308 15.027496 0.002625
1614255990.251308 15.029180 0.002626
1614255990.350309 15.029560 0.002626
1614255990.482309 15.029739 0.002626
1614255990.581309 15.028994 0.002626
1614255990.713310 15.028678 0.002626
1614255990.878310 15.028417 0.002626
1614255991.043310 15.028152 0.002626
1614255991.175311 15.027011 0.002624
1614255991.307311 15.027221 0.002626
1614255991.439311 15.028056 0.002626
1614255991.571312 15.027941 0.002625
1614255991.703312 15.028298 0.002625
1614255991.835312 15.028583 0.002625
1614255991.967313 15.029576 0.002625
1614255992.066313 15.029582 0.002621
1614255992.198313 15.031486 0.002625
1614255992.330313 15.033996 0.002624
1614255992.429313 15.036099 0.002626
1614255992.528314 15.036838 0.002625
1614255992.627314 15.039090 0.002625
1614255992.726314 15.040728 0.002625
1614255992.858315 15.041628 0.002625
1614255992.990315 15.044883 0.002625
1614255993.122315 15.049684 0.002626
1614255993.254316 15.051557 0.002624
1614255993.353316 15.053081 0.002624
1614255993.485316 15.057014 0.002624
1614255993.617316 15.062912 0.002625
1614255993.749317 15.065749 0.002625
1614255993.914317 15.070580 0.002624
1614255994.079318 15.076469 0.002623
1614255994.244318 15.083889 0.002617
1614255994.376318 15.088633 0.002621
1614255994.508318 15.093112 0.002623
1614255994.673319 15.096266 0.002620
1614255994.838319 15.101272 0.002621
1614255995.003320 15.104162 0.002622
1614255995.168320 15.106557 0.002622
1614255995.333320 15.110873 0.002622
1614255995.498321 15.111639 0.002619
1614255995.663321 15.114189 0.002621
1614255995.828321 15.114721 0.002622
1614255995.993322 15.115815 0.002621
1614255996.125322 15.119665 0.002613
1614255996.290323 15.122658 0.002617
1614255996.455323 15.123320 0.002616
1614255996.620324 15.124702 0.002608
1614255996.785324 15.125888 0.002612
1614255996.950324 15.127066 0.002612
1614255997.082325 15.127610 0.002611
1614255997.214325 15.126942 0.002614
1614255997.346325 15.125449 0.002621
1614255997.478326 15.125147 0.002621
1614255997.610326 15.125169 0.002621
1614255997.742326 15.124522 0.002620
1614255997.874326 15.123519 0.002621
1614255998.006327 15.122351 0.002621
1614255998.138327 15.120362 0.002616
1614255998.270327 15.120303 0.002619
1614255998.402328 15.119445 0.002617
1614255998.534328 15.119508 0.002621
1614255998.699328 15.121642 0.002619
1614255998.864329 15.121101 0.002620
1614255999.029329 15.121330 0.002620
1614255999.194330 15.120336 0.002619
1614255999.359330 15.119516 0.002618
1614255999.557330 15.119719 0.002619
1614255999.722331 15.119294 0.002619
1614255999.854331 15.119481 0.002619
1614256000.019332 15.118552 0.002618
1614256000.184332 15.119216 0.002617
1614256000.316332 15.119479 0.002619
1614256000.415332 15.119097 0.002618
1614256000.514333 15.119605 0.002618
1614256000.613333 15.120411 0.002618
1614256000.712333 15.120575 0.002618
1614256000.844333 15.120345 0.002617
1614256000.976334 15.119704 0.002618
1614256001.075334 15.120180 0.002617
1614256001.207335 15.119469 0.002617
1614256001.306334 15.119578 0.002616
1614256001.405335 15.119031 0.002616
1614256001.504335 15.118692 0.002616
1614256001.603335 15.118616 0.002616
1614256001.702336 15.118322 0.002615
1614256001.834336 15.118487 0.002617
1614256001.966336 15.118845 0.002615
1614256002.065336 15.119550 0.002615
1614256002.197337 15.119597 0.002616
1614256002.329337 15.119534 0.002614
1614256002.428337 15.120242 0.002616
1614256002.527338 15.120045 0.002613
1614256002.593338 15.120347 0.002615
1614256002.659338 15.119949 0.002616
1614256002.725338 15.120668 0.002615
1614256002.824338 15.120477 0.002615
1614256002.923338 15.120363 0.002614
1614256002.989338 15.120619 0.002615
1614256003.088339 15.120471 0.002615
1614256003.187339 15.120166 0.002613
1614256003.253339 15.120154 0.002611
1614256003.319339 15.120197 0.002615
1614256003.385339 15.120209 0.002611
1614256003.451339 15.121022 0.002614
1614256003.550340 15.120664 0.002614
1614256003.649340 15.120525 0.002611
1614256003.748340 15.120404 0.002614
1614256003.847341 15.120494 0.002614
1614256003.946341 15.121181 0.002615
1614256004.045341 15.121284 0.002613
1614256004.144341 15.121584 0.002614
1614256004.276341 15.121618 0.002612
1614256004.408342 15.121627 0.002611
1614256004.507342 15.121801 0.002614
1614256004.606342 15.121989 0.002614
1614256004.738343 15.122139 0.002614
1614256004.870343 15.123052 0.002612
1614256004.969343 15.124353 0.002614
1614256005.068343 15.124048 0.002612
1614256005.167344 15.123932 0.002613
1614256005.266344 15.123644 0.002611
1614256005.332344 15.123857 0.002613
1614256005.431344 15.124707 0.002613
1614256005.530344 15.125066 0.002613
1614256005.629345 15.125348 0.002613
1614256005.728345 15.124458 0.002610
1614256005.827345 15.124255 0.002612
1614256005.926346 15.124202 0.002613
1614256006.058346 15.124244 0.002611
1614256006.157346 15.124638 0.002611
1614256006.289346 15.124559 0.002613
1614256006.388346 15.124796 0.002613
1614256006.487347 15.125581 0.002612
1614256006.586347 15.125265 0.002613
1614256006.685347 15.125206 0.002612
1614256006.817348 15.125280 0.002611
1614256006.916348 15.125347 0.002611
1614256007.015348 15.125615 0.002610
1614256007.114348 15.126073 0.002612
1614256007.213348 15.127022 0.002612
1614256007.312349 15.126791 0.002612
1614256007.411349 15.126676 0.002611
1614256007.510349 15.127151 0.002612
1614256007.609349 15.127329 0.002611
1614256007.708350 15.127620 0.002612
1614256007.807350 15.128376 0.002610
1614256007.906350 15.128477 0.002611
1614256008.005350 15.128157 0.002612
1614256008.104351 15.128449 0.002612
1614256008.203351 15.128352 0.002611
1614256008.302351 15.129182 0.002611
1614256008.434351 15.130357 0.002610
1614256008.566352 15.131265 0.002609
1614256008.698352 15.132468 0.002609
1614256008.830352 15.132795 0.002608
1614256008.929353 15.132040 0.002611
1614256009.061353 15.133617 0.002610
1614256009.193353 15.134683 0.002611
1614256009.325353 15.135057 0.002611
1614256009.457354 15.134952 0.002611
1614256009.589354 15.135648 0.002611
1614256009.721354 15.136355 0.002611
1614256009.853355 15.137356 0.002611
1614256010.051355 15.138146 0.002611
1614256010.249356 15.138695 0.002610
1614256010.381356 15.138217 0.002611
1614256010.513356 15.138126 0.002611
1614256010.645357 15.138186 0.002611
1614256010.777357 15.138303 0.002611
1614256010.876357 15.138552 0.002611
1614256010.975357 15.138431 0.002610
1614256011.107358 15.138351 0.002610
1614256011.239358 15.138158 0.002609
1614256011.404358 15.138110 0.002611
1614256011.569359 15.138491 0.002610
1614256011.734359 15.139282 0.002611
1614256011.899359 15.138998 0.002611
1614256012.097360 15.138084 0.002611
1614256012.328361 15.138918 0.002611
1614256012.625361 15.138943 0.002611
1614256012.922362 15.139228 0.002611
1614256013.186363 15.138623 0.002611
1614256013.483363 15.138547 0.002611
1614256013.813364 15.138274 0.002611
1614256014.077365 15.138175 0.002611
1614256014.308365 15.138247 0.002611
1614256014.539366 15.137951 0.002610
1614256014.737366 15.138079 0.002611
1614256014.869367 15.137798 0.002611
1614256014.968367 15.137424 0.002611
1614256015.133367 15.136955 0.002611
1614256015.298368 15.136549 0.002611
1614256015.463368 15.136588 0.002609
1614256015.628368 15.136348 0.002608
1614256015.826369 15.136929 0.002610
1614256016.024369 15.136808 0.002611
1614256016.189370 15.136590 0.002611
1614256016.354370 15.137279 0.002609
1614256016.519371 15.138142 0.002608
1614256016.684371 15.138182 0.002606
1614256016.816371 15.137628 0.002611
1614256016.948371 15.137513 0.002611
1614256017.080372 15.137312 0.002611
1614256017.212372 15.137551 0.002611
1614256017.311372 15.137459 0.002610
1614256017.410372 15.137872 0.002607
1614256017.509373 15.137447 0.002611
1614256017.641373 15.137519 0.002610
1614256017.740373 15.137419 0.002611
1614256017.839374 15.136916 0.002611
1614256017.938374 15.137347 0.002611
1614256018.037374 15.137164 0.002610
1614256018.136374 15.137427 0.002610
1614256018.235374 15.137134 0.002611
1614256018.334375 15.136957 0.002611
1614256018.433375 15.136587 0.002610
1614256018.532375 15.136494 0.002610
1614256018.631375 15.135892 0.002611
1614256018.763376 15.135448 0.002609
1614256018.895376 15.134673 0.002610
1614256019.027376 15.135011 0.002610
1614256019.159377 15.134418 0.002609
1614256019.291377 15.134542 0.002610
1614256019.423377 15.134038 0.002609
1614256019.522377 15.132753 0.002610
1614256019.654378 15.132188 0.002607
1614256019.786378 15.131632 0.002610
1614256019.918379 15.130814 0.002610
1614256020.050379 15.129677 0.002609
1614256020.182379 15.128719 0.002610
1614256020.314379 15.127355 0.002610
1614256020.446379 15.125759 0.002609
1614256020.578380 15.124813 0.002609
1614256020.677380 15.123723 0.002609
1614256020.809381 15.123051 0.002609
1614256020.941381 15.122843 0.002609
1614256021.040381 15.122096 0.002610
1614256021.172381 15.121209 0.002609
1614256021.304382 15.120419 0.002609
1614256021.436382 15.119393 0.002609
1614256021.535382 15.118375 0.002609
1614256021.667382 15.117308 0.002608
1614256021.766383 15.116488 0.002609
1614256021.865383 15.116077 0.002609
1614256021.964383 15.115793 0.002608
1614256022.063384 15.115223 0.002609
1614256022.162384 15.114723 0.002608
1614256022.261384 15.114634 0.002609
1614256022.327384 15.114738 0.002609
1614256022.393384 15.114168 0.002608
1614256022.492384 15.114001 0.002609
1614256022.558385 15.114019 0.002608
1614256022.624385 15.113715 0.002609
1614256022.690385 15.113358 0.002609
1614256022.756385 15.112953 0.002609
1614256022.822385 15.112664 0.002608
1614256022.921386 15.112461 0.002609
1614256022.987386 15.112162 0.002608
1614256023.053386 15.111908 0.002609
1614256023.119386 15.111885 0.002608
1614256023.185386 15.111619 0.002608
1614256023.251386 15.111226 0.002608
1614256023.317386 15.110756 0.002608
1614256023.383387 15.110469 0.002608
1614256023.449387 15.109797 0.002608
1614256023.515387 15.109642 0.002607
1614256023.581387 15.109357 0.002607
1614256023.647387 15.109032 0.002608
1614256023.713387 15.108369 0.002608
1614256023.779387 15.108084 0.002608
1614256023.845387 15.107591 0.002608
1614256023.911388 15.106727 0.002608
1614256023.977388 15.106193 0.002608
1614256024.076388 15.105706 0.002607
1614256024.142388 15.103920 0.002606
1614256024.241389 15.102083 0.002606
1614256024.340389 15.100881 0.002607
1614256024.439389 15.099437 0.002606
1614256024.538389 15.098784 0.002606
1614256024.637390 15.097002 0.002606
1614256024.736390 15.096175 0.002607
1614256024.802390 15.095747 0.002607
1614256024.868390 15.095383 0.002607
1614256024.934390 15.095017 0.002607
1614256025.000390 15.094362 0.002607
1614256025.099391 15.093252 0.002607
1614256025.198391 15.092742 0.002607
1614256025.297391 15.092199 0.002607
1614256025.396391 15.091272 0.002607
1614256025.495391 15.090354 0.002607
1614256025.594392 15.089962 0.002607
1614256025.693392 15.089500 0.002607
1614256025.792392 15.088853 0.002607
1614256025.891392 15.088347 0.002607
1614256025.990393 15.087962 0.002606
1614256026.089393 15.087520 0.002606
1614256026.155393 15.086198 0.002606
1614256026.254393 15.085448 0.002607
1614256026.353393 15.084821 0.002607
1614256026.452394 15.084341 0.002607
1614256026.551394 15.083658 0.002607
1614256026.650394 15.083163 0.002607
1614256026.749394 15.082746 0.002607
1614256026.848395 15.082141 0.002606
1614256026.947395 15.081980 0.002607
1614256027.013395 15.081448 0.002607
1614256027.079395 15.081278 0.002607
1614256027.145396 15.081061 0.002607
1614256027.211396 15.080888 0.002607
1614256027.277396 15.080541 0.002607
1614256027.343396 15.080590 0.002607
1614256027.409396 15.080227 0.002607
1614256027.475396 15.079684 0.002606
1614256027.574396 15.079470 0.002606
1614256027.673397 15.079244 0.002606
1614256027.772397 15.078893 0.002606
1614256027.871397 15.078752 0.002606
1614256027.970397 15.078468 0.002607
1614256028.036397 15.078251 0.002606
1614256028.102397 15.077903 0.002606
1614256028.168398 15.077511 0.002606
1614256028.234398 15.077225 0.002606
1614256028.333398 15.076887 0.002606
1614256028.432398 15.076541 0.002606
1614256028.498399 15.076517 0.002605
1614256028.630399 15.076079 0.002605
1614256028.729399 15.075850 0.002606
1614256028.828399 15.075521 0.002606
1614256028.927399 15.075314 0.002606
1614256029.026399 15.075328 0.002606
1614256029.125400 15.074951 0.002605
1614256029.224400 15.074580 0.002606
1614256029.323400 15.074114 0.002606
1614256029.422400 15.073851 0.002605
1614256029.521401 15.073350 0.002605
1614256029.653401 15.072882 0.002605
1614256029.752401 15.072334 0.002604
1614256029.851402 15.072116 0.002606
1614256029.950402 15.071636 0.002606
1614256030.049402 15.071439 0.002605
1614256030.148402 15.071519 0.002605
1614256030.247402 15.070983 0.002605
1614256030.346403 15.070643 0.002606
1614256030.445403 15.070350 0.002606
1614256030.544403 15.070273 0.002605
1614256030.643404 15.069755 0.002605
1614256030.742404 15.069386 0.002605
1614256030.841404 15.069115 0.002605
1614256030.940404 15.068724 0.002605
1614256031.039404 15.068620 0.002605
1614256031.105404 15.068371 0.002605
1614256031.204405 15.067751 0.002605
1614256031.303405 15.067498 0.002605
1614256031.369405 15.067198 0.002605
1614256031.435405 15.066861 0.002605
1614256031.501405 15.066715 0.002605
1614256031.567405 15.066506 0.002605
1614256031.633406 15.066408 0.002605
1614256031.699406 15.066224 0.002605
1614256031.765406 15.065801 0.002605
1614256031.831406 15.065385 0.002605
1614256031.897407 15.065102 0.002605
1614256031.963407 15.064953 0.002605
1614256032.029407 15.064207 0.002605
1614256032.128407 15.063733 0.002605
1614256032.227407 15.063200 0.002605
1614256032.293407 15.062834 0.002605
1614256032.392408 15.062479 0.002605
1614256032.491408 15.062131 0.002605
1614256032.590408 15.061953 0.002605
1614256032.656408 15.061478 0.002605
1614256032.755408 15.061341 0.002605
1614256032.821409 15.061253 0.002605
1614256032.920409 15.060790 0.002605
1614256033.019409 15.060470 0.002605
1614256033.085409 15.060220 0.002605
1614256033.184409 15.059743 0.002605
1614256033.250409 15.059443 0.002605
1614256033.316410 15.058871 0.002604
1614256033.382410 15.058765 0.002604
1614256033.448410 15.058573 0.002605
1614256033.514410 15.058633 0.002605
1614256033.613410 15.058116 0.002604
1614256033.712411 15.057287 0.002605
1614256033.811411 15.056483 0.002604
1614256033.910411 15.056005 0.002605
1614256034.009411 15.056096 0.002605
1614256034.108412 15.055796 0.002605
1614256034.207412 15.055384 0.002604
1614256034.306412 15.054951 0.002605
1614256034.405412 15.054796 0.002605
1614256034.504412 15.054545 0.002605
1614256034.570413 15.054542 0.002605
1614256034.636413 15.053949 0.002604
1614256034.735413 15.053622 0.002605
1614256034.834413 15.053162 0.002605
1614256034.933413 15.052858 0.002605
1614256035.032414 15.052437 0.002605
1614256035.131414 15.052509 0.002605
1614256035.197414 15.052168 0.002605
1614256035.263414 15.052011 0.002605
1614256035.329414 15.051783 0.002605
1614256035.395415 15.051731 0.002605
1614256035.461415 15.051322 0.002605
1614256035.527415 15.050914 0.002605
1614256035.593415 15.050916 0.002604
1614256035.692415 15.050872 0.002605
1614256035.791415 15.050453 0.002605
1614256035.890416 15.049969 0.002605
1614256036.022416 15.049757 0.002605
1614256036.187416 15.049307 0.002605
1614256036.319417 15.049008 0.002605
1614256036.484417 15.048355 0.002605
1614256036.682418 15.048017 0.002605
1614256036.847418 15.047324 0.002605
1614256037.012418 15.046633 0.002605
1614256037.144418 15.045940 0.002605
1614256037.309419 15.045623 0.002605
1614256037.474419 15.044632 0.002604
1614256037.672420 15.043680 0.002605
1614256037.870420 15.043204 0.002605
1614256038.035421 15.042442 0.002604
1614256038.233421 15.042491 0.002604
1614256038.431422 15.042090 0.002604
1614256038.596422 15.041446 0.002604
1614256038.794423 15.040847 0.002604
1614256038.959423 15.040565 0.002604
1614256039.157423 15.040076 0.002605
1614256039.388424 15.039783 0.002604
1614256039.652425 15.039313 0.002604
1614256039.916425 15.038661 0.002604
1614256040.147426 15.038227 0.002604
1614256040.345426 15.037733 0.002604
1614256040.543427 15.037124 0.002604
1614256040.708427 15.036849 0.002604
1614256040.873427 15.036550 0.002604
1614256041.038428 15.036436 0.002604
1614256041.203428 15.036193 0.002604
1614256041.335429 15.036023 0.002603
1614256041.467429 15.035853 0.002604
1614256041.599429 15.035727 0.002604
1614256041.764430 15.035567 0.002604
1614256041.929430 15.035491 0.002604
1614256042.094430 15.035263 0.002604
1614256042.259431 15.035111 0.002604
1614256042.424431 15.034788 0.002604
1614256042.622432 15.034685 0.002604
1614256042.820432 15.034426 0.002604
1614256043.018433 15.034290 0.002604
1614256043.183433 15.034037 0.002604
1614256043.348433 15.033793 0.002603
1614256043.513434 15.033727 0.002604
1614256043.711434 15.033654 0.002604
1614256043.942435 15.033436 0.002604
1614256044.206435 15.033418 0.002603
1614256044.470436 15.033265 0.002604
1614256044.734437 15.033154 0.002604
1614256044.998437 15.033034 0.002604
1614256045.262438 15.033035 0.002603
1614256045.526438 15.033162 0.002603
1614256045.757439 15.033053 0.002603
1614256045.988440 15.032855 0.002603
1614256046.219440 15.032771 0.002602
1614256046.483441 15.033068 0.002603
1614256046.714441 15.033156 0.002603
1614256046.945442 15.033522 0.002603
1614256047.143442 15.033082 0.002601
1614256047.407443 15.033241 0.002602
1614256047.605443 15.033282 0.002601
1614256047.836444 15.033291 0.002602
1614256048.067445 15.033440 0.002602
1614256048.265445 15.033554 0.002602
1614256048.496445 15.033874 0.002600
1614256048.727446 15.033828 0.002602
1614256048.925447 15.033844 0.002602
1614256049.090447 15.034049 0.002601
1614256049.255447 15.034011 0.002601
1614256049.420448 15.034380 0.002602
1614256049.618448 15.034474 0.002601
1614256049.783448 15.034692 0.002601
1614256049.948449 15.034848 0.002600
1614256050.080449 15.034852 0.002599
1614256050.212450 15.035196 0.002600
1614256050.311450 15.035153 0.002599
1614256050.410450 15.035028 0.002601
1614256050.542450 15.035152 0.002600
1614256050.674450 15.035203 0.002601
1614256050.806451 15.035693 0.002601
1614256050.971451 15.036074 0.002601
1614256051.136451 15.036094 0.002601
1614256051.301452 15.036236 0.002601
1614256051.433452 15.036270 0.002601
1614256051.565453 15.036644 0.002601
1614256051.697453 15.036821 0.002602
1614256051.796453 15.036916 0.002602
1614256051.928453 15.037138 0.002601
1614256052.060454 15.037138 0.002600
1614256052.192454 15.037377 0.002600
1614256052.291455 15.037447 0.002597
1614256052.390455 15.037340 0.002601
1614256052.489455 15.037506 0.002600
1614256052.588455 15.037516 0.002601
1614256052.687455 15.037270 0.002601
1614256052.786456 15.037285 0.002601
1614256052.852456 15.037456 0.002600
1614256052.918456 15.037402 0.002601
1614256052.984456 15.037447 0.002601
1614256053.083456 15.037547 0.002601
1614256053.182456 15.037484 0.002601
1614256053.281457 15.037484 0.002601
1614256053.347457 15.037494 0.002600
1614256053.413457 15.037479 0.002601
1614256053.479457 15.037663 0.002600
1614256053.545457 15.037610 0.002601
1614256053.611458 15.037775 0.002601
1614256053.677458 15.037770 0.002601
1614256053.743458 15.037763 0.002601
1614256053.809458 15.037919 0.002601
1614256053.908458 15.037852 0.002601
1614256054.007458 15.037665 0.002601
1614256054.139459 15.037813 0.002601
1614256054.271459 15.037907 0.002601
1614256054.370459 15.037836 0.002600
1614256054.436459 15.037620 0.002599
1614256054.502460 15.037603 0.002601
1614256054.568460 15.037662 0.002601
1614256054.634460 15.037929 0.002601
1614256054.799460 15.038192 0.002600
1614256054.931461 15.038253 0.002601
1614256055.030461 15.038200 0.002601
1614256055.162461 15.038238 0.002600
1614256055.294461 15.038420 0.002601
1614256055.426462 15.038411 0.002601
1614256055.492462 15.038558 0.002600
1614256055.591462 15.038794 0.002601
1614256055.756463 15.038896 0.002600
1614256055.888463 15.038880 0.002598
1614256055.987463 15.039006 0.002600
1614256056.086463 15.039015 0.002601
1614256056.185464 15.039386 0.002601
1614256056.284464 15.039278 0.002600
1614256056.383464 15.039393 0.002601
1614256056.482464 15.039415 0.002601
1614256056.548464 15.039422 0.002600
1614256056.647465 15.039526 0.002601
1614256056.713465 15.039904 0.002600
1614256056.779465 15.039703 0.002601
1614256056.845465 15.039700 0.002600
1614256056.911465 15.039775 0.002600
1614256056.977465 15.039721 0.002599
1614256057.043465 15.039868 0.002600
1614256057.109466 15.039924 0.002601
1614256057.175466 15.040011 0.002600
1614256057.241466 15.039985 0.002600
1614256057.307466 15.040072 0.002601
1614256057.373466 15.040138 0.002598
1614256057.439466 15.040208 0.002600
1614256057.505467 15.040188 0.002601
1614256057.571467 15.040161 0.002601
1614256057.670467 15.040315 0.002601
1614256057.769467 15.040407 0.002600
1614256057.868468 15.040519 0.002600
1614256057.967468 15.040436 0.002600
1614256058.066468 15.040374 0.002600
1614256058.165468 15.040562 0.002598
1614256058.264468 15.040756 0.002600
1614256058.396469 15.040814 0.002600
1614256058.495469 15.040678 0.002600
1614256058.594469 15.040927 0.002598
1614256058.693470 15.040880 0.002600
1614256058.792470 15.040887 0.002600
1614256058.891470 15.040924 0.002598
1614256058.990470 15.040727 0.002600
1614256059.122470 15.040551 0.002601
1614256059.221471 15.040367 0.002600
1614256059.353471 15.040556 0.002601
1614256059.452471 15.040590 0.002599
1614256059.551471 15.040675 0.002599
1614256059.650472 15.040847 0.002599
1614256059.749472 15.041038 0.002600
1614256059.848472 15.041136 0.002601
1614256059.947472 15.040959 0.002600
1614256060.046473 15.040990 0.002601
1614256060.145473 15.040404 0.002600
1614256060.244473 15.040829 0.002601
1614256060.343473 15.040735 0.002600
1614256060.442473 15.040550 0.002598
1614256060.574474 15.040163 0.002598
1614256060.673474 15.039660 0.002600
1614256060.805474 15.039513 0.002600
1614256060.904475 15.039173 0.002600
1614256061.003475 15.038681 0.002601
1614256061.102475 15.038824 0.002601
1614256061.234476 15.038334 0.002601
1614256061.366476 15.038235 0.002600
1614256061.498476 15.037881 0.002601
1614256061.597476 15.036880 0.002600
1614256061.729477 15.037688 0.002600
1614256061.861477 15.037185 0.002600
1614256061.960477 15.037513 0.002600
1614256062.059477 15.037374 0.002601
1614256062.158478 15.037078 0.002601
1614256062.257478 15.037096 0.002600
1614256062.356478 15.036965 0.002600
1614256062.488478 15.037858 0.002600
1614256062.620479 15.038209 0.002600
1614256062.752479 15.038210 0.002601
1614256062.851479 15.037625 0.002601
1614256062.950479 15.037986 0.002599
1614256063.049480 15.037713 0.002596
1614256063.148480 15.037431 0.002601
1614256063.247480 15.037144 0.002600
1614256063.346480 15.037897 0.002600
1614256063.445481 15.038142 0.002601
1614256063.544481 15.038292 0.002601
1614256063.643481 15.038535 0.002601
1614256063.742481 15.038723 0.002600
1614256063.841481 15.038734 0.002600
1614256063.940482 15.039012 0.002600
1614256064.039482 15.039035 0.002600
1614256064.138482 15.039036 0.002600
1614256064.237483 15.039221 0.002601
1614256064.336483 15.039548 0.002600
1614256064.435483 15.039853 0.002600
1614256064.534483 15.039815 0.002600
1614256064.633483 15.040214 0.002600
1614256064.732484 15.040354 0.002600
1614256064.831484 15.040416 0.002600
1614256064.930484 15.040668 0.002599
1614256065.029484 15.040896 0.002600
1614256065.128485 15.040842 0.002600
1614256065.227485 15.041104 0.002600
1614256065.326485 15.041148 0.002600
1614256065.425485 15.041365 0.002600
1614256065.524485 15.041651 0.002599
1614256065.623486 15.041751 0.002599
1614256065.722486 15.041848 0.002600
1614256065.821486 15.041779 0.002601
1614256065.920486 15.041886 0.002600
1614256066.019487 15.041932 0.002600
1614256066.118487 15.041883 0.002600
1614256066.151487 15.041970 0.002598
1614256066.250487 15.041891 0.002600
1614256066.382488 15.042022 0.002600
1614256066.481488 15.042063 0.002600
1614256066.580488 15.042122 0.002601
1614256066.679488 15.042176 0.002601
1614256066.778489 15.041946 0.002600
1614256066.877489 15.042031 0.002600
1614256066.976489 15.042156 0.002600
1614256067.075489 15.042050 0.002600
1614256067.174489 15.042348 0.002600
1614256067.273490 15.041874 0.002599
1614256067.372490 15.042161 0.002599
1614256067.471490 15.041940 0.002599
1614256067.603491 15.042080 0.002600
1614256067.702491 15.042319 0.002599
1614256067.801491 15.042434 0.002599
1614256067.900491 15.042432 0.002600
1614256067.999491 15.042414 0.002600
1614256068.131492 15.042488 0.002600
1614256068.230492 15.042571 0.002600
1614256068.329492 15.042624 0.002594
1614256068.428493 15.042661 0.002599
1614256068.527493 15.042662 0.002601
1614256068.626493 15.042537 0.002595
1614256068.758493 15.042290 0.002599
1614256068.857493 15.042247 0.002599
1614256068.956494 15.042251 0.002592
1614256069.055494 15.041768 0.002598
1614256069.154494 15.041389 0.002600
1614256069.286494 15.041017 0.002599
1614256069.385495 15.040495 0.002597
1614256069.484495 15.039097 0.002597
1614256069.616495 15.039309 0.002599
1614256069.748496 15.038535 0.002598
1614256069.880496 15.038081 0.002598
1614256070.012496 15.037557 0.002599
1614256070.177497 15.036690 0.002600
1614256070.309497 15.035432 0.002599
1614256070.375497 15.034867 0.002600
1614256070.540497 15.034494 0.002600
1614256070.705498 15.035089 0.002600
1614256070.903498 15.034302 0.002597
1614256071.068499 15.035296 0.002598
1614256071.233499 15.036017 0.002598
1614256071.398499 15.035460 0.002599
1614256071.596500 15.035023 0.002600
1614256071.761500 15.033403 0.002600
1614256071.959501 15.034843 0.002590
1614256072.157501 15.035589 0.002598
1614256072.388502 15.037228 0.002597
1614256072.553502 15.038485 0.002593
1614256072.718502 15.040277 0.002596
1614256072.883503 15.040318 0.002595
1614256073.048503 15.041302 0.002596
1614256073.213504 15.042860 0.002597
1614256073.411504 15.042685 0.002598
1614256073.576504 15.042241 0.002578
1614256073.741505 15.043202 0.002598
1614256073.873505 15.044067 0.002591
1614256074.005506 15.044198 0.002598
1614256074.170506 15.044122 0.002588
1614256074.302506 15.044984 0.002596
1614256074.467507 15.044994 0.002600
1614256074.599507 15.046758 0.002596
1614256074.731507 15.046446 0.002600
1614256074.863508 15.046531 0.002591
1614256074.995508 15.047443 0.002598
1614256075.127508 15.048477 0.002595
1614256075.259508 15.048886 0.002593
1614256075.391509 15.046517 0.002599
1614256075.523509 15.047136 0.002600
1614256075.655509 15.047946 0.002599
1614256075.787510 15.048089 0.002600
1614256075.919510 15.047762 0.002600
1614256076.051510 15.046309 0.002599
1614256076.183511 15.046636 0.002600
1614256076.315511 15.047562 0.002600
1614256076.447511 15.047040 0.002600
1614256076.546512 15.046216 0.002598
1614256076.645512 15.047319 0.002600
1614256076.744512 15.047075 0.002599
1614256076.843512 15.047186 0.002598
1614256076.975513 15.047720 0.002599
1614256077.074513 15.047230 0.002598
1614256077.206513 15.047400 0.002600
1614256077.305513 15.047116 0.002599
1614256077.404514 15.046970 0.002598
1614256077.503514 15.047574 0.002600
1614256077.602514 15.047966 0.002600
1614256077.734514 15.048201 0.002601
1614256077.833514 15.047530 0.002600
1614256077.932515 15.047645 0.002600
1614256078.031515 15.047421 0.002599
1614256078.130515 15.048139 0.002600
1614256078.229516 15.048447 0.002600
1614256078.295516 15.048425 0.002600
1614256078.361516 15.048414 0.002600
1614256078.427516 15.048987 0.002601
1614256078.526516 15.049271 0.002600
1614256078.625517 15.049177 0.002600
1614256078.691517 15.049358 0.002600
1614256078.757517 15.049477 0.002600
1614256078.823517 15.049381 0.002600
1614256078.889517 15.049421 0.002600
1614256078.955517 15.049953 0.002600
1614256079.021517 15.050016 0.002600
1614256079.087517 15.050125 0.002600
1614256079.153517 15.050429 0.002600
1614256079.252518 15.050461 0.002599
1614256079.351518 15.050688 0.002600
1614256079.450518 15.050717 0.002600
1614256079.549519 15.050686 0.002600
1614256079.648519 15.050953 0.002600
1614256079.714519 15.051037 0.002599
1614256079.780519 15.051096 0.002600
1614256079.846519 15.050848 0.002600
1614256079.912519 15.050741 0.002600
1614256080.011520 15.050918 0.002600
1614256080.110520 15.051421 0.002599
1614256080.209520 15.051535 0.002599
1614256080.308521 15.051180 0.002599
1614256080.374521 15.051213 0.002600
1614256080.440521 15.051422 0.002599
1614256080.506521 15.051221 0.002600
1614256080.572521 15.051480 0.002600
1614256080.638521 15.051603 0.002599
1614256080.704521 15.051893 0.002598
1614256080.803522 15.051450 0.002599
1614256080.902522 15.051069 0.002599
1614256081.001522 15.050366 0.002598
1614256081.067522 15.050271 0.002599
1614256081.133522 15.051093 0.002598
1614256081.199522 15.051158 0.002598
1614256081.298523 15.051376 0.002598
1614256081.397523 15.051068 0.002600
1614256081.463523 15.050749 0.002600
1614256081.529523 15.050668 0.002600
1614256081.628524 15.050504 0.002600
1614256081.727524 15.050376 0.002599
1614256081.826524 15.050360 0.002599
1614256081.892524 15.050102 0.002600
1614256081.958524 15.050013 0.002600
1614256082.024524 15.049899 0.002600
1614256082.090525 15.049957 0.002600
1614256082.156525 15.049832 0.002600
1614256082.222525 15.049747 0.002600
1614256082.288525 15.049704 0.002600
1614256082.387525 15.049745 0.002600
1614256082.486526 15.049704 0.002599
1614256082.585526 15.049589 0.002599
1614256082.651526 15.049435 0.002600
1614256082.717526 15.049265 0.002600
1614256082.783526 15.049222 0.002600
1614256082.849526 15.048865 0.002600
1614256082.948527 15.048767 0.002600
1614256083.014527 15.048669 0.002600
1614256083.113527 15.048895 0.002600
1614256083.179527 15.048851 0.002600
1614256083.245527 15.048837 0.002600
1614256083.311527 15.048734 0.002600
1614256083.410528 15.048644 0.002600
1614256083.509528 15.048583 0.002600
1614256083.608528 15.048371 0.002600
1614256083.707528 15.048452 0.002599
1614256083.773529 15.048371 0.002599
1614256083.872529 15.048355 0.002600
1614256083.971529 15.048206 0.002599
1614256084.070529 15.047784 0.002599
1614256084.136529 15.047630 0.002600
1614256084.202529 15.047578 0.002600
1614256084.268530 15.047574 0.002599
1614256084.334530 15.047764 0.002598
1614256084.400530 15.047756 0.002598
1614256084.466530 15.047783 0.002600
1614256084.532530 15.047548 0.002600
1614256084.598530 15.047684 0.002600
1614256084.697531 15.047591 0.002600
1614256084.796531 15.047777 0.002599
1614256084.895531 15.047578 0.002599
1614256084.994531 15.047244 0.002599
1614256085.093532 15.047115 0.002599
1614256085.159532 15.047018 0.002600
1614256085.225532 15.046917 0.002600
1614256085.291532 15.046736 0.002600
1614256085.390532 15.046880 0.002600
1614256085.489532 15.046808 0.002600
1614256085.588533 15.046707 0.002599
1614256085.687533 15.046097 0.002599
1614256085.786533 15.046029 0.002599
1614256085.885533 15.045958 0.002599
1614256085.984534 15.045779 0.002600
1614256086.083534 15.045702 0.002599
1614256086.149534 15.045471 0.002600
1614256086.248534 15.045273 0.002600
1614256086.347535 15.045356 0.002600
1614256086.446535 15.045224 0.002598
1614256086.545535 15.045020 0.002599
1614256086.677535 15.044986 0.002599
1614256086.776536 15.045080 0.002599
1614256086.875536 15.044923 0.002599
1614256086.974536 15.044732 0.002599
1614256087.073536 15.044632 0.002600
1614256087.172537 15.044547 0.002599
1614256087.304537 15.044448 0.002600
1614256087.436537 15.044424 0.002600
1614256087.568537 15.044267 0.002600
1614256087.700538 15.044191 0.002600
1614256087.832538 15.044045 0.002600
1614256087.964538 15.044039 0.002599
1614256088.096538 15.043860 0.002599
1614256088.228539 15.043803 0.002599
1614256088.360539 15.043836 0.002599
1614256088.525540 15.043768 0.002600
1614256088.690540 15.043651 0.002599
1614256088.855540 15.043729 0.002599
1614256089.020541 15.043787 0.002599
1614256089.185541 15.043693 0.002599
1614256089.350541 15.043653 0.002599
1614256089.515542 15.043808 0.002599
1614256089.713542 15.043528 0.002599
1614256089.944543 15.043611 0.002599
1614256090.175543 15.043372 0.002599
1614256090.406544 15.043431 0.002599
1614256090.604544 15.043483 0.002599
1614256090.802545 15.043773 0.002599
1614256091.000545 15.043873 0.002599
1614256091.198546 15.043723 0.002600
1614256091.396546 15.044041 0.002599
1614256091.594547 15.044242 0.002600
1614256091.792547 15.044226 0.002599
1614256091.990548 15.044283 0.002600
1614256092.155548 15.044470 0.002599
1614256092.320548 15.044508 0.002599
1614256092.452549 15.044574 0.002599
1614256092.584549 15.044594 0.002599
1614256092.716549 15.044669 0.002599
1614256092.848550 15.044769 0.002599
1614256092.980550 15.044665 0.002599
1614256093.112550 15.044599 0.002599
1614256093.244551 15.045020 0.002598
1614256093.376551 15.044927 0.002599
1614256093.508551 15.045019 0.002599
1614256093.607552 15.045236 0.002600
1614256093.706552 15.045268 0.002600
1614256093.805552 15.045366 0.002600
1614256093.904552 15.045491 0.002600
1614256094.003552 15.045473 0.002599
1614256094.102553 15.045691 0.002598
1614256094.234553 15.045585 0.002599
1614256094.333553 15.045707 0.002599
1614256094.432553 15.045897 0.002598
1614256094.531554 15.046372 0.002600
1614256094.630554 15.046244 0.002599
1614256094.762554 15.046442 0.002599
1614256094.861554 15.045377 0.002599
1614256094.960555 15.045254 0.002599
1614256095.059555 15.045433 0.002599
1614256095.191555 15.045244 0.002599
1614256095.290555 15.045173 0.002599
1614256095.389556 15.045186 0.002599
1614256095.521556 15.045574 0.002599
1614256095.653556 15.045376 0.002599
1614256095.752557 15.045506 0.002599
1614256095.851557 15.045497 0.002599
1614256095.950557 15.045549 0.002599
1614256096.016557 15.045727 0.002599
1614256096.115557 15.045768 0.002599
1614256096.214557 15.045830 0.002599
1614256096.313558 15.045745 0.002599
1614256096.412558 15.045829 0.002599
1614256096.511558 15.045800 0.002599
1614256096.610559 15.045771 0.002599
1614256096.709559 15.045749 0.002599
1614256096.808559 15.045762 0.002599
1614256096.907559 15.045818 0.002599
1614256097.006559 15.045959 0.002599
1614256097.105560 15.046201 0.002599
1614256097.204560 15.046397 0.002599
1614256097.303560 15.046266 0.002599
1614256097.435560 15.046067 0.002599
1614256097.534561 15.045961 0.002599
1614256097.666561 15.045880 0.002599
1614256097.798561 15.045947 0.002599
1614256097.897562 15.046143 0.002599
1614256097.963562 15.046077 0.002599
1614256098.029562 15.046387 0.002599
1614256098.095562 15.046303 0.002599
1614256098.161562 15.046198 0.002599
1614256098.227562 15.046391 0.002599
1614256098.293562 15.046366 0.002599
1614256098.359562 15.046432 0.002599
1614256098.425563 15.046348 0.002599
1614256098.524563 15.046309 0.002599
1614256098.623563 15.046383 0.002598
1614256098.722564 15.046507 0.002599
1614256098.821564 15.046390 0.002599
1614256098.920564 15.046173 0.002599
1614256099.019564 15.046099 0.002599
1614256099.118564 15.046177 0.002599
1614256099.250565 15.046054 0.002599
1614256099.349565 15.045718 0.002599
1614256099.481565 15.045585 0.002599
1614256099.613566 15.045381 0.002599
1614256099.745566 15.045463 0.002599
1614256099.877566 15.045213 0.002599
1614256099.976566 15.045002 0.002599
1614256100.108567 15.044667 0.002599
1614256100.240567 15.044821 0.002598
1614256100.405567 15.044531 0.002599
1614256100.537568 15.044649 0.002599
1614256100.669568 15.044627 0.002599
1614256100.768568 15.044257 0.002599
1614256100.867569 15.044349 0.002598
1614256100.999569 15.044416 0.002598
1614256101.131569 15.044228 0.002599
1614256101.263569 15.044239 0.002599
1614256101.362570 15.044064 0.002598
1614256101.461570 15.044166 0.002599
1614256101.560570 15.044119 0.002598
1614256101.659570 15.044164 0.002599
1614256101.758570 15.044014 0.002599
1614256101.890571 15.043728 0.002599
1614256102.022571 15.044340 0.002599
1614256102.154572 15.044255 0.002599
1614256102.253572 15.044204 0.002598
1614256102.352572 15.044032 0.002598
1614256102.451572 15.043895 0.002598
1614256102.550573 15.043769 0.002598
1614256102.649573 15.043880 0.002599
1614256102.748573 15.044138 0.002599
1614256102.847573 15.044252 0.002599
1614256102.946573 15.043952 0.002598
1614256103.045574 15.043817 0.002599
1614256103.144574 15.043913 0.002599
1614256103.243574 15.044135 0.002598
1614256103.375575 15.044335 0.002598
1614256103.474575 15.043823 0.002598
1614256103.573575 15.043514 0.002599
1614256103.672575 15.043542 0.002598
1614256103.771575 15.043608 0.002598
1614256103.870576 15.044053 0.002598
1614256103.969576 15.044327 0.002598
1614256104.101576 15.044608 0.002599
1614256104.233577 15.043571 0.002598
1614256104.332577 15.043024 0.002598
1614256104.464577 15.042445 0.002598
1614256104.596577 15.042394 0.002598
1614256104.728578 15.041408 0.002598
1614256104.893578 15.042620 0.002598
1614256105.025578 15.042189 0.002598
1614256105.157578 15.041883 0.002598
1614256105.289579 15.040888 0.002598
1614256105.388579 15.040590 0.002598
1614256105.520579 15.039849 0.002598
1614256105.652580 15.039472 0.002598
1614256105.784580 15.039022 0.002598
1614256105.949580 15.038343 0.002598
1614256106.114581 15.037292 0.002598
1614256106.312581 15.035927 0.002598
1614256106.510582 15.035482 0.002598
1614256106.708582 15.035175 0.002598
1614256106.906583 15.034424 0.002598
1614256107.071583 15.035045 0.002598
1614256107.269584 15.035673 0.002598
1614256107.434584 15.035764 0.002598
1614256107.599585 15.036034 0.002598
1614256107.764585 15.036809 0.002598
1614256107.929585 15.037139 0.002598
1614256108.094586 15.036848 0.002599
1614256108.226586 15.037175 0.002598
1614256108.391586 15.037709 0.002598
1614256108.556587 15.038042 0.002598
1614256108.688587 15.037365 0.002598
1614256108.820587 15.036826 0.002598
1614256108.952588 15.036862 0.002598
1614256109.084588 15.036796 0.002598
1614256109.183588 15.036171 0.002598
1614256109.282588 15.035763 0.002598
1614256109.414589 15.036511 0.002598
1614256109.546589 15.036559 0.002598
1614256109.678589 15.036416 0.002598
1614256109.777590 15.036732 0.002598
1614256109.876590 15.036715 0.002598
1614256109.975590 15.036795 0.002598
1614256110.107590 15.036785 0.002598
1614256110.239591 15.036756 0.002598
1614256110.371591 15.036853 0.002598
1614256110.470591 15.036776 0.002598
1614256110.569591 15.036500 0.002598
1614256110.701592 15.036096 0.002598
1614256110.833592 15.036000 0.002598
1614256110.965592 15.035947 0.002598
1614256111.097593 15.035671 0.002598
1614256111.229593 15.035352 0.002598
1614256111.328593 15.035588 0.002598
1614256111.427593 15.035389 0.002598
1614256111.526593 15.035870 0.002598
1614256111.625594 15.035658 0.002598
1614256111.724594 15.035766 0.002598
1614256111.823594 15.035822 0.002598
1614256111.922595 15.035752 0.002598
1614256112.054595 15.035452 0.002598
1614256112.186595 15.035256 0.002598
1614256112.318596 15.034939 0.002598
1614256112.417596 15.035587 0.002598
1614256112.516596 15.035504 0.002598
1614256112.615596 15.035593 0.002598
1614256112.747597 15.035530 0.002598
1614256112.879597 15.035408 0.002598
1614256112.978597 15.035173 0.002598
1614256113.110597 15.034846 0.002598
1614256113.275598 15.034574 0.002598
1614256113.407598 15.034608 0.002598
1614256113.539598 15.034470 0.002598
1614256113.671599 15.034944 0.002598
1614256113.836599 15.034996 0.002598
1614256114.001600 15.035764 0.002598
1614256114.133600 15.035925 0.002598
1614256114.232600 15.036186 0.002598
1614256114.364600 15.036103 0.002598
1614256114.562601 15.036502 0.002598
1614256114.727601 15.036666 0.002598
1614256114.892601 15.036892 0.002598
1614256115.057602 15.037021 0.002598
1614256115.222602 15.037193 0.002598
1614256115.354603 15.037085 0.002598
1614256115.519603 15.037019 0.002598
1614256115.651603 15.037030 0.002598
1614256115.783604 15.037186 0.002598
1614256115.915604 15.036891 0.002598
1614256116.080604 15.036799 0.002598
1614256116.212605 15.036689 0.002598
1614256116.377605 15.036752 0.002598
1614256116.509605 15.036730 0.002598
1614256116.674606 15.036368 0.002598
1614256116.806606 15.036261 0.002598
1614256117.004606 15.035848 0.002598
1614256117.202607 15.035523 0.002598
1614256117.367607 15.035140 0.002598
1614256117.499608 15.034426 0.002598
1614256117.631608 15.033744 0.002598
1614256117.763608 15.033365 0.002598
1614256117.895609 15.032655 0.002598
1614256118.027609 15.031748 0.002598
1614256118.159609 15.031130 0.002598
1614256118.291610 15.029899 0.002598
1614256118.423610 15.028453 0.002598
1614256118.555610 15.027956 0.002598
1614256118.687611 15.027536 0.002598
1614256118.819611 15.026691 0.002598
1614256118.951611 15.026365 0.002598
1614256119.083611 15.025819 0.002598
1614256119.215612 15.025917 0.002598
1614256119.347612 15.026111 0.002598
1614256119.446612 15.026259 0.002598
1614256119.545613 15.026453 0.002598
1614256119.644613 15.026576 0.002598
1614256119.743613 15.026472 0.002598
1614256119.842613 15.027015 0.002598
1614256119.941614 15.027051 0.002598
1614256120.073614 15.027189 0.002598
1614256120.205614 15.027043 0.002598
1614256120.337614 15.026789 0.002598
1614256120.502615 15.026608 0.002598
1614256120.634615 15.026828 0.002598
1614256120.766615 15.027392 0.002598
1614256120.898616 15.027768 0.002598
1614256121.030616 15.027975 0.002598
1614256121.162616 15.028270 0.002598
1614256121.294616 15.028659 0.002598
1614256121.426617 15.028953 0.002598
1614256121.558617 15.029043 0.002598
1614256121.723618 15.029333 0.002598
1614256121.855618 15.029630 0.002598
1614256121.987618 15.030022 0.002598
1614256122.119619 15.030344 0.002598
1614256122.218619 15.030538 0.002598
1614256122.317619 15.030714 0.002598
1614256122.416619 15.030779 0.002598
1614256122.515620 15.031093 0.002598
1614256122.680620 15.031264 0.002598
1614256122.845620 15.031561 0.002598
1614256123.010621 15.032033 0.002598
1614256123.175621 15.032544 0.002598
1614256123.340621 15.032816 0.002598
1614256123.505621 15.033018 0.002598
1614256123.670622 15.033273 0.002598
1614256123.835622 15.033517 0.002598
1614256124.000623 15.033748 0.002598
1614256124.198623 15.034050 0.002598
1614256124.396624 15.034533 0.002598
1614256124.627624 15.035002 0.002598
1614256124.858625 15.035409 0.002598
1614256125.089625 15.035801 0.002598
1614256125.353626 15.035784 0.002598
1614256125.617627 15.035942 0.002598
1614256125.815627 15.036256 0.002598
1614256126.013628 15.036370 0.002598
1614256126.343628 15.035459 0.002598
1614256126.739629 15.033824 0.002598
1614256127.102630 15.033104 0.002597
1614256127.432631 15.032655 0.002598
1614256127.696632 15.032899 0.002598
1614256127.894632 15.033575 0.002598
1614256128.092632 15.035188 0.002598
1614256128.257633 15.035707 0.002598
1614256128.422633 15.035350 0.002598
1614256128.554633 15.035505 0.002598
1614256128.686634 15.035661 0.002598
1614256128.818634 15.035860 0.002598
1614256128.950634 15.035700 0.002598
1614256129.082635 15.035715 0.002598
1614256129.214635 15.035664 0.002598
1614256129.346635 15.035386 0.002598
1614256129.445636 15.035074 0.002598
1614256129.544636 15.034952 0.002598
1614256129.643636 15.034775 0.002598
1614256129.775636 15.034675 0.002598
1614256129.874637 15.033728 0.002598
1614256129.973637 15.034190 0.002598
1614256130.072637 15.033868 0.002598
1614256130.171637 15.032994 0.002598
1614256130.270638 15.032789 0.002598
1614256130.402638 15.031641 0.002598
1614256130.534638 15.031638 0.002598
1614256130.666639 15.031698 0.002598
1614256130.798639 15.031552 0.002598
1614256130.930639 15.031265 0.002598
1614256131.062639 15.031220 0.002598
1614256131.194640 15.032268 0.002598
1614256131.326640 15.031958 0.002598
1614256131.425640 15.031822 0.002598
1614256131.524641 15.032102 0.002598
1614256131.623641 15.032826 0.002598
1614256131.722641 15.032325 0.002598
1614256131.821641 15.032583 0.002598
1614256131.953641 15.032163 0.002598
1614256132.052642 15.032536 0.002598
1614256132.184642 15.032687 0.002598
1614256132.316642 15.033021 0.002598
1614256132.448642 15.033109 0.002598
1614256132.580643 15.033380 0.002598
1614256132.679643 15.033810 0.002598
1614256132.811643 15.033833 0.002598
1614256132.943644 15.034218 0.002598
1614256133.075644 15.034177 0.002598
1614256133.174644 15.034251 0.002598
1614256133.273644 15.034802 0.002598
1614256133.372645 15.034820 0.002598
1614256133.471645 15.034996 0.002598
1614256133.570645 15.034893 0.002598
1614256133.669646 15.034711 0.002598
1614256133.801646 15.034653 0.002598
1614256133.900646 15.035029 0.002598
1614256133.999646 15.034950 0.002598
1614256134.098647 15.034681 0.002598
1614256134.197647 15.034675 0.002598
1614256134.296647 15.034872 0.002598
1614256134.395647 15.034713 0.002598
1614256134.494648 15.034847 0.002598
1614256134.593648 15.035113 0.002598
1614256134.692648 15.035162 0.002598
1614256134.758648 15.035303 0.002598
1614256134.857648 15.035253 0.002598
1614256134.956648 15.035499 0.002598
1614256135.055649 15.035602 0.002598
1614256135.187649 15.035773 0.002598
1614256135.319649 15.036176 0.002598
1614256135.451650 15.036613 0.002597
1614256135.583650 15.036888 0.002597
1614256135.682650 15.037307 0.002597
1614256135.781651 15.037348 0.002598
1614256135.880651 15.037439 0.002598
1614256135.979651 15.037771 0.002597
1614256136.111651 15.038140 0.002597
1614256136.243652 15.038169 0.002598
1614256136.342652 15.038341 0.002598
1614256136.474652 15.038528 0.002598
1614256136.573653 15.038688 0.002598
1614256136.672652 15.038995 0.002597
1614256136.771653 15.039055 0.002597
1614256136.870653 15.039224 0.002598
1614256136.969653 15.039432 0.002597
1614256137.068654 15.039461 0.002597
1614256137.167654 15.039625 0.002597
1614256137.266654 15.039691 0.002597
1614256137.365654 15.039799 0.002597
1614256137.431654 15.039826 0.002598
1614256137.530655 15.040012 0.002597
1614256137.629655 15.040087 0.002597
1614256137.728655 15.040203 0.002598
1614256137.827655 15.040361 0.002597
1614256137.926656 15.040387 0.002596
1614256138.025656 15.040492 0.002597
1614256138.124656 15.040616 0.002597
1614256138.223656 15.040757 0.002598
1614256138.322657 15.040895 0.002597
1614256138.421657 15.041190 0.002597
1614256138.520657 15.041263 0.002598
1614256138.619658 15.041280 0.002597
1614256138.718657 15.041375 0.002597
1614256138.817658 15.041330 0.002597
1614256138.850658 15.041951 0.002596
1614256138.982658 15.041767 0.002598
1614256139.081658 15.041955 0.002597
1614256139.180659 15.042078 0.002597
1614256139.279659 15.042213 0.002598
1614256139.378659 15.042449 0.002597
1614256139.477659 15.042643 0.002597
1614256139.576660 15.042533 0.002597
1614256139.675660 15.042492 0.002597
1614256139.774660 15.042343 0.002597
1614256139.873660 15.042644 0.002597
1614256139.972661 15.042840 0.002598
1614256140.071661 15.042946 0.002597
1614256140.170661 15.043086 0.002597
1614256140.269661 15.043208 0.002597
1614256140.368661 15.043121 0.002598
1614256140.467662 15.043215 0.002597
1614256140.566662 15.043395 0.002597
1614256140.665662 15.043476 0.002597
1614256140.764663 15.043520 0.002597
1614256140.896663 15.043454 0.002597
1614256140.995663 15.043551 0.002598
1614256141.127663 15.043905 0.002597
1614256141.259664 15.044252 0.002596
1614256141.391664 15.044405 0.002597
1614256141.523664 15.044633 0.002597
1614256141.622664 15.044780 0.002597
1614256141.754665 15.045183 0.002597
1614256141.853665 15.045486 0.002597
1614256141.985665 15.045174 0.002597
1614256142.084666 15.044929 0.002597
1614256142.183666 15.045172 0.002597
1614256142.282666 15.045142 0.002597
1614256142.381666 15.044841 0.002597
1614256142.480666 15.044959 0.002597
1614256142.579667 15.045170 0.002597
1614256142.678667 15.045291 0.002597
1614256142.777667 15.045336 0.002597
1614256142.876667 15.045541 0.002597
1614256143.008668 15.045601 0.002597
1614256143.140668 15.045386 0.002597
1614256143.272668 15.045781 0.002597
1614256143.404669 15.046045 0.002597
1614256143.536669 15.046014 0.002597
1614256143.668669 15.046259 0.002597
1614256143.800670 15.046434 0.002597
1614256143.899670 15.046929 0.002597
1614256143.998670 15.047572 0.002597
1614256144.097670 15.047858 0.002597
1614256144.229671 15.047980 0.002597
1614256144.361671 15.048395 0.002597
1614256144.493671 15.049429 0.002597
1614256144.625671 15.049459 0.002596
1614256144.757672 15.049378 0.002597
1614256144.889672 15.050350 0.002597
1614256145.021672 15.051101 0.002597
1614256145.120673 15.051040 0.002597
1614256145.252673 15.051450 0.002597
1614256145.384673 15.052709 0.002597
1614256145.516674 15.053012 0.002597
1614256145.648674 15.052511 0.002597
1614256145.780674 15.053402 0.002596
1614256145.912675 15.053147 0.002597
1614256146.077675 15.053252 0.002596
1614256146.242675 15.053396 0.002597
1614256146.440676 15.053365 0.002597
1614256146.638676 15.054009 0.002597
1614256146.836677 15.054569 0.002597
1614256147.034677 15.053778 0.002597
