DelayedMarginalization 0.00148316 1.15859e-06 0.00987954 1920
DelayedMarginalizationOnly 0.000719463 5.8305e-07 0.00643986 1920
EF-marginalizeFrame 0.00186246 1.22271e-06 0.0103844 1920
FullSystem::trackNewCoarse 0.00562965 1.41071e-05 0.0327931 6646
FullSystem::trackNewCoarseNoIMU 0.00229522 2.17449e-06 0.0117917 167
FullSystemOptimize 0.134944 0.000803523 0.36096 1926
GraphUnrolling 0.0239107 0.000267139 0.0354679 2
IMUInitAddPose 3.70777e-05 5.4411e-09 0.00185143 1926
IMUInitOptimize 0.049369 0.00124911 0.137595 26
IMUIntegration::finishKeyframeOperations 5.06404e-05 2.79619e-09 0.00172958 1895
InitializerFirstFrame 0.0272958 -nan 0.0272958 1
InitializerOtherFrames 0.0346814 0.000691504 0.135541 143
MainMarginalization 0.00168293 1.17539e-06 0.0100886 1920
MarginalizationReplacementBuildGraph 0.00158557 -nan 0.00158557 1
MarginalizationReplacementReplaceGraph 0.0356885 -nan 0.0356885 1
MarginalizeMainGraph 0.000763123 3.67932e-07 0.00687193 1920
PGBA 0.0387447 -nan 0.0387447 1
PGBAFull 0.0235788 0.0010509 0.0465015 2
PrepareGraphForMainOptimization 0.0240175 0.000269077 0.0356165 2
VisualMarginalization 2.71556e-05 1.41712e-09 0.000825502 1920
activatePointsMT 0.00446561 4.43116e-06 0.0211884 1926
addActiveFrame 0.0554817 0.00506134 0.385529 6957
addIMUData 0.00104831 1.20432e-06 0.0296573 6646
addIMUDataToBA 0.000110616 1.15866e-08 0.00236866 6956
addKeyframeToBA 5.19428e-05 1.23142e-09 0.00100675 1926
afterCoarseTracking 3.03414e-07 2.36165e-12 9.3705e-05 6813
baIteration 0.0243087 3.95836e-05 0.0833329 9904
baMatrixInversion 0.000171351 9.36145e-09 0.00259562 9904
baUpdateBuildHessians 0.000603257 3.5468e-07 0.0096359 9904
coarseTrackingIteration 0.00060779 9.08411e-07 0.0124895 48344
computeBAUpdate 0.000872636 3.74513e-07 0.00988528 9904
computeCoarseUpdate 0.000333894 5.6174e-07 0.0111406 46997
computeFactorForCoarseGraphAndMarginalCovariances 0.00232364 7.64301e-07 0.0113762 1895
convertHAndBFromDSO 0.000102885 3.1721e-09 0.00224407 17565
debugPlot 1.13884e-07 6.02628e-15 9.82e-07 1926
debugPlotIDepthMap 3.87691e-07 2.10353e-13 1.8807e-05 1926
debugPlotIDepthMapFloat 3.10872e-08 6.17139e-17 2.61e-07 1926
deliverTrackedFrame 0.0477394 0.00508693 0.381202 6814
flagFramesForMarginalization 1.95794e-06 4.27556e-12 8.1979e-05 1926
fullCoarseTracking 0.00705661 2.9668e-05 0.140034 6813
initObjectsAndMakeImage 0.00108948 1.47788e-07 0.00725795 6957
makeKeyframe 0.158613 0.000826806 0.381194 1926
makeKeyframeChangeTrackingRef 0.00185804 7.73811e-08 0.00387415 1926
makeNewTraces 0.00343952 1.75635e-07 0.00647305 1926
makeNonKeyframe 0.00395166 1.81694e-06 0.00967011 4888
marginalizeAndRemovePoints 0.00356732 8.70945e-07 0.00944213 1926
marginalizeFrame 0.00361636 1.51246e-06 0.0120826 1920
marginalizeFrameOverhead 0.00175018 1.5872e-07 0.00418473 1920
marginalizeFrames 0.00361962 1.66903e-06 0.0121 1926
newFrameAndNewResidualsForOldPoints 0.000980306 4.84662e-08 0.00294139 1926
printBiases 7.36197e-06 1.53438e-10 0.000191642 1926
printEigenValLine 1.4846e-07 1.28107e-15 5.01e-07 1926
printLogLine 0.000137637 6.20367e-08 0.00377346 1926
publishInMakeKeyframe 1.53387e-07 8.19499e-15 1.536e-06 1926
removeOutliers 0.000170439 6.94509e-09 0.00155782 1926
swapTrackingRef 0.000173426 1.11665e-07 0.00396427 1925
timeMeasurement 1.36134e-06 9.04133e-12 0.000162748 6957
traceNewCoarse 0.00358314 1.70948e-06 0.00965133 6814
updateBAValues 1.11145e-05 4.02197e-11 0.000277898 18048
zero 1.46986e-07 3.75097e-12 0.000161275 6957
