EF-marginalizeFrame 0.000104861 2.88295e-09 0.00084333 1597
FullSystem::trackNewCoarseNoIMU 0.00196564 1.04168e-05 0.0876471 5679
FullSystemOptimize 0.14808 0.000277621 0.350631 1603
IMUInitAddPose 1.7603e-05 -nan 1.7603e-05 1
InitializerFirstFrame 0.0305186 -nan 0.0305186 1
InitializerOtherFrames 0.0796163 0.0007039 0.110599 12
VisualMarginalization 3.37147e-05 6.18065e-10 0.000798469 1597
activatePointsMT 0.00429318 4.6792e-06 0.03113 1603
addActiveFrame 0.0520422 0.0054593 0.461826 5692
afterCoarseTracking 2.61911e-07 3.52024e-13 4.3811e-05 5679
baIteration 0.0230655 3.81454e-05 0.0971837 9636
coarseTrackingIteration 0.000145276 3.78902e-08 0.00416666 43198
debugPlot 1.0144e-07 3.50619e-15 7.02e-07 1603
debugPlotIDepthMap 4.88335e-07 4.38538e-14 2.865e-06 1603
debugPlotIDepthMapFloat 4.30337e-08 1.07001e-15 4.81e-07 1603
deliverTrackedFrame 0.048951 0.00544487 0.37631 5680
flagFramesForMarginalization 1.96512e-06 1.15202e-11 9.9976e-05 1603
fullCoarseTracking 0.00197231 1.04225e-05 0.0876517 5679
initObjectsAndMakeImage 0.00104703 4.48349e-08 0.00330651 5692
makeKeyframe 0.165694 0.000288618 0.376304 1603
makeKeyframeChangeTrackingRef 0.00170854 6.18344e-08 0.00411987 1603
makeNewTraces 0.00336643 1.54863e-07 0.00671841 1603
makeNonKeyframe 0.00303172 4.01166e-06 0.00872427 4077
marginalizeAndRemovePoints 0.00276158 8.39409e-07 0.00713674 1603
marginalizeFrame 0.00142075 1.31901e-07 0.0039545 1597
marginalizeFrameOverhead 0.00131286 1.15751e-07 0.00375879 1597
marginalizeFrames 0.00141652 1.39093e-07 0.00395661 1603
newFrameAndNewResidualsForOldPoints 0.000863086 3.89499e-08 0.00311443 1603
printEigenValLine 1.92888e-07 5.4727e-15 1.052e-06 1603
printLogLine 0.00015057 6.30744e-08 0.00263094 1603
publishInMakeKeyframe 1.62157e-07 6.97844e-15 9.02e-07 1603
removeOutliers 0.000121633 2.46233e-09 0.000877842 1603
swapTrackingRef 5.86109e-07 5.79881e-12 9.5969e-05 1603
timeMeasurement 2.11238e-06 6.9813e-11 0.000557421 5692
traceNewCoarse 0.00295507 3.01878e-06 0.00871266 5680
zero 2.30361e-07 1.28636e-12 8.5035e-05 5692
