1586247649.035048 15.533746 0.273760
1586247649.266049 15.538239 0.230953
1586247649.464049 15.543466 0.204549
1586247649.629050 15.548533 0.185229
1586247649.761050 15.557241 0.172626
1586247649.959050 15.556734 0.156794
1586247650.157051 15.565773 0.142349
1586247650.355052 15.552059 0.132981
1586247650.553052 15.563616 0.122606
1586247650.751053 15.575038 0.113712
1586247650.916053 15.578209 0.108402
1586247651.081053 15.590555 0.102326
1586247651.213053 15.585549 0.099773
1586247651.345054 15.596027 0.096907
1586247651.477054 15.592365 0.093431
1586247651.609055 15.594960 0.090087
1586247651.774055 15.597976 0.086444
1586247651.939055 15.611035 0.083415
1586247652.104056 15.606639 0.080010
1586247652.269056 15.608933 0.077135
1586247652.401056 15.613265 0.074740
1586247652.533057 15.608196 0.072562
1586247652.665057 15.596702 0.070632
1586247652.797057 15.606543 0.069131
1586247652.929058 15.612382 0.067674
1586247653.061058 15.612753 0.066103
1586247653.193058 15.616181 0.064650
1586247653.325058 15.607814 0.063525
1586247653.457059 15.607951 0.062182
1586247653.589059 15.624604 0.061270
1586247653.721059 15.638299 0.060251
1586247653.886060 15.637544 0.059222
1586247654.051060 15.637167 0.057765
1586247654.216061 15.633034 0.056202
1586247654.348061 15.629955 0.055657
1586247654.480061 15.636279 0.054831
1586247654.645062 15.628109 0.053718
1586247654.777062 15.634332 0.052662
1586247654.909062 15.639304 0.052197
1586247655.041063 15.639963 0.051508
1586247655.173063 15.634807 0.050876
1586247655.305063 15.634121 0.050137
1586247655.437063 15.635433 0.049508
1586247655.569064 15.640157 0.048901
1586247655.701064 15.635532 0.048364
1586247655.800064 15.625343 0.047935
1586247655.932065 15.606447 0.047247
1586247656.064065 15.605318 0.046819
1586247656.196065 15.612085 0.046313
1586247656.295066 15.624666 0.046008
1586247656.394066 15.629675 0.045823
1586247656.493066 15.627082 0.045383
1586247656.625066 15.622572 0.044808
1586247656.757066 15.611051 0.044206
1586247656.889067 15.619312 0.043770
1586247657.021067 15.613806 0.043295
1586247657.153068 15.611416 0.042979
1586247657.285068 15.612340 0.042607
1586247657.417068 15.606138 0.042128
1586247657.549068 15.613675 0.041725
1586247657.681069 15.631538 0.041553
1586247657.813069 15.628041 0.041191
1586247657.945069 15.613856 0.040817
1586247658.077070 15.625821 0.040483
1586247658.176070 15.614828 0.040254
1586247658.308070 15.595976 0.039774
1586247658.440070 15.587078 0.039407
1586247658.572071 15.592576 0.039106
1586247658.704071 15.578225 0.038725
1586247658.836071 15.579144 0.038451
1586247658.935072 15.577662 0.038255
1586247659.067072 15.585701 0.038017
1586247659.166072 15.578108 0.037848
1586247659.265072 15.573347 0.037729
1586247659.364073 15.567357 0.037515
1586247659.463073 15.569491 0.037349
1586247659.562073 15.568505 0.037158
1586247659.661073 15.564029 0.036975
1586247659.760074 15.559179 0.036826
1586247659.859074 15.554601 0.036604
1586247659.991074 15.554138 0.036402
1586247660.090075 15.555656 0.036225
1586247660.222075 15.549242 0.035997
1586247660.321075 15.565084 0.035880
1586247660.453075 15.567032 0.035685
1586247660.585076 15.566294 0.035497
1586247660.717076 15.563212 0.035303
1586247660.816076 15.558067 0.035142
1586247660.948076 15.561114 0.034955
1586247661.080077 15.538191 0.034648
1586247661.212077 15.542064 0.034425
1586247661.344078 15.544749 0.034290
1586247661.476078 15.537721 0.034093
1586247661.608078 15.543880 0.033928
1586247661.740079 15.542741 0.033657
1586247661.872079 15.538943 0.033430
1586247662.004079 15.548829 0.033268
1586247662.136079 15.540178 0.033011
1586247662.268080 15.541168 0.032781
1586247662.400080 15.548385 0.032548
1586247662.499080 15.545124 0.032402
1586247662.598080 15.542266 0.032388
1586247662.697081 15.546886 0.032253
1586247662.796081 15.549782 0.032123
1586247662.895081 15.547316 0.031921
1586247662.994081 15.557053 0.031806
1586247663.093082 15.552089 0.031752
1586247663.192082 15.545056 0.031611
1586247663.258082 15.546309 0.031490
1586247663.357082 15.545345 0.031324
1586247663.489083 15.549703 0.031134
1586247663.621083 15.551624 0.030984
1586247663.720083 15.547428 0.030846
1586247663.852083 15.548841 0.030624
1586247663.984084 15.557357 0.030479
1586247664.116084 15.556160 0.030380
1586247664.248085 15.552187 0.030195
1586247664.380085 15.549345 0.029971
1586247664.512085 15.545012 0.029754
1586247664.644085 15.549280 0.029586
1586247664.743086 15.562082 0.029493
1586247664.875086 15.562728 0.029283
1586247665.007086 15.561061 0.029187
1586247665.172086 15.562505 0.028899
1586247665.337087 15.560333 0.028510
1586247665.469087 15.564979 0.028177
1586247665.601088 15.556284 0.027860
1586247665.733088 15.549638 0.027502
1586247665.832088 15.552682 0.027219
1586247665.898088 15.550691 0.027000
1586247665.997088 15.549799 0.026675
1586247666.096089 15.557211 0.026377
1586247666.195089 15.562663 0.026100
1586247666.294089 15.566680 0.025970
1586247666.360089 15.569666 0.025832
1586247666.459090 15.566680 0.025595
1586247666.558090 15.566355 0.025373
1586247666.657090 15.562729 0.025123
1586247666.789091 15.555997 0.024834
1586247666.954091 15.568607 0.024553
1586247667.086091 15.571854 0.024274
1586247667.218091 15.575104 0.024073
1586247667.383092 15.587964 0.023916
1586247667.548092 15.580663 0.023794
1586247667.713093 15.578262 0.023678
1586247667.878093 15.583567 0.023602
1586247668.043093 15.577064 0.023501
1586247668.208094 15.585079 0.023447
1586247668.373094 15.583517 0.023501
1586247668.505094 15.587141 0.023457
1586247668.637095 15.585999 0.023427
1586247668.769095 15.585000 0.023346
1586247668.901095 15.588345 0.023309
1586247669.000096 15.593368 0.023290
1586247669.099096 15.589590 0.023263
1586247669.198096 15.593546 0.023292
1586247669.297096 15.598621 0.023283
1586247669.396096 15.594799 0.023295
1586247669.495097 15.593394 0.023279
1586247669.594097 15.595511 0.023253
1586247669.693097 15.593985 0.023217
1586247669.792098 15.590662 0.023218
1586247669.891098 15.594144 0.023201
1586247669.990098 15.594732 0.023201
1586247670.089098 15.596031 0.023180
1586247670.188099 15.593446 0.023178
1586247670.287099 15.590036 0.023143
1586247670.353099 15.595422 0.023104
1586247670.419099 15.593393 0.023082
1586247670.485099 15.591913 0.023082
1586247670.584099 15.590176 0.023048
1586247670.683100 15.589407 0.023036
1586247670.782100 15.589186 0.023018
1586247670.881100 15.591051 0.022996
1586247670.980100 15.592012 0.022968
1586247671.079101 15.591570 0.022925
1586247671.145101 15.590764 0.022906
1586247671.211101 15.589160 0.022877
1586247671.277101 15.588455 0.022858
1586247671.343101 15.588993 0.022850
1586247671.409101 15.589200 0.022831
1586247671.475101 15.589316 0.022820
1586247671.541101 15.592034 0.022793
1586247671.607102 15.592067 0.022776
1586247671.673102 15.592840 0.022756
1586247671.739102 15.591679 0.022725
1586247671.805102 15.590704 0.022698
1586247671.871103 15.588975 0.022675
1586247671.937103 15.586742 0.022649
1586247672.003103 15.588327 0.022584
1586247672.069103 15.593495 0.022598
1586247672.135103 15.594398 0.022599
1586247672.201103 15.595321 0.022593
1586247672.267103 15.598587 0.022568
1586247672.333104 15.602166 0.022547
1586247672.432104 15.603202 0.022543
1586247672.531104 15.601170 0.022518
1586247672.630104 15.599868 0.022477
1586247672.696105 15.598486 0.022460
1586247672.762105 15.597173 0.022461
1586247672.828105 15.595214 0.022442
1586247672.894105 15.593539 0.022449
1586247672.960105 15.594519 0.022431
1586247673.026105 15.593887 0.022418
1586247673.092105 15.595610 0.022424
1586247673.158106 15.597326 0.022379
1586247673.224106 15.595109 0.022338
1586247673.290106 15.591239 0.022370
1586247673.356106 15.594693 0.022374
1586247673.422106 15.593343 0.022399
1586247673.521106 15.590348 0.022397
1586247673.620106 15.590487 0.022390
1586247673.686107 15.586056 0.022383
1586247673.752107 15.586105 0.022371
1586247673.818107 15.586492 0.022376
1586247673.884107 15.585563 0.022339
1586247673.950107 15.582075 0.022318
1586247674.016108 15.578715 0.022324
1586247674.115108 15.578485 0.022294
1586247674.181108 15.575001 0.022313
1586247674.280108 15.573661 0.022308
1586247674.346108 15.574136 0.022294
1586247674.412109 15.571845 0.022266
1586247674.478109 15.570527 0.022287
1586247674.544109 15.570730 0.022252
1586247674.610109 15.568450 0.022258
1586247674.676109 15.567449 0.022210
1586247674.742109 15.563551 0.022165
1586247674.808109 15.560739 0.022125
1586247674.907110 15.556515 0.022063
1586247675.006110 15.550872 0.022008
1586247675.105110 15.548347 0.021945
1586247675.204110 15.544178 0.021801
1586247675.303111 15.536685 0.021778
1586247675.402111 15.536819 0.021670
1586247675.501111 15.535822 0.021545
1586247675.600111 15.526564 0.021527
1586247675.666111 15.525109 0.021424
1586247675.765111 15.524822 0.021435
1586247675.864112 15.519628 0.021368
1586247675.930112 15.519124 0.021247
1586247675.996112 15.513680 0.021115
1586247676.062112 15.508955 0.021082
1586247676.128113 15.509578 0.021005
1586247676.194113 15.509170 0.021033
1586247676.293113 15.506597 0.020947
1586247676.392113 15.501075 0.020839
1586247676.491113 15.494604 0.020751
1586247676.590114 15.497551 0.020653
1586247676.656114 15.499332 0.020586
1586247676.755114 15.494359 0.020519
1586247676.854114 15.498133 0.020400
1586247676.953114 15.494443 0.020360
1586247677.052115 15.502833 0.020253
1586247677.118115 15.504971 0.020240
1586247677.217115 15.504411 0.020126
1586247677.316115 15.501954 0.020026
1586247677.415116 15.497239 0.019947
1586247677.514116 15.508963 0.019799
1586247677.613116 15.515842 0.019761
1586247677.712116 15.517817 0.019679
1586247677.811116 15.522826 0.019593
1586247677.910117 15.527019 0.019484
1586247678.009117 15.534350 0.019329
1586247678.075117 15.534473 0.019180
1586247678.174117 15.540647 0.019032
1586247678.273118 15.545864 0.018851
1586247678.372118 15.557805 0.018659
1586247678.471118 15.566797 0.018501
1586247678.570118 15.577100 0.018326
1586247678.669118 15.590121 0.018145
1586247678.768119 15.601515 0.017965
1586247678.900119 15.603238 0.017753
1586247679.032119 15.610557 0.017528
1586247679.164119 15.621151 0.017274
1586247679.296120 15.626580 0.017004
1586247679.428120 15.636608 0.016729
1586247679.527120 15.640282 0.016531
1586247679.659121 15.645277 0.016283
1586247679.791121 15.649360 0.016078
1586247679.923121 15.664796 0.015850
1586247680.055122 15.667635 0.015611
1586247680.220122 15.682420 0.015302
1586247680.352122 15.693694 0.015065
1586247680.517123 15.705988 0.014788
1586247680.682123 15.714941 0.014505
1586247680.814124 15.724353 0.014284
1586247680.946124 15.729054 0.014082
1586247681.078124 15.735978 0.013877
1586247681.243124 15.742392 0.013644
1586247681.408125 15.754092 0.013433
1586247681.573125 15.762195 0.013236
1586247681.804126 15.767230 0.013000
1586247682.068126 15.777148 0.012766
1586247682.431127 15.786753 0.012503
1586247683.124129 15.804201 0.012155
1586247684.543132 15.820215 0.011932
1586247685.236134 15.820764 0.011925
1586247685.599135 15.820370 0.011914
1586247685.896135 15.819096 0.011897
1586247686.127136 15.818110 0.011879
1586247686.325137 15.816070 0.011864
1586247686.490137 15.815947 0.011848
1586247686.688138 15.814668 0.011829
1586247686.919138 15.813971 0.011801
1586247687.150139 15.811889 0.011778
1586247687.414139 15.810636 0.011745
1586247687.711140 15.808545 0.011708
1586247687.975141 15.807083 0.011679
1586247688.239141 15.803915 0.011646
1586247688.536142 15.801563 0.011620
1586247688.833143 15.799124 0.011593
1586247689.064143 15.798006 0.011574
1586247689.295144 15.797189 0.011558
1586247689.493144 15.796618 0.011530
1586247689.691144 15.795755 0.011521
1586247689.856145 15.794209 0.011516
1586247690.021145 15.793906 0.011507
1586247690.186146 15.792990 0.011488
1586247690.351146 15.791477 0.011482
1586247690.483146 15.791657 0.011471
1586247690.615147 15.791438 0.011473
1586247690.780147 15.790366 0.011459
1586247690.945148 15.789859 0.011454
1586247691.077148 15.790213 0.011438
1586247691.209148 15.788541 0.011405
1586247691.341148 15.787117 0.011415
1586247691.473149 15.785383 0.011406
1586247691.605149 15.783866 0.011377
1586247691.737149 15.782684 0.011310
1586247691.869150 15.781026 0.011295
1586247692.001150 15.780585 0.011293
1586247692.133151 15.779331 0.011254
1586247692.265151 15.780414 0.011252
1586247692.397151 15.778786 0.011194
1586247692.529151 15.776313 0.011179
1586247692.661151 15.776649 0.011149
1586247692.793152 15.775353 0.011103
1586247692.925152 15.774364 0.011114
1586247693.057153 15.774111 0.011069
1586247693.189153 15.775359 0.010978
1586247693.354153 15.775676 0.011019
1586247693.486153 15.773412 0.010944
1586247693.651154 15.768994 0.010912
1586247693.816154 15.765547 0.010841
1586247693.981155 15.764110 0.010824
1586247694.146155 15.762785 0.010778
1586247694.311156 15.762296 0.010749
1586247694.476156 15.761241 0.010702
1586247694.641156 15.761448 0.010679
1586247694.773157 15.760559 0.010649
1586247694.905157 15.758265 0.010619
1586247695.037157 15.758026 0.010599
1586247695.169158 15.758147 0.010568
1586247695.301158 15.757213 0.010555
1586247695.433158 15.757365 0.010529
1586247695.565158 15.756422 0.010500
1586247695.697159 15.756053 0.010478
1586247695.829159 15.755265 0.010470
1586247695.961159 15.754859 0.010448
1586247696.093160 15.753969 0.010431
1586247696.192160 15.753590 0.010424
1586247696.324160 15.753105 0.010391
1586247696.456161 15.752648 0.010391
1586247696.588161 15.752182 0.010372
1586247696.753161 15.751990 0.010361
1586247696.885161 15.751998 0.010355
1586247697.017162 15.751820 0.010343
1586247697.149162 15.751585 0.010328
1586247697.281163 15.751253 0.010285
1586247697.446163 15.751167 0.010307
1586247697.611163 15.751342 0.010295
1586247697.743164 15.750690 0.010294
1586247697.908164 15.750014 0.010270
1586247698.040164 15.749921 0.010276
1586247698.172165 15.749835 0.010269
1586247698.304165 15.749734 0.010263
1586247698.436165 15.749121 0.010259
1586247698.568166 15.748744 0.010253
1586247698.733166 15.749250 0.010251
1586247698.865166 15.749321 0.010242
1586247698.997167 15.749329 0.010239
1586247699.129167 15.749506 0.010239
1586247699.261167 15.748938 0.010222
1586247699.360168 15.748344 0.010225
1586247699.459168 15.747947 0.010224
1586247699.558168 15.747651 0.010227
1586247699.657168 15.747440 0.010219
1586247699.756168 15.746828 0.010217
1586247699.855169 15.746026 0.010220
1586247699.954169 15.746354 0.010206
1586247700.053169 15.746084 0.010209
1586247700.152169 15.746265 0.010204
1586247700.251169 15.745856 0.010211
1586247700.317170 15.744742 0.010157
1586247700.416170 15.744372 0.010173
1586247700.482170 15.744766 0.010191
1586247700.581170 15.744562 0.010198
1586247700.680171 15.743702 0.010198
1586247700.779171 15.743178 0.010198
1586247700.878171 15.743681 0.010198
1586247700.977171 15.743373 0.010198
1586247701.076172 15.742946 0.010196
1586247701.175172 15.743410 0.010191
1586247701.274172 15.742357 0.010193
1586247701.373172 15.742087 0.010191
1586247701.472172 15.741819 0.010172
1586247701.571173 15.741319 0.010175
1586247701.670173 15.741177 0.010188
1586247701.769173 15.740835 0.010185
1586247701.868173 15.740804 0.010137
1586247701.967174 15.740149 0.010161
1586247702.066174 15.738993 0.010183
1586247702.165174 15.738549 0.010182
1586247702.264174 15.738909 0.010172
1586247702.363175 15.738949 0.010177
1586247702.462175 15.738054 0.010183
1586247702.594175 15.737416 0.010182
1586247702.693175 15.737019 0.010173
1586247702.792176 15.736618 0.010177
1586247702.891176 15.736275 0.010152
1586247702.990176 15.736242 0.010177
1586247703.089176 15.735683 0.010176
1586247703.188177 15.734600 0.010162
1586247703.287177 15.734301 0.010172
1586247703.386177 15.734310 0.010161
1586247703.485177 15.734586 0.010174
1586247703.584177 15.734669 0.010155
1586247703.650177 15.734577 0.010128
1586247703.716178 15.734287 0.010168
1586247703.815178 15.734364 0.010167
1586247703.914178 15.734479 0.010161
1586247704.013178 15.735142 0.010174
1586247704.112179 15.734270 0.010169
1586247704.178179 15.733776 0.010172
1586247704.244179 15.734246 0.010169
1586247704.310179 15.734122 0.010168
1586247704.409179 15.734265 0.010170
1586247704.508180 15.733494 0.010161
1586247704.607180 15.733494 0.010149
1586247704.739180 15.733624 0.010171
1586247704.838180 15.732969 0.010171
1586247704.970181 15.732704 0.010171
1586247705.069181 15.731715 0.010156
1586247705.168181 15.730749 0.010161
1586247705.267181 15.732333 0.010166
1586247705.366182 15.733179 0.010165
1586247705.465182 15.733112 0.010151
1586247705.564182 15.731927 0.010168
1586247705.663182 15.731413 0.010167
1586247705.762183 15.732763 0.010168
1586247705.861183 15.732403 0.010166
1586247705.927183 15.732617 0.010167
1586247706.026183 15.732589 0.010137
1586247706.125184 15.733036 0.010154
1586247706.224184 15.733047 0.010168
1586247706.323184 15.732627 0.010162
1586247706.422184 15.733152 0.010166
1586247706.521184 15.733313 0.010166
1586247706.620185 15.733017 0.010161
1586247706.719185 15.732409 0.010128
1586247706.818185 15.731165 0.010161
1586247706.917185 15.731784 0.010163
1586247707.016186 15.730660 0.010152
1586247707.115186 15.730129 0.010167
1586247707.214186 15.730551 0.010158
1586247707.313186 15.730091 0.010148
1586247707.412186 15.730739 0.010160
1586247707.511187 15.729401 0.010163
1586247707.610187 15.730350 0.010164
1586247707.709187 15.730619 0.010161
1586247707.808187 15.730893 0.010157
1586247707.907187 15.731659 0.010162
1586247708.006188 15.731481 0.010160
1586247708.105188 15.731753 0.010152
1586247708.204188 15.732077 0.010145
1586247708.303189 15.733054 0.010162
1586247708.402189 15.733245 0.010157
1586247708.468189 15.731652 0.010143
1586247708.567189 15.731770 0.010142
1586247708.666189 15.732081 0.010146
1586247708.765190 15.731301 0.010129
1586247708.864190 15.730082 0.010068
1586247708.930190 15.730538 0.010141
1586247708.996190 15.730459 0.010156
1586247709.095190 15.730172 0.010153
1586247709.194191 15.730754 0.010041
1586247709.260191 15.728998 0.010120
1586247709.326191 15.728382 0.010157
1586247709.392191 15.728248 0.010143
1586247709.458191 15.728919 0.010160
1586247709.524191 15.728113 0.010068
1586247709.590192 15.728971 0.010095
1586247709.656192 15.729205 0.010152
1586247709.722192 15.729421 0.010147
1586247709.788192 15.729799 0.010142
1586247709.854192 15.729879 0.010162
1586247709.953192 15.730501 0.010127
1586247710.052192 15.730009 0.010146
1586247710.151193 15.730333 0.010143
1586247710.250193 15.728896 0.010159
1586247710.349193 15.729154 0.010159
1586247710.448194 15.728866 0.010161
1586247710.547194 15.728400 0.010156
1586247710.646194 15.727772 0.010122
1586247710.745194 15.728032 0.010144
1586247710.844195 15.728575 0.010129
1586247710.976195 15.727706 0.010153
1586247711.108195 15.726850 0.010157
1586247711.240195 15.727327 0.010131
1586247711.372196 15.726454 0.010161
1586247711.504196 15.726134 0.010143
1586247711.636196 15.725768 0.010109
1586247711.735197 15.725423 0.010129
1586247711.834197 15.725039 0.010124
1586247711.933197 15.725832 0.010099
1586247712.032197 15.726209 0.010124
1586247712.098197 15.725966 0.010136
1586247712.164198 15.726349 0.010155
1586247712.263198 15.726548 0.010161
1586247712.362198 15.726903 0.010144
1586247712.461198 15.725893 0.010121
1586247712.527199 15.724793 0.010125
1586247712.626199 15.725268 0.010103
1586247712.692199 15.724577 0.010150
1586247712.758199 15.723856 0.010126
1586247712.824199 15.723112 0.010159
1586247712.923199 15.723115 0.010155
1586247713.022200 15.722538 0.010159
1586247713.121200 15.722507 0.010149
1586247713.220200 15.722401 0.010142
1586247713.319200 15.721698 0.010134
1586247713.418200 15.720562 0.010136
1586247713.517201 15.721687 0.010079
1586247713.649201 15.722263 0.010127
1586247713.781201 15.722716 0.010156
1586247713.880202 15.722273 0.010155
1586247714.012202 15.721254 0.010150
1586247714.111202 15.721042 0.010149
1586247714.210202 15.721173 0.010136
1586247714.309203 15.721566 0.010158
1586247714.375203 15.721119 0.010156
1586247714.441203 15.720775 0.010138
1586247714.507203 15.721405 0.010132
1586247714.573203 15.721439 0.010159
1586247714.639204 15.721068 0.010148
1586247714.705204 15.721225 0.010161
1586247714.771204 15.720708 0.010074
1586247714.837204 15.720459 0.010148
1586247714.903204 15.720738 0.010122
1586247714.969204 15.721351 0.010148
1586247715.035204 15.721112 0.010153
1586247715.134205 15.721501 0.010140
1586247715.233205 15.720945 0.010129
1586247715.299205 15.720962 0.010151
1586247715.398206 15.720987 0.010121
1586247715.497206 15.720242 0.010141
1586247715.596206 15.720411 0.010147
1586247715.695206 15.719902 0.010159
1586247715.827206 15.719245 0.010158
1586247715.959207 15.719763 0.010158
1586247716.091207 15.721178 0.010143
1586247716.190207 15.719842 0.010139
1586247716.289207 15.720258 0.010154
1586247716.388208 15.720893 0.010157
1586247716.454208 15.720135 0.010136
1586247716.553208 15.720576 0.010153
1586247716.652208 15.721388 0.010152
1586247716.718209 15.721868 0.010115
1586247716.784209 15.720904 0.010159
1586247716.850209 15.720796 0.010144
1586247716.916209 15.720666 0.010154
1586247716.982209 15.720357 0.010155
1586247717.048209 15.719562 0.010157
1586247717.114210 15.719890 0.010118
1586247717.180210 15.719717 0.010146
1586247717.279210 15.719493 0.010157
1586247717.378210 15.719166 0.010129
1586247717.477210 15.719420 0.010146
1586247717.576210 15.719665 0.010158
1586247717.675211 15.719948 0.010152
1586247717.774211 15.719947 0.010073
1586247717.873211 15.720158 0.009941
1586247717.939212 15.720204 0.009971
1586247718.071212 15.719617 0.010135
1586247718.203212 15.720288 0.010143
1586247718.335212 15.719229 0.010153
1586247718.467213 15.718740 0.010119
1586247718.599213 15.719146 0.010088
1586247718.698213 15.720069 0.010148
1586247718.797214 15.718408 0.010152
1586247718.896214 15.718494 0.010135
1586247718.995214 15.718171 0.010145
1586247719.061214 15.718412 0.010138
1586247719.127214 15.718702 0.010144
1586247719.226214 15.719893 0.010154
1586247719.325215 15.720752 0.010150
1586247719.424215 15.721959 0.010131
1586247719.523215 15.722954 0.010132
1586247719.589216 15.722531 0.010127
1586247719.655216 15.722555 0.010112
1586247719.754216 15.724765 0.010142
1586247719.853216 15.726638 0.010127
1586247719.919216 15.728866 0.010092
1586247719.985216 15.730771 0.010068
1586247720.051216 15.732837 0.010041
1586247720.117217 15.732833 0.009899
1586247720.183217 15.736377 0.010110
1586247720.249217 15.738023 0.010145
1586247720.315217 15.741531 0.009972
1586247720.381217 15.742251 0.010143
1586247720.447217 15.741505 0.010111
1586247720.513217 15.744091 0.010118
1586247720.579218 15.746172 0.010137
1586247720.645218 15.749453 0.010126
1586247720.711218 15.752547 0.010110
1586247720.777218 15.753908 0.010136
1586247720.843218 15.755729 0.010127
1586247720.909219 15.758745 0.010129
1586247720.975219 15.760878 0.010127
1586247721.041219 15.765207 0.010122
1586247721.107219 15.769339 0.010089
1586247721.173219 15.770989 0.010130
1586247721.239219 15.774227 0.010070
1586247721.305219 15.779936 0.010014
1586247721.371219 15.781864 0.010063
1586247721.437220 15.783928 0.010119
1586247721.503220 15.787449 0.010085
1586247721.602220 15.791293 0.010073
1586247721.701220 15.793212 0.010064
1586247721.800221 15.795125 0.010115
1586247721.899221 15.798412 0.010097
1586247721.998221 15.801205 0.010120
1586247722.064221 15.802263 0.010133
1586247722.130221 15.804329 0.010059
1586247722.229222 15.805675 0.010134
1586247722.328222 15.808331 0.010072
1586247722.394222 15.809303 0.010131
1586247722.460222 15.811029 0.010120
1586247722.526222 15.811318 0.010131
1586247722.625223 15.811709 0.010127
1586247722.724223 15.813191 0.010091
1586247722.823223 15.812394 0.010115
1586247722.922223 15.813529 0.010102
1586247723.021223 15.814349 0.010038
1586247723.120224 15.814417 0.010076
1586247723.219224 15.813350 0.010116
1586247723.318224 15.813669 0.010055
1586247723.450224 15.811696 0.010119
1586247723.582225 15.811715 0.010114
1586247723.714225 15.811733 0.010107
1586247723.846226 15.810765 0.010118
1586247723.978226 15.810899 0.010097
1586247724.110226 15.810496 0.010099
1586247724.242226 15.810563 0.010084
1586247724.374227 15.809812 0.010113
1586247724.473227 15.809668 0.010108
1586247724.572227 15.809694 0.010101
1586247724.671227 15.809594 0.010111
1586247724.770228 15.808599 0.010100
1586247724.902228 15.808568 0.010097
1586247725.034228 15.807455 0.010105
1586247725.166229 15.806408 0.010105
1586247725.298229 15.806142 0.010056
1586247725.430229 15.805110 0.010087
1586247725.529229 15.804490 0.010095
1586247725.628230 15.803895 0.010077
1586247725.727230 15.803219 0.010079
1586247725.826230 15.802319 0.010041
1586247725.925230 15.801334 0.010097
1586247726.024231 15.800345 0.010096
1586247726.123231 15.799957 0.010093
1586247726.222231 15.799582 0.010070
1586247726.321231 15.798896 0.010085
1586247726.420231 15.798538 0.010077
1586247726.519232 15.797126 0.010096
1586247726.618232 15.796158 0.010087
1586247726.717232 15.795750 0.010094
1586247726.816232 15.795106 0.010082
1586247726.915233 15.794426 0.010077
1586247727.014233 15.793791 0.010094
1586247727.113233 15.793369 0.010094
1586247727.212234 15.792612 0.010076
1586247727.311234 15.791755 0.010081
1586247727.410233 15.791402 0.010088
1586247727.509234 15.790586 0.010087
1586247727.608234 15.790355 0.010083
1586247727.707234 15.789487 0.010084
1586247727.806235 15.789237 0.010084
1586247727.905235 15.788714 0.010053
1586247728.004235 15.788003 0.010082
1586247728.103235 15.787506 0.010067
1586247728.202236 15.787705 0.010071
1586247728.301236 15.787787 0.010085
1586247728.400236 15.787630 0.010077
1586247728.532236 15.786683 0.010075
1586247728.631237 15.787884 0.010052
1586247728.730237 15.787503 0.010081
1586247728.862237 15.787679 0.010086
1586247728.994237 15.788214 0.010076
1586247729.126238 15.788135 0.010085
1586247729.258238 15.788530 0.010059
1586247729.390239 15.788012 0.010081
1586247729.522239 15.788348 0.010074
1586247729.654239 15.791232 0.010071
1586247729.753239 15.791811 0.010041
1586247729.852239 15.792361 0.010050
1586247729.951240 15.792256 0.010073
1586247730.050240 15.794659 0.010049
1586247730.149240 15.796825 0.010054
1586247730.215240 15.797954 0.010060
1586247730.314240 15.798817 0.010016
1586247730.446241 15.802699 0.010065
1586247730.578241 15.805860 0.010047
1586247730.710242 15.804740 0.010024
1586247730.842242 15.804436 0.010072
1586247730.941242 15.805273 0.010077
1586247731.040242 15.804268 0.010066
1586247731.139242 15.804541 0.010074
1586247731.271243 15.804859 0.010063
1586247731.403243 15.806500 0.010065
1586247731.535244 15.807767 0.010066
1586247731.634243 15.808089 0.010076
1586247731.733244 15.807103 0.010056
1586247731.865244 15.807485 0.010051
1586247731.997245 15.806663 0.010070
1586247732.129245 15.805435 0.010018
1586247732.261245 15.805533 0.010063
1586247732.393245 15.804321 0.010044
1586247732.525246 15.804837 0.010048
1586247732.657246 15.806411 0.010036
1586247732.822246 15.807520 0.010062
1586247732.987247 15.806310 0.010018
1586247733.152247 15.805794 0.010042
1586247733.284248 15.804713 0.010024
1586247733.416248 15.804718 0.010037
1586247733.548248 15.804366 0.010047
1586247733.647248 15.804407 0.010068
1586247733.779249 15.805488 0.010066
1586247733.911249 15.805957 0.010040
1586247734.010249 15.805965 0.010033
1586247734.142250 15.807137 0.010056
1586247734.241250 15.808296 0.010062
1586247734.340250 15.809268 0.010001
1586247734.439250 15.808653 0.010063
1586247734.538250 15.811420 0.009960
1586247734.637251 15.811599 0.010059
1586247734.736251 15.811746 0.010052
1586247734.835251 15.813501 0.009943
1586247734.934252 15.815743 0.010032
1586247735.033252 15.817242 0.010058
1586247735.132252 15.820128 0.009985
1586247735.231252 15.822086 0.010000
1586247735.330253 15.824079 0.010054
1586247735.429253 15.826619 0.010017
1586247735.528253 15.829444 0.010018
1586247735.627253 15.831186 0.010052
1586247735.726253 15.832669 0.010029
1586247735.825254 15.835784 0.009949
1586247735.924254 15.837509 0.009998
1586247736.023254 15.839032 0.010044
1586247736.122254 15.841252 0.010043
1586247736.221255 15.843097 0.010049
1586247736.320255 15.845134 0.010006
1586247736.419255 15.847078 0.010027
1586247736.518255 15.846841 0.010054
1586247736.617255 15.848771 0.010035
1586247736.716256 15.850663 0.010012
1586247736.815256 15.851369 0.010046
1586247736.914256 15.853046 0.009954
1586247737.046256 15.853655 0.010029
1586247737.145257 15.854362 0.010050
1586247737.244257 15.855300 0.010052
1586247737.343257 15.855392 0.010024
1586247737.442258 15.856034 0.010040
1586247737.541258 15.855691 0.010048
1586247737.640258 15.855506 0.010044
1586247737.739258 15.855105 0.010051
1586247737.838259 15.855368 0.010031
1586247737.937259 15.854672 0.010038
1586247738.036259 15.854360 0.010043
1586247738.135259 15.854439 0.010027
1586247738.234259 15.854155 0.010037
1586247738.333260 15.854243 0.010044
1586247738.432260 15.853383 0.010006
1586247738.531260 15.852520 0.010042
1586247738.630260 15.851955 0.010017
1586247738.729260 15.851756 0.009985
1586247738.828261 15.851698 0.009930
1586247738.927261 15.850093 0.010022
1586247739.026261 15.849017 0.010010
1586247739.125262 15.848735 0.010003
1586247739.224262 15.848052 0.010032
1586247739.323262 15.847798 0.009987
1586247739.422262 15.846952 0.010034
1586247739.554263 15.846810 0.009901
1586247739.686263 15.846144 0.010036
1586247739.785263 15.845295 0.009991
1586247739.884264 15.845351 0.010011
1586247739.983263 15.844545 0.010031
1586247740.082264 15.844006 0.010032
1586247740.181264 15.843479 0.010029
1586247740.280264 15.842743 0.009999
1586247740.379265 15.842874 0.010013
1586247740.478265 15.842953 0.010001
1586247740.577265 15.842744 0.010012
1586247740.676265 15.842387 0.010026
1586247740.775265 15.841932 0.010027
1586247740.874266 15.841708 0.010031
1586247740.973266 15.841993 0.009993
1586247741.072266 15.842392 0.010032
1586247741.171266 15.842379 0.010011
1586247741.270267 15.842118 0.010029
1586247741.369267 15.841766 0.010010
1586247741.468267 15.841652 0.010017
1586247741.567267 15.841519 0.010030
1586247741.666268 15.841662 0.010017
1586247741.765268 15.841570 0.010021
1586247741.864268 15.841490 0.010008
1586247741.963268 15.841610 0.010021
1586247742.062268 15.841537 0.010016
1586247742.161269 15.841436 0.010022
1586247742.260269 15.841144 0.010023
1586247742.359269 15.841229 0.010026
1586247742.458269 15.841623 0.010005
1586247742.557270 15.841643 0.010005
1586247742.656270 15.841017 0.010019
1586247742.755270 15.840598 0.009984
1586247742.854270 15.840165 0.010003
1586247742.953270 15.840053 0.010012
1586247743.085271 15.839913 0.010020
1586247743.184271 15.839854 0.010017
1586247743.283271 15.840706 0.009964
1586247743.382272 15.841040 0.010018
1586247743.481272 15.841833 0.010010
1586247743.580272 15.842368 0.010018
1586247743.679272 15.842546 0.010020
1586247743.778273 15.843314 0.010015
1586247743.877273 15.842622 0.010014
1586247743.976273 15.842823 0.009998
1586247744.042273 15.842432 0.009989
1586247744.141273 15.842660 0.009994
1586247744.207273 15.843110 0.010014
1586247744.273274 15.843409 0.010019
1586247744.339274 15.843564 0.009996
1586247744.438274 15.843533 0.010005
1586247744.537274 15.842971 0.009998
1586247744.636274 15.842928 0.010018
1586247744.702275 15.843132 0.009987
1586247744.801275 15.843630 0.010018
1586247744.867275 15.844320 0.009967
1586247744.933275 15.844848 0.010014
1586247744.999275 15.845163 0.010017
1586247745.065275 15.845516 0.010005
1586247745.131276 15.845466 0.010013
1586247745.230276 15.846241 0.010012
1586247745.296276 15.846630 0.010018
1586247745.395276 15.846354 0.010009
1586247745.494277 15.846697 0.009976
1586247745.593277 15.847076 0.010009
1586247745.692277 15.847021 0.010007
1586247745.791277 15.847285 0.010016
1586247745.890277 15.848417 0.010009
1586247745.989278 15.848281 0.010006
1586247746.088278 15.848370 0.009821
1586247746.154278 15.848483 0.010005
1586247746.220278 15.848267 0.009969
1586247746.286278 15.848493 0.009997
1586247746.352278 15.848772 0.009988
1586247746.451279 15.848761 0.010004
1586247746.550279 15.850223 0.009935
1586247746.649279 15.850284 0.010003
1586247746.748280 15.850721 0.010016
1586247746.880280 15.851263 0.010001
1586247747.012280 15.853319 0.009973
1586247747.111280 15.854313 0.010008
1586247747.210280 15.855376 0.009938
1586247747.309281 15.856163 0.009853
1586247747.408281 15.857734 0.010000
1586247747.507281 15.859355 0.010003
1586247747.573282 15.860408 0.010012
1586247747.672282 15.861907 0.010004
1586247747.738282 15.863214 0.009973
1586247747.837282 15.864486 0.010008
1586247747.936282 15.866061 0.010013
1586247748.002282 15.867143 0.010005
1586247748.068283 15.868116 0.009956
1586247748.134283 15.869052 0.009957
1586247748.233283 15.870772 0.009987
1586247748.332283 15.870834 0.009981
1586247748.431283 15.873165 0.009956
1586247748.530284 15.876057 0.009921
1586247748.596284 15.878471 0.009877
1586247748.662284 15.879897 0.009873
1586247748.728284 15.880015 0.009962
1586247748.794284 15.880256 0.009996
1586247748.860284 15.880809 0.009979
1586247748.926285 15.881789 0.009963
1586247748.992285 15.882448 0.010005
1586247749.058285 15.884722 0.009835
1586247749.124285 15.886267 0.009973
1586247749.190285 15.887347 0.009935
1586247749.256285 15.887498 0.009925
1586247749.322286 15.888715 0.009975
1586247749.388286 15.890284 0.009985
1586247749.454286 15.892222 0.009972
1586247749.553286 15.893669 0.009910
1586247749.619286 15.892141 0.009978
1586247749.685286 15.890761 0.010008
1586247749.751287 15.889530 0.010002
1586247749.850287 15.889888 0.010007
1586247749.949287 15.890001 0.009968
1586247750.015287 15.889879 0.009998
1586247750.081287 15.889874 0.009991
1586247750.180288 15.891151 0.009997
1586247750.246288 15.891788 0.009996
1586247750.312288 15.892329 0.009997
1586247750.378288 15.892644 0.010006
1586247750.444288 15.895801 0.010005
1586247750.543288 15.898138 0.010003
1586247750.609288 15.897351 0.009961
1586247750.675289 15.895478 0.009947
1586247750.741289 15.894408 0.009979
1586247750.807289 15.893421 0.009982
1586247750.873289 15.892726 0.009978
1586247750.939289 15.891590 0.009970
1586247751.005290 15.891754 0.009959
1586247751.071290 15.891785 0.009957
1586247751.137290 15.896735 0.009865
1586247751.203290 15.897269 0.009921
1586247751.269290 15.898013 0.009920
1586247751.335290 15.898157 0.009894
1586247751.401290 15.897738 0.010000
1586247751.467291 15.897063 0.009971
1586247751.533291 15.897469 0.009996
1586247751.599291 15.896965 0.009994
1586247751.665291 15.897544 0.009981
1586247751.731291 15.896103 0.009997
1586247751.797292 15.897201 0.009993
1586247751.863292 15.897869 0.009991
1586247751.929292 15.897859 0.009997
1586247751.995292 15.897609 0.009910
1586247752.061292 15.892897 0.009957
1586247752.127292 15.890284 0.010003
1586247752.193292 15.888880 0.009997
1586247752.292293 15.889350 0.010006
1586247752.358293 15.888403 0.010001
1586247752.424293 15.887640 0.010005
1586247752.490293 15.887827 0.010006
1586247752.556293 15.887658 0.010006
1586247752.622293 15.888564 0.010006
1586247752.688294 15.889175 0.010002
1586247752.754294 15.889635 0.010004
1586247752.820294 15.888159 0.009981
1586247752.886294 15.887510 0.009995
1586247752.952294 15.886802 0.010003
1586247753.018294 15.886808 0.009996
1586247753.084294 15.886763 0.009997
1586247753.150295 15.886595 0.009992
1586247753.216295 15.887058 0.009987
1586247753.282295 15.887687 0.010004
1586247753.348295 15.888862 0.010000
1586247753.447295 15.893222 0.009986
1586247753.513296 15.893600 0.009985
1586247753.579296 15.893739 0.010006
1586247753.645296 15.892687 0.010001
1586247753.744296 15.893608 0.010001
1586247753.810296 15.886882 0.009837
1586247753.876297 15.885447 0.009979
1586247753.942297 15.886904 0.010003
1586247754.008297 15.887165 0.009952
1586247754.107297 15.887304 0.009994
1586247754.206297 15.887441 0.009990
1586247754.305297 15.887839 0.009908
1586247754.371298 15.887825 0.009987
1586247754.470298 15.888562 0.009996
1586247754.536298 15.887438 0.009993
1586247754.602298 15.887170 0.009995
1586247754.668298 15.887787 0.009992
1586247754.767298 15.889168 0.009994
1586247754.866299 15.890565 0.009980
1586247754.965299 15.890987 0.009998
1586247755.064299 15.891451 0.009981
1586247755.163299 15.891871 0.009997
1586247755.229300 15.887093 0.009917
1586247755.295300 15.884833 0.009996
1586247755.394300 15.885337 0.009949
1586247755.460300 15.880640 0.009812
1586247755.559300 15.880255 0.009993
1586247755.658301 15.880357 0.009987
1586247755.757301 15.879380 0.009992
1586247755.856301 15.879752 0.009993
1586247755.922301 15.875962 0.009750
1586247755.988301 15.875111 0.009917
1586247756.054302 15.876109 0.009988
1586247756.153302 15.877659 0.009920
1586247756.219302 15.871856 0.009829
1586247756.285302 15.871524 0.009977
1586247756.351302 15.871948 0.009968
1586247756.450302 15.873883 0.009916
1586247756.549303 15.873516 0.009996
1586247756.648303 15.873786 0.009935
1586247756.747303 15.874019 0.009982
1586247756.846303 15.875075 0.009886
1586247756.945303 15.875496 0.009784
1586247757.044304 15.875558 0.009886
1586247757.176304 15.875840 0.009876
1586247757.308305 15.871190 0.009985
1586247757.440305 15.869540 0.009982
1586247757.572305 15.869696 0.009965
1586247757.671305 15.869643 0.009980
1586247757.770306 15.869526 0.009979
1586247757.935306 15.871012 0.009935
1586247758.100307 15.863941 0.009845
1586247758.265307 15.862377 0.009766
1586247758.430307 15.860754 0.009884
1586247758.562308 15.860652 0.009884
1586247758.694308 15.860132 0.009935
1586247758.826308 15.860426 0.009937
1586247758.958309 15.859848 0.009890
1586247759.090309 15.859247 0.009791
1586247759.222309 15.852276 0.009906
1586247759.354309 15.851144 0.009957
1586247759.453310 15.849946 0.009767
1586247759.552310 15.847776 0.009824
1586247759.684310 15.846959 0.009808
1586247759.783311 15.847490 0.009870
1586247759.882311 15.848070 0.009886
1586247759.981311 15.849144 0.009965
1586247760.080311 15.845424 0.009898
1586247760.212312 15.845515 0.009960
1586247760.344312 15.846980 0.009969
1586247760.443312 15.847366 0.009984
1586247760.575312 15.847522 0.009973
1586247760.707313 15.848155 0.009977
1586247760.839313 15.849122 0.009973
1586247760.971313 15.849563 0.009768
1586247761.103314 15.849124 0.009981
1586247761.235314 15.849210 0.009981
1586247761.367314 15.850244 0.009983
1586247761.499315 15.849928 0.009787
1586247761.631315 15.849898 0.009974
1586247761.730315 15.849235 0.009645
1586247761.829315 15.849432 0.009967
1586247761.961316 15.850067 0.009961
1586247762.093316 15.850970 0.009961
1586247762.225316 15.851388 0.009938
1586247762.357316 15.851338 0.009946
1586247762.456317 15.850515 0.009574
1586247762.588317 15.850066 0.009872
1586247762.720317 15.850034 0.009817
1586247762.819318 15.848797 0.009568
1586247762.918318 15.848954 0.009980
1586247763.017318 15.847335 0.009575
1586247763.116318 15.848265 0.009918
1586247763.215318 15.848040 0.009868
1586247763.314319 15.848103 0.009949
1586247763.413319 15.847235 0.009822
1586247763.512319 15.845438 0.009856
1586247763.611320 15.845240 0.009766
1586247763.710320 15.845577 0.009686
1586247763.809320 15.846080 0.009654
1586247763.908320 15.845313 0.009835
1586247764.007321 15.844856 0.009921
1586247764.106321 15.843986 0.009856
1586247764.205321 15.843552 0.009864
1586247764.304321 15.843402 0.009819
1586247764.403321 15.842942 0.009939
1586247764.502322 15.843306 0.009938
1586247764.568322 15.843134 0.009914
1586247764.667322 15.842715 0.009841
1586247764.766322 15.843391 0.009900
1586247764.865323 15.843333 0.009878
1586247764.964323 15.843324 0.009900
1586247765.063323 15.842736 0.009967
1586247765.195323 15.842376 0.009896
1586247765.294323 15.842272 0.009941
1586247765.393324 15.841914 0.009954
1586247765.492324 15.841646 0.009945
1586247765.591324 15.841415 0.009901
1586247765.690325 15.840808 0.009969
1586247765.789325 15.841703 0.009962
1586247765.888325 15.841601 0.009968
1586247765.954325 15.842034 0.009872
1586247766.020325 15.841654 0.009895
1586247766.086325 15.841824 0.009947
1586247766.152326 15.841798 0.009967
1586247766.218326 15.841639 0.009832
1586247766.284326 15.841723 0.009957
1586247766.383326 15.841339 0.009904
1586247766.482326 15.841252 0.009887
1586247766.548326 15.841415 0.009848
1586247766.647327 15.841364 0.009950
1586247766.746327 15.841392 0.009940
1586247766.812327 15.841645 0.009954
1586247766.878327 15.841840 0.009962
1586247766.944327 15.841808 0.009900
1586247767.010328 15.841811 0.009906
1586247767.076328 15.841647 0.009934
1586247767.142328 15.841469 0.009958
1586247767.208328 15.841402 0.009974
1586247767.307328 15.841184 0.009972
1586247767.406328 15.841189 0.009944
1586247767.505329 15.841202 0.009972
1586247767.571329 15.841032 0.009972
1586247767.637329 15.840966 0.009957
1586247767.703329 15.840744 0.009948
1586247767.769329 15.840841 0.009958
1586247767.835330 15.840854 0.009968
1586247767.901330 15.840917 0.009965
1586247768.000330 15.840917 0.009937
1586247768.066330 15.840845 0.009930
1586247768.132330 15.840683 0.009891
1586247768.198330 15.840382 0.009970
1586247768.264330 15.840251 0.009972
1586247768.330331 15.840302 0.009946
1586247768.396331 15.840368 0.009930
1586247768.462331 15.840456 0.009942
1586247768.528331 15.840271 0.009967
1586247768.627331 15.840689 0.009849
1586247768.693331 15.840709 0.009970
1586247768.759332 15.840798 0.009920
1586247768.825332 15.840784 0.009970
1586247768.891332 15.840673 0.009971
1586247768.990332 15.840781 0.009969
1586247769.089333 15.840689 0.009951
1586247769.188333 15.840755 0.009954
1586247769.287333 15.841012 0.009891
1586247769.386333 15.841267 0.009955
1586247769.485333 15.841326 0.009940
1586247769.584334 15.841554 0.009973
1586247769.683334 15.841660 0.009939
1586247769.782334 15.842124 0.009849
1586247769.881334 15.841894 0.009942
1586247769.947334 15.841595 0.009935
1586247770.013335 15.841332 0.009915
1586247770.079335 15.841379 0.009956
1586247770.145335 15.841568 0.009916
1586247770.211335 15.841660 0.009955
1586247770.277335 15.841527 0.009946
1586247770.343335 15.841146 0.009959
1586247770.409336 15.841001 0.009950
1586247770.475336 15.841287 0.009968
1586247770.541336 15.841345 0.009907
1586247770.640336 15.841447 0.009938
1586247770.706336 15.841218 0.009823
1586247770.772336 15.840889 0.009964
1586247770.871337 15.840912 0.009951
1586247770.970337 15.841110 0.009941
1586247771.069337 15.841078 0.009938
1586247771.135338 15.841215 0.009845
1586247771.201338 15.841317 0.009912
1586247771.300338 15.841058 0.009902
1586247771.399338 15.840844 0.009849
1586247771.498338 15.840907 0.009965
1586247771.564338 15.841034 0.009945
1586247771.630339 15.840773 0.009956
1586247771.696339 15.840868 0.009964
1586247771.762339 15.840870 0.009927
1586247771.861339 15.840926 0.009962
1586247771.927339 15.841395 0.009956
1586247771.993339 15.841615 0.009821
1586247772.092340 15.841449 0.009969
1586247772.158340 15.841422 0.009957
1586247772.257340 15.841683 0.009870
1586247772.356340 15.841239 0.009955
1586247772.422340 15.841331 0.009851
1586247772.521341 15.841339 0.009950
1586247772.620341 15.841487 0.009932
1586247772.719341 15.841484 0.009872
1586247772.818341 15.841271 0.009947
1586247772.917342 15.841484 0.009954
1586247772.983342 15.841456 0.009970
1586247773.049342 15.841468 0.009884
1586247773.115342 15.841443 0.009959
1586247773.214342 15.841538 0.009946
1586247773.313343 15.841562 0.009965
1586247773.412343 15.841494 0.009901
1586247773.511343 15.842746 0.009818
1586247773.610343 15.842483 0.009951
1586247773.709343 15.842866 0.009930
1586247773.808344 15.844042 0.009868
1586247773.907344 15.844349 0.009941
1586247774.006344 15.844650 0.009955
1586247774.105345 15.844691 0.009936
1586247774.204345 15.844844 0.009964
1586247774.303345 15.845037 0.009905
1586247774.402345 15.845506 0.009902
1586247774.501345 15.846611 0.009839
1586247774.600346 15.846788 0.009845
1586247774.699346 15.848677 0.009669
1586247774.798346 15.850014 0.009687
1586247774.897346 15.850849 0.009764
1586247774.996347 15.852575 0.009845
1586247775.095347 15.852583 0.009916
1586247775.194347 15.853719 0.009893
1586247775.293347 15.854929 0.009788
1586247775.392347 15.856082 0.009890
1586247775.491348 15.857694 0.009794
1586247775.590348 15.858800 0.009934
1586247775.689348 15.858304 0.009915
1586247775.788348 15.858801 0.009884
1586247775.887349 15.860230 0.009851
1586247775.953349 15.859240 0.009733
1586247776.019349 15.860279 0.009809
1586247776.085349 15.860361 0.009564
1586247776.151349 15.861080 0.009926
1586247776.217349 15.861699 0.009902
1586247776.283350 15.863011 0.009891
1586247776.349350 15.863032 0.009917
1586247776.448350 15.863116 0.009964
1586247776.547350 15.862647 0.009929
1586247776.613350 15.862793 0.009958
1586247776.712350 15.862720 0.009954
1586247776.811351 15.862726 0.009941
1586247776.877351 15.862468 0.009966
1586247776.976351 15.862294 0.009954
1586247777.075351 15.862689 0.009838
1586247777.174352 15.862064 0.009959
1586247777.273352 15.862512 0.009867
1586247777.405352 15.861287 0.009952
1586247777.537353 15.861150 0.009960
1586247777.669353 15.860110 0.009861
1586247777.768353 15.858915 0.009905
1586247777.867353 15.857558 0.009929
1586247777.966353 15.856590 0.009962
1586247778.065354 15.855691 0.009876
1586247778.131354 15.854953 0.009820
1586247778.197354 15.854777 0.009904
1586247778.263354 15.854333 0.009882
1586247778.362355 15.853600 0.009859
1586247778.428355 15.853031 0.009411
1586247778.494355 15.852428 0.009436
1586247778.560355 15.852302 0.009949
1586247778.626355 15.851546 0.009862
1586247778.692355 15.849910 0.009703
1586247778.758355 15.849622 0.009909
1586247778.857356 15.849685 0.009952
1586247778.956356 15.849480 0.009743
1586247779.055356 15.849067 0.009944
1586247779.154356 15.848754 0.009902
1586247779.253356 15.848552 0.009916
1586247779.352357 15.848622 0.009888
1586247779.451357 15.848396 0.009865
1586247779.550357 15.848015 0.009919
1586247779.649358 15.848063 0.009845
1586247779.715358 15.848277 0.009905
1586247779.781358 15.848153 0.009889
1586247779.847358 15.848068 0.009894
1586247779.913358 15.848597 0.009464
1586247779.979358 15.848562 0.009867
1586247780.045359 15.848432 0.009724
1586247780.111359 15.848220 0.009869
1586247780.177359 15.848036 0.009642
1586247780.243359 15.847714 0.009726
1586247780.309359 15.847343 0.009874
1586247780.375359 15.847005 0.009343
1586247780.441359 15.846739 0.009917
1586247780.507360 15.847008 0.009844
1586247780.606360 15.847124 0.009942
1586247780.672360 15.846873 0.009867
1586247780.771360 15.847343 0.009944
1586247780.870360 15.847220 0.009918
1586247780.969361 15.847085 0.009876
1586247781.068361 15.847096 0.009920
1586247781.167361 15.846593 0.009945
1586247781.266361 15.846795 0.009809
1586247781.365362 15.848253 0.009931
1586247781.464362 15.849441 0.009700
1586247781.530362 15.849296 0.009810
1586247781.596362 15.848401 0.009781
1586247781.662362 15.847191 0.009367
1586247781.728363 15.846839 0.008326
1586247781.794363 15.846605 0.009235
1586247781.860363 15.847145 0.009903
1586247781.959363 15.848041 0.009779
1586247782.025363 15.848377 0.009807
1586247782.091363 15.848382 0.009694
1586247782.157363 15.848416 0.009404
1586247782.223364 15.849956 0.009694
1586247782.289364 15.850157 0.009936
1586247782.388364 15.849939 0.009905
1586247782.487364 15.850193 0.009927
1586247782.553365 15.849762 0.009891
1586247782.652364 15.849520 0.009939
1586247782.751365 15.849364 0.009890
1586247782.850365 15.849541 0.009815
1586247782.949365 15.849573 0.009899
1586247783.048366 15.849073 0.009723
1586247783.147366 15.848939 0.009857
1586247783.246366 15.849599 0.009609
1586247783.345366 15.849635 0.009891
1586247783.444367 15.849073 0.009937
1586247783.543367 15.849991 0.009583
1586247783.642367 15.849348 0.009862
1586247783.741367 15.849347 0.009803
1586247783.873368 15.849187 0.009840
1586247784.005368 15.848758 0.009933
1586247784.137368 15.848596 0.009797
1586247784.269369 15.848184 0.009797
1586247784.401369 15.846539 0.009887
1586247784.533369 15.846269 0.009910
1586247784.665369 15.846805 0.009780
1586247784.764370 15.847056 0.009853
1586247784.863370 15.846925 0.009699
1586247784.962370 15.845756 0.009911
1586247785.061370 15.845324 0.009730
1586247785.160371 15.844464 0.009720
1586247785.259371 15.844074 0.009904
1586247785.358371 15.843837 0.009918
1586247785.457371 15.844448 0.009800
1586247785.556371 15.843492 0.009660
1586247785.655372 15.842507 0.009863
1586247785.754372 15.842962 0.009875
1586247785.853372 15.842218 0.009704
1586247785.952373 15.841606 0.009804
1586247786.051373 15.841733 0.009775
1586247786.150373 15.841005 0.009930
1586247786.249373 15.840844 0.009805
1586247786.348373 15.840713 0.009611
1586247786.447374 15.839718 0.009694
1586247786.546374 15.839617 0.009901
1586247786.645374 15.839719 0.009830
1586247786.744374 15.839482 0.009805
1586247786.843374 15.838851 0.009755
1586247786.942375 15.837912 0.009922
1586247787.041375 15.837656 0.009764
1586247787.140375 15.837527 0.009916
1586247787.239376 15.836830 0.009753
1586247787.338376 15.836456 0.009918
1586247787.437376 15.835686 0.009919
1586247787.536376 15.835314 0.009921
1586247787.635376 15.834642 0.009922
1586247787.734376 15.834316 0.009926
1586247787.800377 15.833639 0.009922
1586247787.899377 15.833190 0.009931
1586247787.965377 15.832831 0.009891
1586247788.064377 15.832646 0.009843
1586247788.130378 15.832548 0.009927
1586247788.196378 15.831979 0.009929
1586247788.262378 15.831666 0.009855
1586247788.361378 15.831423 0.009914
1586247788.460378 15.831309 0.009901
1586247788.526378 15.830571 0.009805
1586247788.625379 15.830155 0.009712
1586247788.691379 15.830029 0.009852
1586247788.757379 15.829825 0.009864
1586247788.823379 15.829538 0.009873
1586247788.922379 15.829084 0.009891
1586247789.021379 15.829130 0.009912
1586247789.120380 15.828632 0.009913
1586247789.219380 15.828113 0.009837
1586247789.318380 15.827645 0.009790
1586247789.417381 15.827128 0.009900
1586247789.516381 15.826821 0.009903
1586247789.615381 15.826748 0.009883
1586247789.714381 15.826682 0.009912
1586247789.813381 15.826518 0.009853
1586247789.912382 15.826215 0.009842
1586247789.978382 15.826262 0.009905
1586247790.077382 15.826301 0.009859
1586247790.143382 15.826363 0.009886
1586247790.242383 15.826354 0.009878
1586247790.341383 15.826230 0.009891
1586247790.440383 15.825867 0.009901
1586247790.539383 15.825882 0.009881
1586247790.605383 15.825896 0.009891
1586247790.704383 15.825872 0.009844
1586247790.770384 15.825865 0.009737
1586247790.869384 15.825828 0.009864
1586247790.968384 15.825477 0.009882
1586247791.034384 15.825763 0.009781
1586247791.100384 15.825470 0.009746
1586247791.166385 15.825329 0.009851
1586247791.232385 15.825496 0.009756
1586247791.298385 15.825555 0.009791
1586247791.364385 15.825335 0.009659
1586247791.430385 15.825435 0.009848
1586247791.496386 15.825502 0.009878
1586247791.562386 15.825503 0.009702
1586247791.628386 15.825610 0.009856
1586247791.694386 15.825745 0.009762
1586247791.760386 15.825745 0.009872
1586247791.826386 15.825808 0.009855
1586247791.892386 15.825731 0.009732
1586247791.958387 15.825806 0.009823
1586247792.024387 15.825825 0.009636
1586247792.090387 15.825686 0.009875
1586247792.156387 15.825632 0.009853
1586247792.222387 15.825599 0.009847
1586247792.321388 15.825711 0.009814
1586247792.387388 15.825802 0.009869
1586247792.453388 15.825679 0.009825
1586247792.519388 15.825704 0.009728
1586247792.585388 15.826078 0.009866
1586247792.651388 15.825764 0.009811
1586247792.717388 15.825665 0.009851
1586247792.816389 15.825719 0.009867
1586247792.882389 15.825672 0.009867
1586247792.948389 15.825646 0.009861
1586247793.014389 15.825556 0.009793
1586247793.113389 15.825678 0.009708
1586247793.179389 15.825855 0.009718
1586247793.278390 15.825775 0.009726
1586247793.377390 15.825740 0.009546
1586247793.443390 15.825902 0.009863
1586247793.509390 15.825994 0.009788
1586247793.575391 15.825875 0.009822
1586247793.641391 15.825747 0.009799
1586247793.707391 15.825746 0.009687
1586247793.773391 15.825960 0.009803
1586247793.839391 15.825993 0.009792
1586247793.905391 15.825912 0.009843
1586247793.971391 15.825697 0.009754
1586247794.037392 15.825327 0.009767
1586247794.103392 15.825307 0.009850
1586247794.169392 15.825167 0.009850
1586247794.235392 15.825265 0.009842
1586247794.301392 15.825322 0.009735
1586247794.367392 15.825904 0.009804
1586247794.433392 15.826319 0.009842
1586247794.499393 15.825845 0.009698
1586247794.631393 15.825507 0.009749
1586247794.730393 15.825870 0.009806
1586247794.829393 15.826165 0.009831
1586247794.961394 15.826024 0.009810
1586247795.093394 15.826314 0.009747
1586247795.192394 15.826226 0.009798
1586247795.291394 15.825499 0.009763
1586247795.357395 15.825709 0.009822
1586247795.423395 15.825290 0.009639
1586247795.489395 15.825872 0.009830
1586247795.555395 15.825919 0.009818
1586247795.621395 15.825661 0.009778
1586247795.687395 15.825406 0.009815
1586247795.753396 15.826486 0.009794
1586247795.819396 15.825975 0.009847
1586247795.885396 15.825658 0.009821
1586247795.951396 15.826229 0.009799
1586247796.017396 15.826382 0.009683
1586247796.083396 15.826607 0.009809
1586247796.149396 15.826334 0.009774
1586247796.215397 15.826327 0.009685
1586247796.281397 15.825922 0.009580
1586247796.347397 15.826021 0.009680
1586247796.413397 15.825975 0.009779
1586247796.479397 15.825906 0.009681
1586247796.545398 15.825820 0.009755
1586247796.611398 15.825268 0.009759
1586247796.677398 15.825673 0.009791
1586247796.743398 15.825484 0.009792
1586247796.809398 15.825891 0.009843
1586247796.875398 15.825112 0.009710
1586247796.941398 15.825108 0.009788
1586247797.007398 15.825318 0.009717
1586247797.073399 15.825683 0.009828
1586247797.139399 15.825314 0.009802
1586247797.205399 15.825012 0.009837
1586247797.271399 15.825031 0.009617
1586247797.337399 15.824911 0.009825
1586247797.403400 15.825073 0.009835
1586247797.469400 15.825078 0.009674
1586247797.535400 15.824751 0.009808
1586247797.634400 15.824473 0.009603
1586247797.733400 15.824779 0.009783
1586247797.799400 15.824727 0.009783
1586247797.865401 15.824389 0.009739
1586247797.931401 15.824170 0.009636
1586247797.997401 15.824303 0.009779
1586247798.063401 15.824077 0.009820
1586247798.129401 15.824072 0.009704
1586247798.195401 15.823613 0.009807
1586247798.261402 15.823496 0.009774
1586247798.327402 15.824286 0.009823
1586247798.393402 15.823896 0.009571
1586247798.459402 15.823879 0.009821
1586247798.525402 15.823622 0.009830
1586247798.591402 15.823580 0.009795
1586247798.657402 15.823499 0.009651
1586247798.723403 15.823480 0.009824
1586247798.789403 15.823270 0.009753
1586247798.855403 15.823062 0.009797
1586247798.921403 15.823263 0.009815
1586247798.987403 15.823396 0.009747
1586247799.086403 15.823377 0.009840
1586247799.152403 15.823016 0.009425
1586247799.218404 15.823254 0.009728
1586247799.284404 15.822914 0.009773
1586247799.350404 15.822722 0.009689
1586247799.416404 15.822931 0.009685
1586247799.482404 15.822993 0.009790
1586247799.548404 15.822785 0.009562
1586247799.614405 15.822717 0.009439
1586247799.680405 15.822602 0.009763
1586247799.746405 15.822451 0.009784
1586247799.812405 15.822354 0.009829
1586247799.878405 15.822398 0.009812
1586247799.944406 15.822305 0.009818
1586247800.010406 15.822197 0.009789
1586247800.076406 15.822203 0.009769
1586247800.142406 15.822099 0.009702
1586247800.208406 15.821960 0.009791
1586247800.274406 15.821589 0.009688
1586247800.340406 15.821680 0.009810
1586247800.406407 15.822000 0.009792
1586247800.472407 15.821586 0.009651
1586247800.538407 15.821814 0.009780
1586247800.604407 15.821654 0.009770
1586247800.670407 15.821534 0.009786
1586247800.736407 15.821671 0.009637
1586247800.802408 15.821544 0.009824
1586247800.868407 15.821256 0.009793
1586247800.934408 15.821086 0.009777
1586247801.033408 15.820708 0.009797
1586247801.132408 15.820648 0.009735
1586247801.231408 15.820852 0.009751
1586247801.297409 15.820873 0.009770
1586247801.363409 15.820784 0.009808
1586247801.429409 15.820515 0.009496
1586247801.495409 15.820548 0.009699
1586247801.561409 15.820664 0.009833
1586247801.627409 15.820338 0.009773
1586247801.693409 15.820258 0.009650
1586247801.891410 15.820423 0.009788
1586247801.957410 15.820364 0.009842
1586247802.056410 15.819763 0.009841
1586247802.122411 15.819316 0.009830
1586247802.188411 15.819747 0.009703
1586247802.254411 15.819258 0.009792
1586247802.320411 15.819008 0.009803
1586247802.386411 15.819087 0.009796
1586247802.452411 15.819173 0.009839
1586247802.518412 15.818809 0.009682
1586247802.617412 15.819041 0.009784
1586247802.683412 15.818804 0.009722
1586247802.749412 15.818459 0.009783
1586247802.815412 15.818273 0.009754
1586247802.881412 15.818053 0.009752
1586247802.947412 15.817809 0.009795
1586247803.013413 15.817716 0.009630
1586247803.079413 15.817645 0.009750
1586247803.178413 15.817208 0.009835
1586247803.277413 15.816809 0.009796
1586247803.376414 15.816455 0.009801
1586247803.442414 15.816225 0.009788
1586247803.508414 15.816426 0.009826
1586247803.607414 15.816264 0.009805
1586247803.706414 15.816069 0.009744
1586247803.805415 15.816055 0.009821
1586247803.871415 15.815699 0.009823
1586247803.937415 15.815353 0.009673
1586247804.036415 15.814776 0.009633
1586247804.135415 15.814298 0.009786
1586247804.201416 15.814331 0.009735
1586247804.300416 15.813951 0.009831
1586247804.399416 15.813369 0.009791
1586247804.465416 15.813264 0.009827
1586247804.564416 15.812498 0.009793
1586247804.663417 15.811725 0.009762
1586247804.729417 15.810436 0.009830
1586247804.795417 15.809884 0.009721
1586247804.861417 15.810040 0.009796
1586247804.927417 15.810064 0.009831
1586247804.993418 15.809121 0.009812
1586247805.059417 15.808920 0.009828
1586247805.125418 15.808737 0.009836
1586247805.191418 15.807924 0.009826
1586247805.257418 15.806904 0.009816
1586247805.323418 15.806601 0.009825
1586247805.389418 15.806525 0.009823
1586247805.455419 15.805448 0.009697
1586247805.521419 15.804735 0.009833
1586247805.587419 15.804636 0.009830
1586247805.686419 15.804014 0.009821
1586247805.785419 15.804018 0.009780
1586247805.884420 15.803044 0.009790
1586247805.983420 15.802927 0.009701
1586247806.082420 15.802858 0.009709
1586247806.181420 15.802947 0.009779
1586247806.280420 15.802829 0.009657
1586247806.379421 15.802645 0.009747
1586247806.511421 15.803296 0.009600
1586247806.643421 15.802567 0.009319
1586247806.775422 15.802343 0.009558
1586247806.907422 15.802369 0.009694
1586247807.006422 15.802224 0.009724
1586247807.105422 15.802373 0.009794
1586247807.204423 15.802073 0.009788
1586247807.303423 15.802156 0.009728
1586247807.402423 15.801901 0.009820
1586247807.501423 15.802179 0.009711
1586247807.600424 15.801242 0.009738
1586247807.699424 15.800721 0.009622
1586247807.798424 15.800564 0.009798
1586247807.897424 15.800123 0.009799
1586247808.029425 15.799809 0.009771
1586247808.194425 15.799699 0.009813
1586247808.392426 15.798552 0.009817
1586247808.557426 15.798280 0.009826
1586247808.722426 15.798259 0.009798
1586247808.854427 15.798293 0.009809
1586247808.986427 15.798265 0.009784
1586247809.118427 15.798011 0.009828
1586247809.217427 15.798232 0.009828
1586247809.316428 15.798462 0.009761
1586247809.415428 15.799097 0.009823
1586247809.514428 15.799226 0.009827
1586247809.613429 15.799185 0.009809
1586247809.712429 15.798944 0.009828
1586247809.811429 15.798907 0.009813
1586247809.943429 15.799370 0.009802
1586247810.075429 15.799883 0.009698
1586247810.207430 15.800031 0.009717
1586247810.339430 15.800080 0.009778
1586247810.471430 15.800699 0.009820
1586247810.570431 15.800785 0.009732
1586247810.669431 15.801140 0.009793
1586247810.801431 15.801252 0.009629
1586247810.933432 15.802116 0.009781
1586247811.065432 15.802328 0.009666
1586247811.197432 15.802739 0.009631
1586247811.296432 15.803341 0.009702
1586247811.395433 15.804020 0.009799
1586247811.527433 15.803955 0.009515
1586247811.626433 15.803949 0.009704
1586247811.725433 15.804118 0.009818
1586247811.791434 15.803979 0.009738
1586247811.857434 15.803839 0.009785
1586247811.923434 15.803871 0.009756
1586247812.022434 15.804217 0.009833
1586247812.088434 15.803944 0.009804
1586247812.154434 15.803762 0.009769
1586247812.253435 15.803909 0.009817
1586247812.352435 15.803744 0.009716
1586247812.451435 15.803716 0.009513
1586247812.517435 15.804332 0.009748
1586247812.583436 15.804276 0.009816
1586247812.682436 15.804243 0.009637
1586247812.781436 15.804295 0.009728
1586247812.847436 15.804780 0.009794
1586247812.979436 15.804632 0.009830
1586247813.045436 15.804417 0.009729
1586247813.111437 15.804266 0.009730
1586247813.177437 15.804525 0.009800
1586247813.243437 15.804643 0.009744
1586247813.309437 15.804626 0.009742
1586247813.408437 15.804817 0.009802
1586247813.540438 15.805198 0.009819
1586247813.639438 15.805024 0.009783
1586247813.738438 15.805648 0.009705
1586247813.804438 15.805677 0.009812
1586247813.870438 15.805024 0.009509
1586247813.936439 15.806036 0.009792
1586247814.002439 15.806380 0.009829
1586247814.068439 15.805726 0.009767
1586247814.134439 15.805743 0.009777
1586247814.200439 15.806095 0.009712
1586247814.266439 15.806057 0.009732
1586247814.332440 15.806093 0.009829
1586247814.398440 15.806016 0.009586
1586247814.464440 15.805871 0.009813
1586247814.530440 15.805841 0.009808
1586247814.596440 15.805497 0.009718
1586247814.662441 15.805602 0.009664
1586247814.728441 15.805740 0.009798
1586247814.794441 15.805595 0.009694
1586247814.860441 15.805437 0.009730
1586247814.926441 15.805926 0.009534
1586247814.992441 15.805436 0.009759
1586247815.058441 15.805418 0.009788
1586247815.124441 15.805641 0.009473
1586247815.190441 15.806139 0.009809
1586247815.256442 15.805984 0.009717
1586247815.355442 15.805774 0.009768
1586247815.421442 15.806033 0.009699
1586247815.520442 15.806111 0.009767
1586247815.586442 15.806197 0.009780
1586247815.652443 15.806180 0.009814
1586247815.718443 15.806287 0.009744
1586247815.784443 15.806183 0.009713
1586247815.850443 15.806183 0.009722
1586247815.916443 15.806151 0.009635
1586247815.982444 15.806119 0.009809
1586247816.048444 15.806216 0.009828
1586247816.147444 15.805975 0.009791
1586247816.246444 15.806175 0.009819
1586247816.345444 15.806236 0.009822
1586247816.444445 15.806036 0.009683
1586247816.543445 15.806219 0.009801
1586247816.642445 15.806305 0.009829
1586247816.741445 15.806398 0.009827
1586247816.840446 15.806397 0.009801
1586247816.939446 15.806553 0.009818
1586247817.005446 15.806657 0.009613
1586247817.104446 15.806589 0.009823
1586247817.203446 15.806436 0.009699
1586247817.302447 15.806283 0.009790
1586247817.401447 15.806416 0.009811
1586247817.500447 15.806343 0.009784
1586247817.599447 15.805968 0.009695
1586247817.698448 15.805945 0.009815
1586247817.764448 15.806372 0.009800
1586247817.863448 15.806052 0.009801
1586247817.962448 15.806022 0.009794
1586247818.028449 15.806013 0.009830
1586247818.094449 15.805702 0.009758
1586247818.193449 15.805696 0.009824
1586247818.292449 15.805504 0.009701
1586247818.358449 15.805714 0.009785
1586247818.457449 15.805775 0.009827
1586247818.556450 15.805636 0.009822
1586247818.655450 15.805465 0.009781
1586247818.754450 15.805590 0.009827
1586247818.853451 15.805752 0.009829
1586247818.952451 15.805724 0.009739
1586247819.051451 15.805752 0.009813
1586247819.150451 15.805707 0.009828
1586247819.249451 15.805650 0.009829
1586247819.348452 15.805485 0.009806
1586247819.447452 15.805465 0.009770
1586247819.546452 15.805320 0.009831
1586247819.645452 15.805376 0.009823
1586247819.744453 15.805304 0.009820
1586247819.843453 15.805127 0.009815
1586247819.942453 15.805245 0.009832
1586247820.074453 15.805344 0.009801
1586247820.206454 15.805392 0.009820
1586247820.305454 15.805456 0.009794
1586247820.404454 15.805700 0.009793
1586247820.503454 15.805864 0.009782
1586247820.635455 15.805866 0.009765
1586247820.734455 15.805747 0.009672
1586247820.833455 15.805484 0.009825
1586247820.932456 15.805527 0.009749
1586247821.064456 15.805210 0.009823
1586247821.196456 15.804977 0.009759
1586247821.328456 15.805272 0.009746
1586247821.493457 15.805162 0.009815
1586247821.658457 15.805062 0.009813
1586247821.790457 15.805253 0.009766
1586247821.922458 15.805426 0.009763
1586247822.054458 15.805449 0.009694
1586247822.186458 15.804868 0.009671
1586247822.318459 15.804288 0.009617
1586247822.417459 15.804460 0.009822
1586247822.516459 15.804877 0.009663
1586247822.615459 15.804614 0.009673
1586247822.714459 15.804436 0.009763
1586247822.813460 15.804409 0.009760
1586247822.945460 15.804643 0.009655
1586247823.044460 15.804265 0.009666
1586247823.143461 15.803313 0.009770
1586247823.242461 15.803423 0.009757
1586247823.341461 15.804051 0.009703
1586247823.473461 15.804010 0.009804
1586247823.605462 15.804254 0.009692
1586247823.737462 15.804840 0.009800
1586247823.836462 15.804480 0.009824
1586247823.935462 15.804643 0.009749
1586247824.034463 15.805141 0.009813
1586247824.133463 15.804684 0.009827
1586247824.232463 15.804899 0.009824
1586247824.331463 15.805067 0.009828
1586247824.430464 15.804975 0.009821
1586247824.529464 15.804938 0.009815
1586247824.628464 15.805154 0.009780
1586247824.727464 15.804781 0.009665
1586247824.826464 15.805076 0.009807
1586247824.925465 15.805622 0.009800
1586247825.024465 15.805403 0.009792
1586247825.123465 15.805688 0.009826
1586247825.222466 15.805754 0.009814
1586247825.321465 15.805886 0.009813
1586247825.420466 15.806185 0.009811
1586247825.486466 15.806450 0.009815
1586247825.552466 15.806153 0.009794
1586247825.618466 15.806836 0.009744
1586247825.717467 15.806986 0.009793
1586247825.816467 15.806853 0.009804
1586247825.882467 15.806856 0.009709
1586247825.981467 15.807458 0.009791
1586247826.080467 15.807642 0.009818
1586247826.146468 15.808104 0.009799
1586247826.245468 15.808073 0.009822
1586247826.344468 15.807928 0.009804
1586247826.443468 15.807956 0.009805
1586247826.542469 15.807740 0.009730
1586247826.641469 15.808586 0.009800
1586247826.773469 15.808719 0.009808
1586247826.872469 15.808733 0.009755
1586247826.971470 15.809522 0.009800
1586247827.070470 15.809333 0.009813
1586247827.169470 15.809005 0.009781
1586247827.268470 15.808736 0.009768
1586247827.367470 15.809161 0.009730
1586247827.466471 15.809084 0.009743
1586247827.565471 15.809582 0.009812
1586247827.664471 15.809366 0.009811
1586247827.763471 15.810442 0.009802
1586247827.862472 15.810760 0.009806
1586247827.961472 15.810778 0.009796
1586247828.060472 15.810748 0.009794
1586247828.159472 15.810584 0.009806
1586247828.225472 15.810732 0.009740
1586247828.291473 15.810627 0.009772
1586247828.390473 15.810842 0.009799
1586247828.489473 15.810452 0.009783
1586247828.588473 15.810731 0.009793
1586247828.687473 15.810830 0.009800
1586247828.753474 15.810993 0.009736
1586247828.819474 15.811129 0.009763
1586247828.885474 15.810611 0.009806
1586247828.951474 15.810224 0.009802
1586247829.050474 15.810557 0.009805
1586247829.116475 15.811404 0.009793
1586247829.182475 15.811200 0.009777
1586247829.248475 15.811137 0.009802
1586247829.314475 15.811383 0.009794
1586247829.380475 15.811428 0.009804
1586247829.446475 15.810943 0.009801
1586247829.512475 15.809671 0.009766
1586247829.578475 15.809768 0.009793
1586247829.644476 15.810104 0.009770
1586247829.710476 15.810100 0.009797
1586247829.809476 15.809801 0.009803
1586247829.908476 15.809504 0.009800
1586247829.974477 15.809797 0.009801
1586247830.073477 15.809037 0.009799
1586247830.172477 15.809550 0.009781
1586247830.238477 15.809531 0.009797
1586247830.304477 15.808525 0.009790
1586247830.370478 15.808751 0.009750
1586247830.436478 15.809059 0.009778
1586247830.502478 15.807992 0.009792
1586247830.568478 15.808785 0.009791
1586247830.634478 15.808679 0.009792
1586247830.700478 15.807726 0.009770
1586247830.766478 15.808269 0.009783
1586247830.832479 15.807539 0.009715
1586247830.898479 15.807249 0.009799
1586247830.964479 15.807142 0.009720
1586247831.030479 15.807352 0.009783
1586247831.096479 15.807265 0.009746
1586247831.162479 15.806623 0.009790
1586247831.228479 15.806896 0.009680
1586247831.294480 15.806888 0.009780
1586247831.360480 15.806181 0.009790
1586247831.426480 15.806676 0.009792
1586247831.492480 15.807230 0.009769
1586247831.558481 15.807430 0.009794
1586247831.624480 15.806039 0.009791
1586247831.690481 15.806639 0.009793
1586247831.789481 15.805435 0.009748
1586247831.888481 15.805531 0.009778
1586247831.954481 15.805999 0.009661
1586247832.053482 15.806341 0.009769
1586247832.152482 15.804902 0.009783
1586247832.251482 15.805646 0.009763
1586247832.317482 15.805441 0.009754
1586247832.383482 15.805461 0.009776
1586247832.449482 15.805349 0.009766
1586247832.515483 15.805833 0.009772
1586247832.581483 15.804953 0.009780
1586247832.647483 15.805367 0.009783
1586247832.713483 15.805288 0.009762
1586247832.779483 15.805681 0.009792
1586247832.845483 15.805575 0.009766
1586247832.911484 15.805805 0.009786
1586247832.977484 15.805839 0.009735
1586247833.043484 15.805890 0.009793
1586247833.109484 15.805892 0.009769
1586247833.175484 15.805704 0.009759
1586247833.241484 15.805748 0.009758
1586247833.307484 15.806195 0.009718
1586247833.373485 15.806160 0.009758
1586247833.439485 15.807328 0.009750
1586247833.505485 15.806299 0.009683
1586247833.571485 15.806490 0.009784
1586247833.637485 15.805437 0.009781
1586247833.703485 15.807306 0.009788
1586247833.769485 15.807435 0.009785
1586247833.835486 15.806810 0.009784
1586247833.901486 15.806888 0.009719
1586247833.967486 15.807259 0.009788
1586247834.033486 15.806906 0.009752
1586247834.099486 15.806260 0.009785
1586247834.165487 15.806942 0.009785
1586247834.231487 15.806861 0.009794
1586247834.297487 15.806885 0.009787
1586247834.396487 15.806550 0.009790
1586247834.495487 15.806765 0.009782
1586247834.561487 15.806106 0.009784
1586247834.660488 15.806096 0.009779
1586247834.726488 15.806085 0.009769
1586247834.792488 15.805947 0.009747
1586247834.858488 15.805858 0.009786
1586247834.924488 15.805023 0.009678
1586247834.990488 15.805971 0.009789
1586247835.056489 15.805673 0.009789
1586247835.122489 15.805402 0.009726
1586247835.188489 15.804541 0.009781
1586247835.287489 15.805230 0.009794
1586247835.353489 15.805513 0.009786
1586247835.452489 15.804971 0.009777
1586247835.551490 15.804252 0.009791
1586247835.650490 15.804721 0.009794
1586247835.749490 15.803265 0.009790
1586247835.815490 15.802641 0.009597
1586247835.914491 15.803099 0.009726
1586247836.013491 15.802389 0.009769
1586247836.112491 15.803044 0.009685
1586247836.211491 15.802757 0.009787
1586247836.310492 15.802444 0.009779
1586247836.409492 15.802725 0.009721
1586247836.475492 15.803702 0.009793
1586247836.541492 15.804075 0.009791
1586247836.640492 15.802667 0.009769
1586247836.772493 15.803262 0.009795
1586247836.838493 15.802199 0.009684
1586247836.904493 15.802003 0.009705
1586247837.003493 15.801049 0.009605
1586247837.069493 15.801500 0.009779
1586247837.135494 15.801241 0.009780
1586247837.201494 15.801975 0.009775
1586247837.300494 15.801230 0.009737
1586247837.399494 15.800564 0.009783
1586247837.498494 15.800705 0.009779
1586247837.597495 15.802539 0.009780
1586247837.696495 15.802330 0.009732
1586247837.795495 15.802765 0.009793
1586247837.894495 15.804689 0.009751
1586247837.993495 15.804884 0.009769
1586247838.092496 15.803370 0.009745
1586247838.191496 15.801372 0.009758
1586247838.290497 15.798568 0.009773
1586247838.389497 15.796923 0.009786
1586247838.488497 15.797262 0.009743
1586247838.587497 15.796974 0.009764
1586247838.686497 15.796769 0.009781
1586247838.785498 15.796766 0.009786
1586247838.884498 15.796193 0.009784
1586247838.983498 15.794384 0.009788
1586247839.082498 15.793979 0.009776
1586247839.181499 15.792330 0.009784
1586247839.280499 15.791983 0.009794
1586247839.379499 15.791216 0.009789
1586247839.478499 15.790176 0.009792
1586247839.577499 15.783403 0.009779
1586247839.676500 15.782029 0.009784
1586247839.775500 15.783459 0.009751
1586247839.874500 15.776419 0.009781
1586247839.973500 15.776187 0.009795
1586247840.072501 15.772502 0.009792
1586247840.171501 15.771471 0.009759
1586247840.270501 15.771560 0.009793
1586247840.369501 15.770662 0.009792
1586247840.468502 15.768550 0.009686
1586247840.567502 15.768853 0.009765
1586247840.666502 15.766309 0.009710
1586247840.765502 15.766937 0.009771
1586247840.864502 15.767277 0.009789
1586247840.963503 15.763728 0.009735
1586247841.062503 15.764127 0.009783
1586247841.161503 15.763373 0.009794
1586247841.260504 15.765270 0.009745
1586247841.359504 15.761680 0.009771
1586247841.458504 15.761260 0.009788
1586247841.557504 15.761561 0.009784
1586247841.656504 15.761424 0.009719
1586247841.755505 15.762246 0.009777
1586247841.854505 15.761728 0.009758
1586247841.953505 15.760996 0.009792
1586247842.085505 15.760770 0.009785
1586247842.184506 15.758353 0.009793
1586247842.283506 15.756644 0.009782
1586247842.382506 15.749896 0.009755
1586247842.514507 15.749963 0.009786
1586247842.646507 15.744467 0.009764
1586247842.778507 15.741846 0.009779
1586247842.943507 15.739402 0.009789
1586247843.108508 15.736263 0.009783
