DelayedMarginalization 0.0014353 9.07791e-07 0.00886385 2014
DelayedMarginalizationOnly 0.000688806 4.47709e-07 0.00677599 2014
EF-marginalizeFrame 0.00182348 9.50398e-07 0.00929542 2014
FullSystem::trackNewCoarse 0.00668859 2.20745e-05 0.0361264 5833
FullSystem::trackNewCoarseNoIMU 0.00197026 9.75511e-07 0.00817641 261
FullSystemOptimize 0.147501 0.000366826 0.241771 2020
GraphUnrolling 0.0209342 -nan 0.0209342 1
IMUInitAddPose 3.44669e-05 7.70396e-10 0.000977351 2020
IMUInitOptimize 0.0472466 0.000484218 0.0834668 34
IMUIntegration::finishKeyframeOperations 4.94776e-05 1.5574e-09 0.00113574 1981
InitializerFirstFrame 0.0324956 -nan 0.0324956 1
InitializerOtherFrames 0.0254087 0.000179352 0.0888844 247
MainMarginalization 0.00163861 9.18952e-07 0.00906792 2014
MarginalizationReplacementBuildGraph 0.00248566 -nan 0.00248566 1
MarginalizeMainGraph 0.000745499 3.17265e-07 0.00638227 2014
PGBA 0.204655 -nan 0.204655 1
PGBAFull 0.109257 0.0233582 0.217327 2
PrepareGraphForMainOptimization 0.0210122 -nan 0.0210122 1
VisualMarginalization 2.70854e-05 1.33375e-09 0.00112152 2014
activatePointsMT 0.00438728 3.66202e-06 0.0140694 2020
addActiveFrame 0.067418 0.00616826 0.499155 6342
addIMUData 0.00103814 1.19434e-06 0.0156384 5833
addIMUDataToBA 0.000108888 1.08098e-08 0.00254618 6341
addKeyframeToBA 5.34672e-05 4.5148e-10 0.000492052 2020
afterCoarseTracking 3.41748e-07 2.40181e-12 0.000120757 6094
baIteration 0.0237931 3.36984e-05 0.102067 11709
baMatrixInversion 0.000171301 8.35761e-09 0.00253906 11709
baUpdateBuildHessians 0.000604752 3.5587e-07 0.012858 11709
coarseTrackingIteration 0.00056451 8.94739e-07 0.0206009 56202
computeBAUpdate 0.000878736 3.79375e-07 0.0131205 11709
computeCoarseUpdate 0.000313972 5.59684e-07 0.0169624 54597
computeFactorForCoarseGraphAndMarginalCovariances 0.00231105 6.88217e-07 0.0143141 1981
convertHAndBFromDSO 0.000105215 3.11873e-09 0.00308414 19738
debugPlot 1.01067e-07 3.3886e-15 9.22e-07 2020
debugPlotIDepthMap 4.23788e-07 7.26989e-14 7.854e-06 2020
debugPlotIDepthMapFloat 3.66703e-08 2.77217e-16 3.01e-07 2020
deliverTrackedFrame 0.0598606 0.00633804 0.416612 6095
flagFramesForMarginalization 2.09686e-06 1.61304e-11 0.000129102 2020
fullCoarseTracking 0.00805701 3.72741e-05 0.0865013 6094
initObjectsAndMakeImage 0.00114456 2.35537e-07 0.00715745 6342
makeKeyframe 0.171576 0.000423815 0.41659 2020
makeKeyframeChangeTrackingRef 0.00187767 7.35725e-08 0.00439293 2020
makeNewTraces 0.00346741 1.88297e-07 0.00594261 2020
makeNonKeyframe 0.00437415 2.01604e-06 0.00972831 4075
marginalizeAndRemovePoints 0.00360668 8.11893e-07 0.00670806 2020
marginalizeFrame 0.00360091 1.23229e-06 0.012263 2014
marginalizeFrameOverhead 0.00177308 1.55501e-07 0.0051085 2014
marginalizeFrames 0.00360531 1.28151e-06 0.0122793 2020
newFrameAndNewResidualsForOldPoints 0.00101264 7.96112e-08 0.00667437 2020
printBiases 1.00282e-05 7.57484e-10 0.00104975 2020
printEigenValLine 1.19685e-07 1.56439e-15 8.81e-07 2020
printLogLine 0.000144242 8.6498e-08 0.00279958 2020
publishInMakeKeyframe 3.08688e-07 8.58392e-14 1.1782e-05 2020
removeOutliers 0.000168136 3.722e-09 0.00173421 2020
swapTrackingRef 0.000176936 1.02142e-07 0.00362986 2019
timeMeasurement 1.87022e-06 7.24357e-12 0.000157794 6342
traceNewCoarse 0.00390692 1.89317e-06 0.00985066 6095
updateBAValues 1.14038e-05 1.51786e-10 0.00105223 21466
zero 1.45011e-07 1.09203e-14 1.562e-06 6342
