1585225981.694018 24.937308 0.506416
1585225981.826018 25.168869 0.346430
1585225981.958018 25.614545 0.262625
1585225982.057019 25.837600 0.228697
1585225982.156019 26.059319 0.195300
1585225982.288019 26.356814 0.174023
1585225982.420019 26.646810 0.317835
1585225982.519020 26.836377 0.312347
1585225982.618020 26.929111 0.308659
1585225982.717020 27.084072 0.130865
1585225982.816020 27.252189 0.131351
1585225982.948021 27.413271 0.131738
1585225983.047021 27.597421 0.132624
1585225983.146021 27.806743 0.122884
1585225983.245021 27.962864 0.119278
1585225983.344022 28.131178 0.114996
1585225983.443022 28.260175 0.110537
1585225983.575022 28.435530 0.100124
1585225983.674022 28.602419 0.095357
1585225983.773023 28.744815 0.088226
1585225983.905023 28.935737 0.079274
1585225984.037023 29.104798 0.067580
1585225984.202024 29.296682 0.058393
1585225984.367024 29.480317 0.050073
1585225984.499024 29.630595 0.044813
1585225984.664025 29.724245 0.037294
1585225984.796025 29.912612 0.033480
1585225984.961025 29.969675 0.029333
1585225985.126026 30.018542 0.026197
1585225985.291026 29.998938 0.023620
1585225985.456027 29.906978 0.021316
1585225985.621027 29.724413 0.019184
1585225985.786027 29.513329 0.017383
1585225985.984028 29.177984 0.015958
1585225986.149028 28.964083 0.014902
1585225986.314029 28.608630 0.014880
1585225986.479029 28.241288 0.014032
1585225986.611029 27.865631 0.013974
1585225986.776030 27.502674 0.013143
1585225986.941030 27.123229 0.013053
1585225987.106031 26.790198 0.012276
1585225987.271031 26.510568 0.012198
1585225987.436032 26.315206 0.011725
1585225987.601032 26.111494 0.011263
1585225987.766032 25.898064 0.011338
1585225987.898032 25.800102 0.010971
1585225988.030033 25.722772 0.010663
1585225988.162033 25.664287 0.010414
1585225988.294033 25.552547 0.010162
1585225988.426034 25.486482 0.010296
1585225988.558034 25.437597 0.010039
1585225988.657034 25.402622 0.009915
1585225988.756035 25.360018 0.009811
1585225988.888035 25.332048 0.009666
1585225989.020035 25.320231 0.009516
1585225989.152035 25.317763 0.009378
1585225989.251036 25.304385 0.009271
1585225989.350036 25.293858 0.009165
1585225989.482036 25.295613 0.009040
1585225989.581037 25.286651 0.008961
1585225989.680037 25.285424 0.008897
1585225989.779037 25.277337 0.008850
1585225989.878037 25.266018 0.008792
1585225989.977038 25.255609 0.008736
1585225990.076038 25.252770 0.008692
1585225990.175038 25.235941 0.008636
1585225990.274038 25.226096 0.008580
1585225990.373038 25.219992 0.008524
1585225990.472039 25.204883 0.008481
1585225990.571039 25.195309 0.008439
1585225990.703039 25.197334 0.008382
1585225990.835039 25.196411 0.008307
1585225990.967040 25.194356 0.008249
1585225991.099040 25.212458 0.008211
1585225991.231040 25.217023 0.008167
1585225991.363041 25.208221 0.008107
1585225991.462041 25.219075 0.008062
1585225991.561041 25.226817 0.008017
1585225991.660042 25.229314 0.007972
1585225991.759042 25.239771 0.007927
1585225991.858042 25.246827 0.007869
1585225991.990042 25.256193 0.007794
1585225992.122043 25.269742 0.007713
1585225992.254043 25.260668 0.007607
1585225992.386043 25.258018 0.007483
1585225992.518044 25.279045 0.007379
1585225992.650044 25.302074 0.007237
1585225992.782044 25.315137 0.007092
1585225992.914044 25.328386 0.006921
1585225993.013045 25.345722 0.006806
1585225993.145045 25.349823 0.006618
1585225993.277045 25.342391 0.006407
1585225993.409046 25.348159 0.006211
1585225993.541046 25.349823 0.006024
1585225993.673046 25.347537 0.005847
1585225993.805047 25.353158 0.005700
1585225993.937047 25.369153 0.005587
1585225994.069047 25.369792 0.005481
1585225994.201048 25.367423 0.005380
1585225994.333048 25.360956 0.005274
1585225994.465048 25.379008 0.005194
1585225994.597049 25.396970 0.005121
1585225994.729049 25.414330 0.005062
1585225994.861049 25.418843 0.004995
1585225994.993049 25.432734 0.004929
1585225995.125050 25.443748 0.004863
1585225995.257050 25.459103 0.004803
1585225995.389050 25.471232 0.004749
1585225995.521051 25.489820 0.004705
1585225995.653051 25.499626 0.004648
1585225995.785051 25.504505 0.004605
1585225995.917052 25.522379 0.004558
1585225996.049052 25.535122 0.004510
1585225996.181052 25.544897 0.004468
1585225996.280052 25.554293 0.004443
1585225996.412053 25.563110 0.004401
1585225996.511053 25.568696 0.004369
1585225996.643053 25.580676 0.004328
1585225996.742054 25.588148 0.004299
1585225996.841054 25.593059 0.004274
1585225996.940054 25.597991 0.004241
1585225997.039054 25.605424 0.004212
1585225997.138055 25.613444 0.004181
1585225997.237055 25.617328 0.004148
1585225997.336055 25.622656 0.004119
1585225997.435055 25.626919 0.004090
1585225997.534055 25.632169 0.004067
1585225997.633056 25.635821 0.004038
1585225997.732056 25.639801 0.004015
1585225997.831056 25.640822 0.003984
1585225997.930056 25.640743 0.003956
1585225998.029057 25.640840 0.003924
1585225998.128057 25.640991 0.003898
1585225998.227057 25.641583 0.003866
1585225998.326057 25.641921 0.003848
1585225998.458058 25.639480 0.003815
1585225998.590058 25.633471 0.003775
1585225998.722058 25.627090 0.003730
1585225998.854059 25.622781 0.003688
1585225998.986059 25.616248 0.003649
1585225999.118059 25.614195 0.003613
1585225999.250060 25.608939 0.003574
1585225999.448060 25.601494 0.003510
1585225999.580060 25.593249 0.003467
1585225999.712061 25.584751 0.003426
1585225999.844061 25.576794 0.003378
1585225999.976061 25.568025 0.003342
1585226000.075062 25.560427 0.003317
1585226000.174062 25.556986 0.003294
1585226000.273062 25.553088 0.003274
1585226000.372062 25.552094 0.003261
1585226000.471062 25.548146 0.003237
1585226000.570063 25.544564 0.003214
1585226000.702063 25.539006 0.003185
1585226000.834063 25.533921 0.003159
1585226000.966063 25.530743 0.003131
1585226001.065064 25.526954 0.003112
1585226001.164064 25.525287 0.003094
1585226001.263064 25.520435 0.003078
1585226001.362065 25.518754 0.003061
1585226001.461065 25.516925 0.003045
1585226001.527065 25.514388 0.003034
1585226001.593065 25.509278 0.003022
1585226001.692065 25.506131 0.003003
1585226001.791066 25.502077 0.002985
1585226001.890066 25.500236 0.002975
1585226001.989066 25.494469 0.002959
1585226002.088066 25.492910 0.002942
1585226002.187067 25.487224 0.002927
1585226002.319067 25.485174 0.002907
1585226002.451067 25.484786 0.002887
1585226002.583067 25.483097 0.002867
1585226002.715068 25.477835 0.002849
1585226002.847068 25.475890 0.002833
1585226002.946068 25.476957 0.002821
1585226003.045069 25.471861 0.002810
1585226003.144069 25.472435 0.002799
1585226003.243069 25.469449 0.002788
1585226003.342069 25.468643 0.002776
1585226003.441070 25.468394 0.002767
1585226003.540070 25.469735 0.002758
1585226003.639070 25.469688 0.002749
1585226003.738070 25.468216 0.002739
1585226003.837070 25.467677 0.002730
1585226003.969071 25.464689 0.002720
1585226004.101071 25.461948 0.002710
1585226004.233071 25.461423 0.002701
1585226004.332072 25.460933 0.002693
1585226004.431072 25.460334 0.002685
1585226004.563072 25.459197 0.002676
1585226004.662072 25.456345 0.002669
1585226004.794073 25.452619 0.002657
1585226004.926073 25.452918 0.002651
1585226005.058073 25.449491 0.002639
1585226005.157074 25.445947 0.002633
1585226005.289074 25.442167 0.002627
1585226005.388074 25.439020 0.002622
1585226005.487074 25.438264 0.002617
1585226005.586075 25.434685 0.002613
1585226005.718075 25.434245 0.002608
1585226005.817075 25.432525 0.002604
1585226005.916075 25.431668 0.002599
1585226006.048076 25.430903 0.002593
1585226006.180076 25.428021 0.002586
1585226006.312076 25.426448 0.002579
1585226006.444077 25.426268 0.002573
1585226006.576077 25.424585 0.002565
1585226006.708077 25.424161 0.002557
1585226006.840078 25.425659 0.002551
1585226006.972078 25.427508 0.002544
1585226007.071078 25.427791 0.002539
1585226007.170079 25.428122 0.002535
1585226007.335079 25.428133 0.002528
1585226007.500079 25.426310 0.002523
1585226007.632080 25.425441 0.002519
1585226007.764080 25.422272 0.002514
1585226007.929080 25.421005 0.002511
1585226008.094080 25.420459 0.002507
1585226008.226081 25.420216 0.002504
1585226008.358081 25.420616 0.002503
1585226008.457081 25.420571 0.002501
1585226008.556082 25.420737 0.002500
1585226008.655082 25.421014 0.002498
1585226008.754082 25.420916 0.002496
1585226008.853082 25.420901 0.002495
1585226008.952083 25.420264 0.002493
1585226009.051083 25.420334 0.002491
1585226009.150083 25.419695 0.002490
1585226009.249083 25.420203 0.002488
1585226009.348084 25.420132 0.002487
1585226009.447084 25.419934 0.002485
1585226009.546084 25.420048 0.002484
1585226009.645084 25.420272 0.002484
1585226009.744085 25.421153 0.002483
1585226009.843085 25.421441 0.002482
1585226009.975085 25.421776 0.002481
1585226010.107085 25.421518 0.002479
1585226010.206086 25.422290 0.002478
1585226010.305086 25.422821 0.002477
1585226010.404086 25.423420 0.002477
1585226010.503086 25.424888 0.002476
1585226010.602087 25.425892 0.002475
1585226010.734087 25.426146 0.002473
1585226010.866087 25.427061 0.002473
1585226010.998087 25.427985 0.002472
1585226011.097088 25.428321 0.002471
1585226011.196088 25.428868 0.002470
1585226011.328088 25.428669 0.002470
1585226011.427089 25.428869 0.002468
1585226011.526089 25.429208 0.002468
1585226011.625089 25.430005 0.002467
1585226011.757089 25.430787 0.002466
1585226011.856090 25.430741 0.002465
1585226011.955090 25.430887 0.002464
1585226012.054090 25.431168 0.002463
1585226012.153090 25.430674 0.002463
1585226012.252091 25.430415 0.002462
1585226012.351091 25.430702 0.002461
1585226012.450091 25.431411 0.002461
1585226012.549091 25.431988 0.002460
1585226012.648091 25.432916 0.002459
1585226012.747092 25.433385 0.002458
1585226012.846092 25.433565 0.002458
1585226012.945092 25.434428 0.002457
1585226013.044092 25.434861 0.002456
1585226013.110093 25.434774 0.002455
1585226013.209093 25.435521 0.002454
1585226013.308093 25.435607 0.002454
1585226013.440094 25.435214 0.002453
1585226013.572094 25.435060 0.002452
1585226013.704094 25.435267 0.002451
1585226013.836094 25.435701 0.002450
1585226013.968095 25.435536 0.002449
1585226014.100095 25.435240 0.002448
1585226014.232095 25.435755 0.002448
1585226014.331095 25.435695 0.002447
1585226014.430096 25.435932 0.002447
1585226014.529096 25.436099 0.002447
1585226014.628096 25.435985 0.002446
1585226014.760097 25.436241 0.002446
1585226014.859097 25.436548 0.002445
1585226014.958097 25.436148 0.002445
1585226015.057097 25.436141 0.002445
1585226015.156098 25.435941 0.002445
1585226015.255098 25.435751 0.002444
1585226015.354098 25.435544 0.002444
1585226015.453098 25.435498 0.002444
1585226015.552098 25.435869 0.002444
1585226015.651099 25.435597 0.002444
1585226015.750099 25.435467 0.002443
1585226015.849099 25.435380 0.002443
1585226015.948099 25.435924 0.002443
1585226016.047100 25.436431 0.002443
1585226016.146100 25.436238 0.002443
1585226016.245100 25.436365 0.002443
1585226016.344100 25.436472 0.002443
1585226016.443100 25.436706 0.002442
1585226016.509101 25.436434 0.002442
1585226016.575101 25.436255 0.002442
1585226016.641101 25.436338 0.002442
1585226016.740101 25.436132 0.002442
1585226016.839102 25.436694 0.002442
1585226016.938102 25.436454 0.002441
1585226017.037102 25.437041 0.002441
1585226017.103102 25.437208 0.002441
1585226017.169102 25.437536 0.002440
1585226017.235102 25.438405 0.002440
1585226017.301103 25.438345 0.002440
1585226017.400103 25.438284 0.002440
1585226017.499103 25.439026 0.002440
1585226017.598103 25.439406 0.002439
1585226017.664104 25.440372 0.002439
1585226017.763104 25.439928 0.002438
1585226017.862104 25.439755 0.002438
1585226017.961104 25.439503 0.002438
1585226018.060104 25.438425 0.002438
1585226018.159105 25.439292 0.002437
1585226018.258105 25.439443 0.002437
1585226018.357105 25.439479 0.002437
1585226018.456105 25.440345 0.002437
1585226018.555105 25.439652 0.002436
1585226018.654106 25.439307 0.002436
1585226018.753106 25.439645 0.002436
1585226018.852106 25.439728 0.002436
1585226018.951107 25.439535 0.002436
1585226019.050107 25.439475 0.002435
1585226019.149107 25.439688 0.002435
1585226019.248107 25.440118 0.002435
1585226019.314107 25.440721 0.002434
1585226019.380107 25.441340 0.002434
1585226019.446108 25.442179 0.002434
1585226019.512108 25.443163 0.002434
1585226019.578108 25.443427 0.002434
1585226019.677108 25.443722 0.002434
1585226019.776109 25.443585 0.002433
1585226019.842109 25.443328 0.002433
1585226019.908109 25.443122 0.002433
1585226020.007109 25.441801 0.002433
1585226020.106109 25.441289 0.002433
1585226020.205110 25.440593 0.002433
1585226020.304110 25.440474 0.002433
1585226020.403110 25.441934 0.002433
1585226020.502110 25.442064 0.002432
1585226020.601110 25.443703 0.002431
1585226020.700111 25.443711 0.002432
1585226020.799111 25.443171 0.002432
1585226020.898111 25.443203 0.002432
1585226021.030112 25.442954 0.002432
1585226021.129112 25.441720 0.002431
1585226021.228112 25.441449 0.002431
1585226021.327112 25.442846 0.002431
1585226021.426112 25.443285 0.002431
1585226021.525113 25.443183 0.002431
1585226021.624113 25.443410 0.002431
1585226021.723113 25.443988 0.002430
1585226021.822113 25.444438 0.002430
1585226021.921113 25.444570 0.002430
1585226022.020114 25.443871 0.002430
1585226022.119114 25.444603 0.002429
1585226022.218114 25.445485 0.002429
1585226022.317114 25.446440 0.002428
1585226022.416115 25.446715 0.002427
1585226022.515115 25.448747 0.002427
1585226022.614115 25.449961 0.002426
1585226022.746116 25.451055 0.002426
1585226022.845116 25.451046 0.002426
1585226022.944116 25.451642 0.002425
1585226023.043116 25.450840 0.002425
1585226023.142116 25.449127 0.002425
1585226023.241117 25.447661 0.002424
1585226023.340117 25.451263 0.002424
1585226023.439117 25.450985 0.002425
1585226023.538117 25.450893 0.002424
1585226023.637118 25.449714 0.002424
1585226023.736118 25.450061 0.002423
1585226023.835118 25.449972 0.002423
1585226023.934119 25.451125 0.002423
1585226024.033118 25.451389 0.002423
1585226024.132119 25.450591 0.002423
1585226024.231119 25.451200 0.002423
1585226024.330119 25.448704 0.002423
1585226024.429120 25.447682 0.002422
1585226024.561120 25.446975 0.002422
1585226024.660120 25.446311 0.002422
1585226024.759120 25.446783 0.002422
1585226024.858120 25.447452 0.002422
1585226024.957121 25.447832 0.002422
1585226025.056121 25.448559 0.002422
1585226025.155121 25.448512 0.002420
1585226025.254122 25.449478 0.002420
1585226025.320122 25.449521 0.002421
1585226025.419122 25.449746 0.002421
1585226025.485122 25.450525 0.002421
1585226025.551122 25.452049 0.002421
1585226025.650122 25.450407 0.002420
1585226025.749123 25.449161 0.002420
1585226025.848123 25.451450 0.002421
1585226025.947123 25.451775 0.002420
1585226026.046123 25.450973 0.002420
1585226026.145123 25.450617 0.002420
1585226026.244124 25.450654 0.002420
1585226026.343124 25.450597 0.002420
1585226026.442124 25.451801 0.002420
1585226026.541125 25.451936 0.002420
1585226026.640125 25.451155 0.002420
1585226026.739125 25.451294 0.002420
1585226026.838125 25.451158 0.002418
1585226026.937125 25.451972 0.002419
1585226027.069126 25.452433 0.002419
1585226027.168126 25.451427 0.002419
1585226027.267126 25.451042 0.002417
1585226027.366127 25.450295 0.002418
1585226027.465127 25.450475 0.002419
1585226027.564127 25.451582 0.002419
1585226027.663127 25.452317 0.002417
1585226027.762127 25.452272 0.002418
1585226027.861128 25.451847 0.002418
1585226027.960128 25.452277 0.002418
1585226028.059128 25.452055 0.002418
1585226028.158128 25.452080 0.002418
1585226028.257129 25.452540 0.002416
1585226028.356129 25.452358 0.002417
1585226028.455129 25.451407 0.002417
1585226028.554129 25.451093 0.002417
1585226028.653130 25.451692 0.002416
1585226028.752130 25.451958 0.002414
1585226028.851130 25.453214 0.002414
1585226028.950130 25.454456 0.002415
1585226029.049130 25.454963 0.002416
1585226029.148131 25.454470 0.002416
1585226029.247131 25.454153 0.002414
1585226029.346131 25.454300 0.002416
1585226029.445132 25.454942 0.002416
1585226029.544132 25.453265 0.002415
1585226029.643132 25.454208 0.002416
1585226029.742132 25.453632 0.002413
1585226029.841132 25.453274 0.002410
1585226029.973133 25.453170 0.002413
1585226030.072133 25.452800 0.002411
1585226030.171133 25.452250 0.002411
1585226030.270133 25.453436 0.002413
1585226030.369133 25.453962 0.002413
1585226030.435134 25.453276 0.002413
1585226030.501134 25.453435 0.002413
1585226030.567134 25.453484 0.002413
1585226030.666134 25.454063 0.002412
1585226030.732134 25.453647 0.002411
1585226030.831135 25.452619 0.002413
1585226030.930135 25.453099 0.002412
1585226030.996135 25.451432 0.002411
1585226031.095135 25.451977 0.002412
1585226031.194136 25.451028 0.002412
1585226031.293136 25.452018 0.002410
1585226031.392136 25.452632 0.002411
1585226031.491136 25.453213 0.002411
1585226031.590137 25.453578 0.002411
1585226031.689137 25.453398 0.002410
1585226031.788137 25.452395 0.002410
1585226031.887137 25.451253 0.002409
1585226031.986138 25.451619 0.002406
1585226032.085138 25.451054 0.002408
1585226032.184138 25.450427 0.002406
1585226032.283138 25.450586 0.002407
1585226032.382138 25.449797 0.002408
1585226032.481139 25.450119 0.002408
1585226032.580139 25.449806 0.002408
1585226032.679139 25.449502 0.002408
1585226032.778139 25.449238 0.002406
1585226032.877140 25.448901 0.002407
1585226032.976140 25.450301 0.002405
1585226033.075140 25.451594 0.002406
1585226033.174140 25.451957 0.002406
1585226033.273140 25.450999 0.002404
1585226033.405141 25.449877 0.002405
1585226033.537141 25.450852 0.002405
1585226033.636142 25.450649 0.002404
1585226033.768142 25.450557 0.002405
1585226033.900142 25.451175 0.002404
1585226034.032142 25.451545 0.002404
1585226034.164143 25.452533 0.002403
1585226034.296143 25.451903 0.002402
1585226034.395143 25.452229 0.002401
1585226034.527144 25.453752 0.002403
1585226034.659144 25.453543 0.002402
1585226034.791144 25.451197 0.002402
1585226034.923144 25.452866 0.002400
1585226035.022145 25.453244 0.002401
1585226035.121145 25.453324 0.002400
1585226035.220145 25.452849 0.002400
1585226035.319145 25.454218 0.002401
1585226035.418146 25.453517 0.002400
1585226035.517146 25.452600 0.002400
1585226035.616146 25.452629 0.002400
1585226035.715147 25.453053 0.002400
1585226035.814147 25.452388 0.002400
1585226035.946147 25.453540 0.002399
1585226036.045147 25.452280 0.002397
1585226036.144147 25.451414 0.002397
1585226036.276148 25.452479 0.002398
1585226036.375148 25.450506 0.002397
1585226036.474148 25.449654 0.002398
1585226036.606149 25.450228 0.002398
1585226036.738149 25.450391 0.002398
1585226036.837149 25.449660 0.002397
1585226036.936149 25.449649 0.002395
1585226037.068150 25.450435 0.002397
1585226037.200150 25.450929 0.002397
1585226037.332150 25.450960 0.002397
1585226037.464150 25.451242 0.002396
1585226037.596151 25.451844 0.002397
1585226037.728151 25.451678 0.002395
1585226037.860152 25.451966 0.002396
1585226037.992152 25.451858 0.002396
1585226038.091152 25.450208 0.002397
1585226038.223152 25.450644 0.002397
1585226038.322153 25.449175 0.002396
1585226038.454153 25.449317 0.002395
1585226038.586154 25.449509 0.002396
1585226038.718154 25.448182 0.002396
1585226038.850154 25.448944 0.002395
1585226038.982155 25.451410 0.002395
1585226039.114155 25.451767 0.002396
1585226039.246155 25.452442 0.002396
1585226039.411155 25.452679 0.002396
1585226039.576156 25.452682 0.002395
1585226039.741156 25.452498 0.002395
1585226039.906157 25.453985 0.002395
1585226040.038157 25.453716 0.002394
1585226040.170157 25.454181 0.002394
1585226040.302158 25.454680 0.002395
1585226040.434158 25.453599 0.002395
1585226040.566158 25.455795 0.002394
1585226040.698159 25.455720 0.002395
1585226040.830159 25.456961 0.002395
1585226040.962159 25.458832 0.002395
1585226041.094159 25.458772 0.002395
1585226041.226160 25.459986 0.002394
1585226041.358160 25.461135 0.002394
1585226041.490160 25.463177 0.002394
1585226041.622161 25.465003 0.002393
1585226041.754161 25.468051 0.002393
1585226041.886161 25.469857 0.002394
1585226042.018162 25.471525 0.002394
1585226042.150162 25.474727 0.002392
1585226042.282162 25.475776 0.002393
1585226042.414163 25.479178 0.002394
1585226042.546163 25.481267 0.002392
1585226042.711163 25.487124 0.002393
1585226042.843164 25.491901 0.002392
1585226042.975164 25.497078 0.002393
1585226043.140164 25.499976 0.002391
1585226043.305165 25.508448 0.002392
1585226043.470165 25.513350 0.002391
1585226043.635165 25.514882 0.002390
1585226043.800166 25.521282 0.002390
1585226043.965166 25.528321 0.002389
1585226044.130167 25.532261 0.002390
1585226044.295167 25.533610 0.002390
1585226044.460167 25.537673 0.002388
1585226044.625168 25.540423 0.002389
1585226044.757168 25.540809 0.002389
1585226044.889169 25.547278 0.002386
1585226045.021169 25.550650 0.002384
1585226045.153169 25.552810 0.002384
1585226045.285169 25.554997 0.002386
1585226045.417170 25.556842 0.002374
1585226045.549170 25.559744 0.002380
1585226045.681170 25.558546 0.002384
1585226045.813171 25.558844 0.002382
1585226045.945171 25.561033 0.002382
1585226046.077171 25.563099 0.002382
1585226046.209172 25.562042 0.002382
1585226046.341172 25.562484 0.002382
1585226046.473172 25.563185 0.002381
1585226046.605172 25.565719 0.002378
1585226046.737173 25.564708 0.002374
1585226046.869173 25.564010 0.002364
1585226047.001173 25.563487 0.002373
1585226047.133174 25.562599 0.002370
1585226047.265174 25.561679 0.002369
1585226047.397175 25.559924 0.002366
1585226047.529175 25.560422 0.002363
1585226047.661175 25.559393 0.002360
1585226047.793175 25.560064 0.002359
1585226047.925176 25.561020 0.002357
1585226048.024176 25.561800 0.002355
1585226048.123176 25.561651 0.002355
1585226048.222177 25.562208 0.002352
1585226048.354177 25.562754 0.002349
1585226048.486177 25.562603 0.002346
1585226048.618177 25.563202 0.002342
1585226048.750178 25.561662 0.002341
1585226048.882178 25.561223 0.002338
1585226049.014178 25.561287 0.002333
1585226049.179179 25.562535 0.002332
1585226049.344179 25.562163 0.002330
1585226049.443179 25.563613 0.002328
1585226049.542180 25.563116 0.002324
1585226049.641180 25.563965 0.002323
1585226049.740180 25.563977 0.002322
1585226049.839180 25.564399 0.002319
1585226049.938180 25.565109 0.002317
1585226050.070181 25.565145 0.002315
1585226050.169181 25.565124 0.002314
1585226050.268181 25.565716 0.002313
1585226050.400182 25.566491 0.002310
1585226050.499182 25.567030 0.002309
1585226050.631182 25.566521 0.002306
1585226050.763182 25.567568 0.002305
1585226050.862183 25.568569 0.002304
1585226050.961183 25.568725 0.002303
1585226051.060183 25.568058 0.002299
1585226051.159183 25.567515 0.002299
1585226051.258184 25.569395 0.002296
1585226051.357184 25.569434 0.002296
1585226051.456184 25.570383 0.002296
1585226051.555184 25.570854 0.002294
1585226051.654184 25.571145 0.002293
1585226051.753185 25.571368 0.002293
1585226051.819185 25.570815 0.002292
1585226051.918185 25.572803 0.002290
1585226052.017185 25.572847 0.002289
1585226052.116186 25.572532 0.002289
1585226052.215186 25.572360 0.002288
1585226052.314186 25.572662 0.002287
1585226052.413186 25.573278 0.002285
1585226052.512187 25.573258 0.002280
1585226052.611187 25.574028 0.002283
1585226052.710187 25.573969 0.002280
1585226052.809187 25.574871 0.002281
1585226052.908188 25.575553 0.002280
1585226053.007188 25.576044 0.002280
1585226053.073188 25.576208 0.002279
1585226053.172188 25.575371 0.002277
1585226053.271188 25.574980 0.002278
1585226053.370188 25.574935 0.002278
1585226053.469189 25.574844 0.002277
1585226053.568189 25.575627 0.002276
1585226053.667189 25.575975 0.002275
1585226053.766190 25.577195 0.002274
1585226053.865190 25.576690 0.002272
1585226053.964190 25.576325 0.002272
1585226054.030190 25.575912 0.002270
1585226054.129190 25.575826 0.002271
1585226054.261191 25.574407 0.002270
1585226054.360191 25.574233 0.002270
1585226054.459191 25.574643 0.002269
1585226054.558192 25.573567 0.002267
1585226054.690192 25.574527 0.002267
1585226054.789192 25.575107 0.002267
1585226054.855192 25.575452 0.002266
1585226054.987192 25.576000 0.002265
1585226055.086193 25.576958 0.002265
1585226055.185193 25.578240 0.002264
1585226055.284193 25.577884 0.002264
1585226055.350194 25.578304 0.002264
1585226055.416193 25.579243 0.002260
1585226055.482194 25.579754 0.002260
1585226055.581194 25.579209 0.002263
1585226055.680194 25.578483 0.002261
1585226055.779194 25.578482 0.002263
1585226055.845195 25.578467 0.002262
1585226055.944195 25.578616 0.002262
1585226056.043195 25.578925 0.002261
1585226056.142195 25.578550 0.002261
1585226056.241195 25.578147 0.002261
1585226056.340196 25.578771 0.002260
1585226056.439196 25.579136 0.002258
1585226056.571196 25.579227 0.002260
1585226056.703197 25.579474 0.002259
1585226056.802197 25.579600 0.002258
1585226056.901197 25.579940 0.002260
1585226057.000197 25.579175 0.002259
1585226057.099197 25.579306 0.002259
1585226057.198198 25.579575 0.002258
1585226057.297198 25.580239 0.002255
1585226057.396198 25.579445 0.002256
1585226057.495198 25.579536 0.002258
1585226057.594199 25.579832 0.002256
1585226057.693199 25.580008 0.002258
1585226057.759199 25.580403 0.002256
1585226057.825199 25.579845 0.002256
1585226057.924199 25.580576 0.002257
1585226058.023200 25.580401 0.002255
1585226058.122200 25.581134 0.002257
1585226058.221200 25.581370 0.002257
1585226058.320200 25.580732 0.002257
1585226058.419200 25.581615 0.002254
1585226058.551201 25.582065 0.002256
1585226058.716202 25.582830 0.002255
1585226058.848202 25.582950 0.002256
1585226059.013202 25.583734 0.002255
1585226059.178202 25.583837 0.002255
1585226059.310203 25.583837 0.002255
1585226059.508203 25.584827 0.002255
1585226059.673204 25.585711 0.002255
1585226059.838204 25.586732 0.002254
1585226060.036205 25.587630 0.002253
1585226060.234205 25.589282 0.002254
1585226060.432206 25.590177 0.002254
1585226060.630206 25.591390 0.002255
1585226060.795206 25.591792 0.002252
1585226060.960207 25.592801 0.002254
1585226061.125207 25.593446 0.002254
1585226061.290207 25.593894 0.002254
1585226061.455208 25.593395 0.002254
1585226061.620209 25.594598 0.002252
1585226061.785209 25.595196 0.002254
1585226061.950209 25.594429 0.002254
1585226062.082210 25.594266 0.002254
1585226062.214210 25.595153 0.002251
1585226062.346210 25.596158 0.002252
1585226062.478210 25.596682 0.002253
1585226062.610211 25.595922 0.002252
1585226062.742211 25.596533 0.002253
1585226062.874211 25.596656 0.002251
1585226062.973212 25.596703 0.002253
1585226063.072212 25.595689 0.002248
1585226063.171212 25.596779 0.002252
1585226063.270212 25.596902 0.002252
1585226063.369212 25.595808 0.002251
1585226063.468213 25.595566 0.002251
1585226063.567213 25.594304 0.002250
1585226063.699213 25.594071 0.002251
1585226063.798214 25.593308 0.002250
1585226063.897214 25.593487 0.002250
1585226064.029214 25.593540 0.002250
1585226064.161214 25.593037 0.002249
1585226064.293215 25.592055 0.002249
1585226064.425215 25.590712 0.002249
1585226064.557215 25.590449 0.002249
1585226064.656216 25.588527 0.002248
1585226064.755216 25.586842 0.002247
1585226064.887216 25.585800 0.002247
1585226065.019216 25.585370 0.002247
1585226065.151217 25.583522 0.002246
1585226065.283217 25.582164 0.002245
1585226065.415217 25.581930 0.002245
1585226065.514217 25.581111 0.002244
1585226065.613218 25.580692 0.002243
1585226065.745218 25.580377 0.002243
1585226065.877218 25.579021 0.002242
1585226066.009219 25.577633 0.002241
1585226066.141219 25.576814 0.002241
1585226066.273219 25.574361 0.002239
1585226066.405220 25.573338 0.002239
1585226066.537220 25.572310 0.002237
1585226066.669220 25.571929 0.002238
1585226066.768221 25.571080 0.002237
1585226066.900221 25.570393 0.002236
1585226066.999221 25.569479 0.002236
1585226067.098221 25.568670 0.002235
1585226067.230222 25.568158 0.002235
1585226067.362222 25.567654 0.002235
1585226067.461222 25.567680 0.002233
1585226067.560222 25.568785 0.002233
1585226067.659223 25.568568 0.002233
1585226067.758223 25.568265 0.002233
1585226067.857223 25.567915 0.002232
1585226067.956223 25.567322 0.002231
1585226068.022224 25.567349 0.002231
1585226068.121224 25.566305 0.002231
1585226068.220224 25.565154 0.002231
1585226068.286224 25.564979 0.002230
1585226068.352224 25.564659 0.002229
1585226068.418224 25.565091 0.002230
1585226068.484225 25.564815 0.002230
1585226068.583225 25.564123 0.002230
1585226068.649225 25.563665 0.002229
1585226068.748225 25.562943 0.002229
1585226068.847226 25.562177 0.002229
1585226068.946226 25.561036 0.002228
1585226069.045226 25.560020 0.002227
1585226069.144226 25.559068 0.002228
1585226069.243226 25.558020 0.002226
1585226069.342227 25.557861 0.002227
1585226069.441227 25.557469 0.002225
1585226069.540227 25.556617 0.002226
1585226069.639227 25.555812 0.002226
1585226069.738228 25.555334 0.002226
1585226069.837228 25.554632 0.002225
1585226069.903228 25.554493 0.002225
1585226069.969228 25.553796 0.002225
1585226070.068228 25.552376 0.002224
1585226070.167229 25.551722 0.002225
1585226070.266229 25.550517 0.002223
1585226070.365229 25.549640 0.002223
1585226070.464229 25.548665 0.002224
1585226070.563230 25.547376 0.002223
1585226070.662230 25.546062 0.002223
1585226070.761230 25.545442 0.002223
1585226070.860230 25.543966 0.002223
1585226070.926230 25.543756 0.002223
1585226071.025231 25.542919 0.002222
1585226071.124231 25.542000 0.002222
1585226071.223231 25.540763 0.002222
1585226071.322231 25.540235 0.002222
1585226071.421232 25.539148 0.002221
1585226071.520232 25.538474 0.002221
1585226071.619232 25.537997 0.002221
1585226071.718232 25.537691 0.002221
1585226071.850233 25.536485 0.002221
1585226071.982233 25.536101 0.002221
1585226072.081233 25.534972 0.002221
1585226072.180233 25.534089 0.002219
1585226072.279234 25.533547 0.002220
1585226072.378234 25.532869 0.002220
1585226072.477234 25.532102 0.002220
1585226072.576235 25.531138 0.002220
1585226072.675235 25.530539 0.002219
1585226072.774235 25.529850 0.002219
1585226072.873235 25.529135 0.002219
1585226072.972235 25.528063 0.002219
1585226073.071236 25.527351 0.002218
1585226073.170236 25.526664 0.002219
1585226073.269236 25.526302 0.002219
1585226073.368236 25.525372 0.002219
1585226073.467237 25.524337 0.002219
1585226073.566237 25.523654 0.002219
1585226073.665237 25.523595 0.002218
1585226073.764237 25.522882 0.002219
1585226073.863237 25.522781 0.002218
1585226073.962238 25.522272 0.002218
1585226074.061238 25.521700 0.002218
1585226074.160238 25.521375 0.002218
1585226074.259238 25.520973 0.002218
1585226074.358239 25.520569 0.002218
1585226074.457239 25.520082 0.002218
1585226074.556239 25.519792 0.002218
1585226074.655239 25.519977 0.002218
1585226074.754240 25.519156 0.002217
1585226074.853240 25.518794 0.002217
1585226074.952240 25.518085 0.002217
1585226075.051240 25.517758 0.002217
1585226075.183241 25.517238 0.002217
1585226075.315241 25.516722 0.002217
1585226075.414241 25.516176 0.002217
1585226075.513241 25.515975 0.002217
1585226075.645241 25.515162 0.002217
1585226075.777242 25.514696 0.002217
1585226075.909242 25.514225 0.002217
1585226076.008243 25.513826 0.002216
1585226076.140243 25.513514 0.002217
1585226076.272243 25.513020 0.002216
1585226076.371243 25.512629 0.002216
1585226076.470244 25.512188 0.002216
1585226076.569244 25.512012 0.002216
1585226076.668244 25.511565 0.002216
1585226076.767244 25.511310 0.002216
1585226076.866245 25.510978 0.002216
1585226076.965245 25.510862 0.002216
1585226077.064245 25.510651 0.002216
1585226077.163245 25.509992 0.002216
1585226077.262246 25.509787 0.002216
1585226077.361246 25.509244 0.002216
1585226077.460246 25.509101 0.002216
1585226077.559246 25.508434 0.002215
1585226077.658247 25.507991 0.002215
1585226077.757247 25.507432 0.002215
1585226077.856247 25.507104 0.002215
1585226077.955247 25.506796 0.002214
1585226078.054247 25.506141 0.002215
1585226078.153248 25.505615 0.002215
1585226078.252248 25.505143 0.002215
1585226078.351248 25.504724 0.002215
1585226078.450248 25.504092 0.002215
1585226078.549248 25.503926 0.002215
1585226078.648249 25.503546 0.002215
1585226078.747249 25.502894 0.002215
1585226078.846249 25.502648 0.002215
1585226078.945250 25.502492 0.002215
1585226079.044250 25.502143 0.002215
1585226079.143250 25.501662 0.002215
1585226079.242250 25.501206 0.002215
1585226079.341251 25.500937 0.002214
1585226079.440251 25.500647 0.002214
1585226079.539251 25.500292 0.002214
1585226079.638251 25.499758 0.002214
1585226079.737251 25.499832 0.002214
1585226079.836252 25.499417 0.002214
1585226079.935252 25.498703 0.002214
1585226080.034252 25.497880 0.002214
1585226080.133252 25.497107 0.002214
1585226080.199252 25.497224 0.002214
1585226080.298253 25.497237 0.002214
1585226080.397253 25.497003 0.002214
1585226080.496253 25.496744 0.002214
1585226080.595253 25.496468 0.002214
1585226080.694254 25.495887 0.002214
1585226080.793254 25.495331 0.002214
1585226080.859254 25.495166 0.002214
1585226080.958254 25.494942 0.002214
1585226081.057255 25.494336 0.002214
1585226081.156255 25.494276 0.002214
1585226081.255255 25.494022 0.002214
1585226081.354255 25.493588 0.002214
1585226081.453255 25.493356 0.002214
1585226081.552256 25.493145 0.002214
1585226081.651256 25.492856 0.002214
1585226081.750256 25.492875 0.002214
1585226081.849257 25.492581 0.002214
1585226081.948257 25.492076 0.002214
1585226082.014257 25.491655 0.002214
1585226082.113257 25.491487 0.002214
1585226082.212257 25.491416 0.002214
1585226082.311258 25.490983 0.002214
1585226082.410258 25.490961 0.002214
1585226082.509258 25.490601 0.002214
1585226082.608258 25.490444 0.002214
1585226082.707258 25.489805 0.002214
1585226082.806259 25.489379 0.002214
1585226082.938259 25.489556 0.002214
1585226083.070260 25.489003 0.002214
1585226083.202260 25.488629 0.002214
1585226083.334260 25.488229 0.002214
1585226083.466260 25.487501 0.002214
1585226083.598261 25.486692 0.002214
1585226083.763261 25.486101 0.002214
1585226083.928261 25.485234 0.002214
1585226084.159262 25.484365 0.002213
1585226084.423262 25.483366 0.002213
1585226084.654263 25.482047 0.002214
1585226084.852264 25.482149 0.002213
1585226085.017264 25.481031 0.002214
1585226085.182264 25.479722 0.002214
1585226085.347265 25.479457 0.002213
1585226085.479265 25.477903 0.002214
1585226085.611265 25.477124 0.002213
1585226085.776266 25.475845 0.002213
1585226085.941266 25.473856 0.002213
1585226086.106267 25.472497 0.002213
1585226086.271267 25.470469 0.002213
1585226086.436267 25.469529 0.002213
1585226086.601268 25.468198 0.002213
1585226086.766268 25.467472 0.002213
1585226086.898268 25.465648 0.002213
1585226087.030269 25.464350 0.002213
1585226087.162269 25.463643 0.002213
1585226087.294269 25.462710 0.002213
1585226087.426270 25.461570 0.002213
1585226087.558270 25.460880 0.002213
1585226087.690270 25.459903 0.002213
1585226087.822271 25.459017 0.002213
1585226087.954271 25.458938 0.002213
1585226088.119272 25.458380 0.002213
1585226088.251272 25.457089 0.002213
1585226088.383272 25.456998 0.002213
1585226088.515272 25.456536 0.002213
1585226088.614273 25.455845 0.002213
1585226088.779273 25.454750 0.002212
1585226088.944273 25.453620 0.002212
1585226089.109274 25.452603 0.002212
1585226089.274274 25.451403 0.002212
1585226089.439275 25.451695 0.002212
1585226089.604275 25.452477 0.002211
1585226089.736275 25.451550 0.002211
1585226089.868275 25.450638 0.002211
1585226090.000276 25.450012 0.002210
1585226090.132276 25.450320 0.002210
1585226090.264277 25.450259 0.002210
1585226090.363277 25.449612 0.002210
1585226090.462277 25.449654 0.002209
1585226090.594277 25.449995 0.002209
1585226090.693277 25.450296 0.002209
1585226090.792278 25.450402 0.002209
1585226090.924278 25.450634 0.002208
1585226091.023278 25.451064 0.002208
1585226091.155279 25.451357 0.002208
1585226091.287279 25.451787 0.002207
1585226091.419279 25.451179 0.002207
1585226091.584280 25.450980 0.002206
1585226091.749280 25.451424 0.002206
1585226091.881280 25.451570 0.002205
1585226092.013281 25.451673 0.002205
1585226092.145281 25.451671 0.002205
1585226092.277281 25.452096 0.002205
1585226092.409281 25.452339 0.002204
1585226092.541282 25.452782 0.002204
1585226092.640282 25.453189 0.002204
1585226092.772283 25.453343 0.002203
1585226092.871283 25.453071 0.002203
1585226093.003283 25.452944 0.002201
1585226093.135283 25.453066 0.002202
1585226093.267284 25.452746 0.002202
1585226093.399284 25.452510 0.002201
1585226093.531284 25.452387 0.002201
1585226093.663285 25.452399 0.002200
1585226093.762285 25.452426 0.002201
1585226093.894285 25.452617 0.002200
1585226093.993285 25.452968 0.002200
1585226094.092286 25.453037 0.002200
1585226094.191286 25.453001 0.002199
1585226094.290286 25.452296 0.002199
1585226094.389287 25.452268 0.002198
1585226094.488287 25.452084 0.002197
1585226094.587287 25.451945 0.002198
1585226094.686287 25.451655 0.002197
1585226094.785287 25.451643 0.002198
1585226094.884288 25.451440 0.002198
1585226094.983288 25.451417 0.002197
1585226095.082288 25.451398 0.002197
1585226095.148288 25.451822 0.002198
1585226095.214288 25.452195 0.002197
1585226095.280288 25.452278 0.002197
1585226095.379289 25.452391 0.002197
1585226095.445289 25.452691 0.002197
1585226095.511289 25.452990 0.002196
1585226095.577289 25.452811 0.002196
1585226095.643289 25.452679 0.002196
1585226095.709290 25.453260 0.002196
1585226095.775290 25.453540 0.002194
1585226095.841290 25.453432 0.002196
1585226095.907290 25.453543 0.002196
1585226095.973290 25.453953 0.002196
1585226096.072290 25.454158 0.002196
1585226096.171291 25.454266 0.002196
1585226096.270291 25.453961 0.002195
1585226096.369291 25.453582 0.002195
1585226096.501292 25.453323 0.002195
1585226096.600291 25.453700 0.002195
1585226096.699292 25.452721 0.002195
1585226096.798292 25.452580 0.002195
1585226096.897292 25.453355 0.002195
1585226097.029293 25.453522 0.002195
1585226097.194293 25.453641 0.002194
1585226097.359293 25.453752 0.002195
1585226097.524294 25.452922 0.002194
1585226097.656294 25.452897 0.002194
1585226097.788294 25.455304 0.002194
1585226097.920295 25.455274 0.002194
1585226098.052295 25.455702 0.002193
1585226098.184295 25.455452 0.002194
1585226098.316296 25.455015 0.002193
1585226098.448296 25.454320 0.002193
1585226098.547297 25.454154 0.002193
1585226098.646297 25.454093 0.002193
1585226098.745297 25.454085 0.002193
1585226098.844297 25.454264 0.002193
1585226098.943298 25.454349 0.002193
1585226099.042298 25.454324 0.002193
1585226099.141298 25.454221 0.002192
1585226099.240298 25.454209 0.002193
1585226099.339298 25.453971 0.002193
1585226099.438299 25.454487 0.002193
1585226099.537299 25.454858 0.002193
1585226099.669299 25.455554 0.002192
1585226099.801300 25.455576 0.002193
1585226099.900300 25.455775 0.002192
1585226099.999300 25.455931 0.002193
1585226100.098300 25.455937 0.002192
1585226100.197300 25.455968 0.002193
1585226100.296301 25.456231 0.002192
1585226100.395301 25.456844 0.002191
1585226100.494301 25.456400 0.002192
1585226100.593301 25.455249 0.002191
1585226100.692302 25.455326 0.002191
1585226100.824302 25.455526 0.002192
1585226100.956302 25.455525 0.002191
1585226101.088303 25.455319 0.002191
1585226101.220303 25.455221 0.002192
1585226101.352303 25.455406 0.002192
1585226101.451303 25.455431 0.002192
1585226101.583304 25.455325 0.002192
1585226101.715304 25.455863 0.002192
1585226101.847304 25.455221 0.002191
1585226101.946305 25.454792 0.002191
1585226102.045305 25.454959 0.002192
1585226102.144305 25.455480 0.002191
1585226102.243305 25.455313 0.002191
1585226102.375305 25.454870 0.002191
1585226102.507306 25.454860 0.002191
1585226102.639306 25.456228 0.002192
1585226102.771307 25.456167 0.002191
1585226102.903307 25.456297 0.002191
1585226103.002307 25.456201 0.002192
1585226103.101307 25.456304 0.002191
1585226103.200307 25.456891 0.002191
1585226103.299308 25.456378 0.002191
1585226103.365308 25.456375 0.002190
1585226103.464308 25.456373 0.002191
1585226103.563308 25.456305 0.002190
1585226103.662309 25.455552 0.002191
1585226103.761309 25.455890 0.002189
1585226103.893309 25.455994 0.002191
1585226104.058310 25.455057 0.002191
1585226104.256310 25.455592 0.002191
1585226104.421310 25.457240 0.002191
1585226104.586311 25.455244 0.002191
1585226104.751311 25.454039 0.002191
1585226104.949312 25.454102 0.002190
1585226105.213312 25.454059 0.002191
1585226105.444313 25.454734 0.002191
1585226105.675313 25.454660 0.002191
1585226105.840314 25.453333 0.002191
1585226106.038314 25.454239 0.002191
1585226106.269315 25.455913 0.002191
1585226106.467315 25.455306 0.002191
1585226106.665316 25.454987 0.002191
1585226106.830316 25.454771 0.002190
1585226106.995317 25.453529 0.002191
1585226107.160317 25.453710 0.002191
1585226107.325317 25.454064 0.002191
1585226107.490318 25.454599 0.002191
1585226107.655318 25.455721 0.002191
1585226107.820318 25.455109 0.002191
1585226107.952319 25.454768 0.002191
1585226108.117319 25.454759 0.002191
1585226108.249320 25.454643 0.002190
1585226108.381320 25.453342 0.002191
1585226108.513320 25.452933 0.002191
1585226108.645320 25.452763 0.002191
1585226108.744321 25.453293 0.002191
1585226108.876321 25.454022 0.002191
1585226109.008321 25.455139 0.002191
1585226109.107322 25.456161 0.002191
1585226109.239322 25.456690 0.002191
1585226109.338322 25.457403 0.002190
1585226109.437322 25.457939 0.002191
1585226109.536323 25.458469 0.002191
1585226109.635323 25.458983 0.002191
1585226109.734323 25.459295 0.002191
1585226109.833323 25.459822 0.002191
1585226109.965323 25.460634 0.002191
1585226110.097324 25.461432 0.002191
1585226110.262324 25.462742 0.002190
1585226110.394325 25.462855 0.002190
1585226110.526325 25.464332 0.002190
1585226110.658325 25.465527 0.002190
1585226110.757326 25.465862 0.002190
1585226110.856326 25.466432 0.002191
1585226110.955326 25.467752 0.002191
1585226111.054326 25.468242 0.002190
1585226111.120327 25.468934 0.002190
1585226111.219327 25.469481 0.002187
1585226111.318327 25.470200 0.002189
1585226111.417327 25.469744 0.002190
1585226111.516327 25.470365 0.002189
1585226111.615328 25.470752 0.002189
1585226111.714328 25.471296 0.002189
1585226111.813328 25.471130 0.002190
1585226111.912328 25.472156 0.002191
1585226112.011328 25.471489 0.002191
1585226112.143329 25.472033 0.002191
1585226112.242329 25.472382 0.002191
1585226112.341329 25.473025 0.002190
1585226112.440330 25.473862 0.002190
1585226112.539330 25.474135 0.002191
1585226112.638330 25.475053 0.002189
1585226112.737330 25.475234 0.002187
1585226112.836330 25.475045 0.002188
1585226112.935331 25.474638 0.002190
1585226113.034331 25.474248 0.002191
1585226113.133331 25.473368 0.002191
1585226113.232332 25.473305 0.002189
1585226113.331331 25.472962 0.002188
1585226113.430332 25.473212 0.002190
1585226113.529332 25.473250 0.002190
1585226113.628332 25.472454 0.002191
1585226113.727333 25.471969 0.002191
1585226113.826333 25.473484 0.002191
1585226113.925333 25.473551 0.002188
1585226114.024333 25.474131 0.002189
1585226114.123334 25.473138 0.002189
1585226114.222334 25.472328 0.002190
1585226114.354334 25.471636 0.002191
1585226114.453334 25.471410 0.002190
1585226114.552335 25.471340 0.002190
1585226114.651335 25.469777 0.002184
1585226114.750335 25.469272 0.002188
1585226114.849335 25.469074 0.002190
1585226114.948336 25.468978 0.002190
1585226115.047336 25.468063 0.002190
1585226115.146336 25.467456 0.002191
1585226115.245336 25.467424 0.002189
1585226115.344336 25.465400 0.002190
1585226115.476337 25.465491 0.002190
1585226115.608337 25.464474 0.002190
1585226115.773338 25.463761 0.002190
1585226115.971338 25.462822 0.002191
1585226116.202338 25.463813 0.002191
1585226116.400339 25.458518 0.002189
1585226116.631340 25.458376 0.002190
1585226116.862340 25.455454 0.002190
1585226117.093341 25.459051 0.002188
1585226117.357341 25.458561 0.002190
1585226117.588342 25.460124 0.002190
1585226117.819342 25.462981 0.002189
1585226118.017343 25.464914 0.002187
1585226118.248343 25.467467 0.002189
1585226118.446344 25.467896 0.002191
1585226118.644344 25.472230 0.002190
1585226118.809345 25.474463 0.002190
1585226118.974345 25.474345 0.002190
1585226119.139345 25.475418 0.002190
1585226119.271346 25.476691 0.002190
1585226119.403346 25.479342 0.002188
1585226119.535347 25.480992 0.002189
1585226119.667347 25.465332 0.002122
1585226119.799347 25.466843 0.002187
1585226119.931347 25.466082 0.002186
1585226120.030348 25.461522 0.002185
1585226120.162348 25.459622 0.002183
1585226120.261348 25.460292 0.002189
1585226120.393349 25.462629 0.002190
1585226120.525349 25.463659 0.002190
1585226120.657349 25.463570 0.002189
1585226120.789349 25.464154 0.002189
1585226120.921350 25.464356 0.002190
1585226121.053350 25.463756 0.002190
1585226121.152350 25.464819 0.002190
1585226121.251351 25.463124 0.002190
1585226121.383351 25.461690 0.002190
1585226121.515351 25.460810 0.002190
1585226121.647352 25.458596 0.002190
1585226121.779352 25.458054 0.002190
1585226121.911352 25.457157 0.002190
1585226122.043352 25.457301 0.002190
1585226122.142353 25.461782 0.002190
1585226122.274353 25.462886 0.002189
1585226122.406353 25.462341 0.002190
1585226122.538354 25.463137 0.002190
1585226122.670354 25.463025 0.002190
1585226122.802354 25.456953 0.002186
1585226122.934355 25.456219 0.002188
1585226123.066355 25.456803 0.002188
1585226123.198355 25.457165 0.002190
1585226123.330355 25.456993 0.002189
1585226123.462356 25.457502 0.002190
1585226123.594356 25.458048 0.002189
1585226123.726357 25.457062 0.002189
1585226123.858357 25.457978 0.002189
1585226123.957357 25.458373 0.002189
1585226124.056357 25.457928 0.002189
1585226124.155357 25.457575 0.002189
1585226124.254358 25.457859 0.002189
1585226124.320358 25.454167 0.002186
1585226124.419358 25.455855 0.002188
1585226124.485358 25.453120 0.002187
1585226124.584358 25.453704 0.002189
1585226124.683359 25.452911 0.002188
1585226124.782359 25.453196 0.002188
1585226124.881359 25.453310 0.002188
1585226125.013360 25.452790 0.002188
1585226125.112360 25.452243 0.002188
1585226125.211360 25.451426 0.002188
1585226125.310360 25.450786 0.002188
1585226125.409360 25.450479 0.002188
1585226125.508361 25.450524 0.002188
1585226125.607361 25.450514 0.002188
1585226125.673361 25.450541 0.002182
1585226125.772361 25.449496 0.002185
1585226125.871361 25.448864 0.002185
1585226125.937362 25.448220 0.002187
1585226126.003362 25.448065 0.002187
1585226126.069362 25.448108 0.002187
1585226126.135362 25.448263 0.002186
1585226126.201362 25.448632 0.002187
1585226126.267363 25.448526 0.002184
1585226126.333363 25.448023 0.002187
1585226126.432363 25.447834 0.002187
1585226126.531363 25.447282 0.002187
1585226126.630363 25.446510 0.002187
1585226126.696363 25.446568 0.002188
1585226126.795364 25.446914 0.002187
1585226126.927364 25.447306 0.002187
1585226127.026364 25.447493 0.002187
1585226127.125365 25.447761 0.002187
1585226127.224365 25.447637 0.002187
1585226127.356365 25.447746 0.002187
1585226127.488365 25.447549 0.002187
1585226127.587366 25.447990 0.002187
1585226127.719366 25.447924 0.002186
1585226127.818366 25.448207 0.002186
1585226127.917367 25.448674 0.002187
1585226128.016366 25.448798 0.002186
1585226128.115367 25.447650 0.002186
1585226128.214367 25.447861 0.002186
1585226128.280367 25.447659 0.002186
1585226128.379367 25.447635 0.002186
1585226128.478368 25.447879 0.002186
1585226128.577368 25.447958 0.002186
1585226128.676368 25.448263 0.002186
1585226128.775368 25.448469 0.002186
1585226128.874368 25.448579 0.002185
1585226128.973369 25.448370 0.002185
1585226129.072369 25.448315 0.002185
1585226129.171370 25.447857 0.002186
1585226129.270370 25.448149 0.002185
1585226129.369370 25.448096 0.002185
1585226129.435370 25.447830 0.002185
1585226129.534370 25.447131 0.002185
1585226129.633371 25.447111 0.002185
1585226129.732371 25.446698 0.002185
1585226129.831371 25.446112 0.002185
1585226129.897371 25.445909 0.002185
1585226129.963371 25.445294 0.002185
1585226130.029372 25.445300 0.002185
1585226130.095371 25.445089 0.002185
1585226130.161372 25.445516 0.002184
1585226130.227372 25.445995 0.002185
1585226130.326372 25.446489 0.002185
1585226130.425372 25.446560 0.002184
1585226130.524373 25.446460 0.002185
1585226130.623373 25.446255 0.002185
1585226130.722373 25.446242 0.002185
1585226130.821373 25.446439 0.002183
1585226130.887374 25.446865 0.002184
1585226130.986374 25.447072 0.002184
1585226131.052374 25.447333 0.002184
1585226131.151374 25.446885 0.002185
1585226131.250374 25.447032 0.002184
1585226131.349375 25.447281 0.002184
1585226131.448375 25.448013 0.002184
1585226131.547375 25.448568 0.002184
1585226131.646375 25.448787 0.002184
1585226131.745375 25.448705 0.002184
1585226131.844376 25.449305 0.002182
1585226131.943376 25.449745 0.002183
1585226132.042376 25.449831 0.002184
1585226132.174376 25.449723 0.002184
1585226132.306377 25.449656 0.002184
1585226132.405377 25.449644 0.002184
1585226132.504377 25.449841 0.002184
1585226132.603378 25.449876 0.002184
1585226132.702378 25.449801 0.002184
1585226132.834378 25.449896 0.002184
1585226132.933378 25.449845 0.002184
1585226133.032379 25.449893 0.002184
1585226133.131379 25.449431 0.002184
1585226133.230379 25.449661 0.002184
1585226133.329379 25.449960 0.002183
1585226133.428379 25.449693 0.002184
1585226133.527380 25.449857 0.002183
1585226133.593380 25.450240 0.002183
1585226133.692380 25.450827 0.002184
1585226133.791380 25.450842 0.002184
1585226133.890381 25.451754 0.002184
1585226134.022381 25.451752 0.002184
1585226134.187381 25.452499 0.002184
1585226134.352382 25.452694 0.002184
1585226134.517382 25.453982 0.002184
1585226134.715383 25.454960 0.002184
1585226134.946383 25.455039 0.002184
1585226135.144384 25.456162 0.002184
1585226135.309384 25.456216 0.002184
1585226135.474384 25.457038 0.002184
1585226135.639385 25.457126 0.002183
1585226135.804385 25.458018 0.002184
1585226135.969385 25.458682 0.002184
1585226136.134386 25.458771 0.002184
1585226136.299386 25.459000 0.002183
1585226136.464387 25.458910 0.002183
1585226136.629387 25.459298 0.002184
1585226136.794387 25.460315 0.002183
1585226136.959388 25.461021 0.002183
1585226137.091388 25.461533 0.002183
1585226137.223389 25.462059 0.002183
1585226137.355389 25.462799 0.002184
1585226137.487389 25.463002 0.002183
1585226137.619390 25.463986 0.002182
1585226137.751390 25.464409 0.002182
1585226137.850390 25.464401 0.002183
1585226137.949390 25.465364 0.002183
1585226138.048391 25.465622 0.002183
1585226138.147391 25.465673 0.002183
1585226138.246391 25.466644 0.002183
1585226138.345391 25.467484 0.002182
1585226138.444391 25.467898 0.002183
1585226138.543392 25.468317 0.002182
1585226138.642392 25.468440 0.002183
1585226138.741392 25.468797 0.002183
1585226138.840392 25.469850 0.002183
1585226138.939393 25.469978 0.002183
1585226139.038393 25.470721 0.002182
1585226139.137393 25.470822 0.002182
1585226139.236393 25.471219 0.002183
1585226139.335393 25.471886 0.002182
1585226139.434394 25.472183 0.002182
1585226139.533394 25.472753 0.002183
1585226139.632394 25.473434 0.002182
1585226139.731395 25.474028 0.002182
1585226139.830395 25.474635 0.002182
1585226139.929395 25.475349 0.002182
1585226140.028395 25.475903 0.002182
1585226140.127395 25.476213 0.002182
1585226140.226396 25.476882 0.002182
1585226140.325396 25.477328 0.002182
1585226140.424396 25.477553 0.002182
1585226140.523396 25.478413 0.002181
1585226140.622397 25.479215 0.002181
1585226140.721397 25.479996 0.002181
1585226140.820397 25.479990 0.002181
1585226140.919397 25.480361 0.002181
1585226141.018397 25.480438 0.002181
1585226141.117398 25.481199 0.002181
1585226141.249398 25.481519 0.002181
1585226141.348398 25.482067 0.002181
1585226141.480399 25.482896 0.002180
1585226141.579399 25.483458 0.002181
1585226141.678399 25.483771 0.002180
1585226141.777399 25.484488 0.002180
1585226141.876400 25.484865 0.002180
1585226141.942400 25.485555 0.002180
1585226142.041400 25.485688 0.002180
1585226142.140400 25.486947 0.002180
1585226142.239400 25.487925 0.002180
1585226142.371401 25.488920 0.002179
1585226142.503401 25.490597 0.002180
1585226142.602401 25.491176 0.002179
1585226142.701402 25.491739 0.002179
1585226142.800402 25.491798 0.002179
1585226142.899402 25.492248 0.002179
1585226142.965402 25.492632 0.002179
1585226143.064402 25.492995 0.002179
1585226143.196403 25.493041 0.002179
1585226143.295403 25.493382 0.002179
1585226143.394403 25.493310 0.002179
1585226143.493403 25.493560 0.002179
1585226143.559404 25.493724 0.002178
1585226143.625404 25.493768 0.002178
1585226143.691404 25.493814 0.002179
1585226143.757404 25.493986 0.002179
1585226143.823404 25.493963 0.002178
1585226143.889404 25.494134 0.002178
1585226143.922405 25.493911 0.002178
1585226143.988405 25.493915 0.002178
1585226144.054405 25.494144 0.002178
1585226144.120405 25.494146 0.002178
1585226144.186405 25.494494 0.002178
1585226144.252405 25.494461 0.002178
1585226144.318405 25.494735 0.002178
1585226144.384406 25.494778 0.002177
1585226144.450406 25.494697 0.002178
1585226144.516406 25.494759 0.002178
1585226144.582406 25.495074 0.002178
1585226144.648406 25.494958 0.002178
1585226144.747406 25.495210 0.002178
1585226144.846407 25.494717 0.002178
1585226144.945407 25.495148 0.002178
1585226145.011407 25.495115 0.002178
1585226145.110407 25.494882 0.002178
1585226145.176408 25.495164 0.002178
1585226145.275408 25.494896 0.002178
1585226145.341408 25.495269 0.002177
1585226145.407408 25.495382 0.002178
1585226145.473408 25.495578 0.002177
1585226145.539408 25.495628 0.002177
1585226145.638409 25.496182 0.002177
1585226145.737409 25.496400 0.002177
1585226145.836409 25.495919 0.002177
1585226145.902409 25.495788 0.002177
1585226146.001410 25.495633 0.002177
1585226146.100410 25.495789 0.002177
1585226146.199410 25.496187 0.002177
1585226146.298410 25.496450 0.002177
1585226146.397410 25.496316 0.002176
1585226146.463410 25.495880 0.002177
1585226146.562411 25.495942 0.002177
1585226146.661411 25.496391 0.002177
1585226146.760412 25.496019 0.002176
1585226146.859411 25.495092 0.002176
1585226146.925412 25.494218 0.002176
1585226146.991412 25.494047 0.002177
1585226147.057412 25.495148 0.002177
1585226147.123412 25.493864 0.002176
1585226147.189412 25.494130 0.002176
1585226147.255413 25.494444 0.002176
1585226147.321413 25.494190 0.002176
1585226147.420413 25.494714 0.002176
1585226147.519413 25.495393 0.002176
1585226147.651413 25.493817 0.002176
1585226147.783414 25.490729 0.002175
1585226147.915414 25.489266 0.002176
1585226148.047414 25.491654 0.002176
1585226148.179415 25.491482 0.002176
1585226148.311415 25.490224 0.002176
1585226148.410415 25.488467 0.002176
1585226148.509415 25.487912 0.002176
1585226148.608416 25.485874 0.002175
1585226148.707416 25.485698 0.002176
1585226148.839416 25.485831 0.002176
1585226148.971416 25.484770 0.002176
1585226149.136417 25.483303 0.002175
1585226149.334417 25.482458 0.002176
1585226149.565418 25.481866 0.002176
1585226149.730418 25.481328 0.002176
1585226149.928419 25.479098 0.002176
1585226150.126419 25.478462 0.002176
1585226150.357420 25.478912 0.002176
1585226150.555420 25.477903 0.002176
1585226150.753421 25.477189 0.002176
1585226150.918421 25.476831 0.002176
1585226151.050421 25.478235 0.002176
1585226151.149422 25.479160 0.002176
1585226151.281422 25.479455 0.002176
1585226151.413422 25.479141 0.002176
1585226151.545423 25.478672 0.002176
1585226151.677423 25.477835 0.002176
1585226151.809423 25.478258 0.002176
1585226151.908423 25.477952 0.002176
1585226152.007424 25.477329 0.002175
1585226152.106424 25.476505 0.002176
1585226152.205424 25.476450 0.002176
1585226152.337425 25.476726 0.002176
1585226152.469425 25.476902 0.002175
1585226152.568425 25.477382 0.002175
1585226152.667425 25.477845 0.002175
1585226152.733425 25.478962 0.002175
1585226152.799426 25.479347 0.002175
1585226152.898426 25.479641 0.002175
1585226152.997426 25.479364 0.002176
1585226153.096426 25.479358 0.002175
1585226153.195426 25.479283 0.002175
1585226153.294427 25.479338 0.002175
1585226153.393427 25.479416 0.002175
1585226153.492427 25.479561 0.002175
1585226153.591428 25.479191 0.002175
1585226153.690428 25.479345 0.002175
1585226153.789428 25.479467 0.002175
1585226153.888428 25.479862 0.002175
1585226153.987429 25.479982 0.002175
1585226154.086429 25.480470 0.002175
1585226154.185429 25.480406 0.002175
1585226154.284429 25.480377 0.002175
1585226154.416430 25.480697 0.002175
1585226154.548430 25.480887 0.002175
1585226154.713430 25.480817 0.002175
1585226154.845431 25.481185 0.002175
1585226154.977431 25.481361 0.002175
1585226155.076431 25.480864 0.002175
1585226155.208431 25.480235 0.002175
1585226155.307432 25.480412 0.002175
1585226155.439432 25.480216 0.002175
1585226155.538432 25.479776 0.002175
1585226155.670433 25.478959 0.002175
1585226155.769433 25.478345 0.002175
1585226155.901433 25.477489 0.002175
1585226156.066433 25.476410 0.002175
1585226156.231434 25.475537 0.002175
1585226156.429434 25.472806 0.002175
1585226156.627435 25.472190 0.002175
1585226156.792435 25.470863 0.002175
1585226156.990436 25.470624 0.002175
1585226157.155436 25.470362 0.002175
1585226157.353436 25.470414 0.002175
1585226157.551437 25.469479 0.002175
1585226157.716437 25.469018 0.002175
1585226157.848438 25.469683 0.002175
1585226158.013438 25.468256 0.002175
1585226158.145438 25.467180 0.002175
1585226158.277439 25.466295 0.002175
1585226158.409439 25.465033 0.002175
1585226158.541439 25.463189 0.002175
1585226158.673440 25.460733 0.002175
1585226158.772440 25.460656 0.002175
1585226158.970440 25.458934 0.002175
1585226159.168441 25.456543 0.002175
1585226159.366441 25.455526 0.002175
1585226159.597442 25.454977 0.002175
1585226159.795442 25.455084 0.002175
1585226159.927443 25.454580 0.002175
1585226160.026443 25.455044 0.002175
1585226160.125443 25.455512 0.002175
1585226160.224443 25.456152 0.002175
1585226160.389444 25.457772 0.002175
1585226160.554444 25.459142 0.002175
1585226160.719445 25.460673 0.002175
1585226160.884445 25.461569 0.002175
1585226161.016445 25.461749 0.002175
1585226161.148445 25.461773 0.002175
1585226161.280446 25.461590 0.002175
1585226161.412446 25.460745 0.002175
1585226161.544446 25.460017 0.002175
1585226161.676447 25.459411 0.002175
1585226161.841447 25.458540 0.002175
1585226162.006448 25.458182 0.002175
1585226162.138448 25.457500 0.002175
1585226162.303448 25.457039 0.002175
1585226162.468449 25.456464 0.002175
1585226162.633449 25.455490 0.002175
1585226162.798450 25.455377 0.002175
1585226162.963450 25.455056 0.002175
1585226163.128450 25.454765 0.002175
1585226163.326451 25.454273 0.002175
1585226163.524451 25.454541 0.002175
1585226163.722452 25.454304 0.002175
1585226163.953452 25.455374 0.002175
1585226164.151453 25.455160 0.002175
1585226164.349453 25.457699 0.002175
1585226164.547454 25.458759 0.002175
1585226164.745454 25.459805 0.002175
1585226164.910455 25.460644 0.002175
1585226165.075455 25.461180 0.002175
1585226165.240455 25.461876 0.002175
1585226165.438456 25.462784 0.002175
1585226165.570456 25.463003 0.002175
1585226165.702456 25.464213 0.002175
1585226165.834457 25.464466 0.002175
1585226165.966457 25.464873 0.002175
1585226166.098457 25.464943 0.002175
1585226166.263458 25.464865 0.002175
1585226166.395458 25.464406 0.002175
1585226166.527458 25.464250 0.002175
1585226166.659459 25.463611 0.002174
1585226166.758459 25.462915 0.002175
1585226166.857459 25.462433 0.002174
1585226166.956459 25.462064 0.002175
1585226167.055459 25.461951 0.002175
1585226167.154460 25.461888 0.002175
1585226167.253460 25.461995 0.002174
1585226167.352460 25.462251 0.002175
1585226167.451461 25.462887 0.002175
1585226167.550461 25.462489 0.002175
1585226167.682461 25.462799 0.002175
1585226167.781461 25.463567 0.002175
1585226167.880461 25.463500 0.002174
1585226167.979462 25.463852 0.002175
1585226168.111462 25.464101 0.002175
1585226168.210463 25.465091 0.002175
1585226168.309463 25.465168 0.002175
1585226168.441463 25.466268 0.002175
1585226168.573463 25.467127 0.002175
1585226168.705464 25.467390 0.002175
1585226168.837464 25.468513 0.002175
1585226169.035464 25.469100 0.002175
1585226169.233465 25.470432 0.002175
1585226169.431465 25.471957 0.002175
1585226169.662466 25.473006 0.002175
1585226169.926466 25.474728 0.002175
1585226170.289467 25.476189 0.002175
1585226170.718468 25.477951 0.002175
1585226171.147469 25.479383 0.002175
1585226171.444470 25.479680 0.002175
1585226171.675471 25.480135 0.002175
1585226171.873471 25.480683 0.002175
1585226172.038471 25.480989 0.002175
1585226172.170472 25.481422 0.002175
1585226172.302472 25.481997 0.002175
1585226172.434473 25.481806 0.002175
1585226172.566473 25.481871 0.002175
1585226172.698473 25.481470 0.002175
1585226172.797473 25.482352 0.002175
1585226172.896474 25.482977 0.002175
1585226172.995474 25.483379 0.002175
1585226173.094474 25.482994 0.002175
1585226173.193474 25.482399 0.002175
1585226173.292474 25.483117 0.002175
1585226173.391475 25.484239 0.002175
1585226173.490475 25.484218 0.002174
1585226173.589475 25.482808 0.002174
1585226173.688475 25.483036 0.002175
1585226173.787476 25.483424 0.002174
1585226173.886476 25.484316 0.002175
1585226173.985476 25.484207 0.002175
1585226174.084476 25.484298 0.002175
1585226174.183476 25.484427 0.002175
1585226174.282477 25.485901 0.002174
1585226174.381477 25.485320 0.002174
1585226174.480477 25.485841 0.002174
1585226174.579478 25.485989 0.002174
1585226174.711478 25.486037 0.002174
1585226174.810478 25.487558 0.002174
1585226174.909478 25.488157 0.002174
1585226175.041479 25.488976 0.002174
1585226175.173479 25.489798 0.002174
1585226175.272479 25.491035 0.002174
1585226175.371479 25.491545 0.002174
1585226175.503480 25.491611 0.002174
1585226175.602480 25.492535 0.002174
1585226175.734480 25.492630 0.002174
1585226175.866481 25.493979 0.002174
1585226175.965481 25.494523 0.002174
1585226176.064481 25.494383 0.002174
1585226176.163481 25.494609 0.002174
1585226176.262481 25.495003 0.002173
1585226176.361482 25.494447 0.002173
1585226176.460482 25.494927 0.002174
1585226176.559482 25.495061 0.002174
1585226176.691483 25.495166 0.002173
1585226176.823483 25.495507 0.002173
1585226176.955483 25.496121 0.002173
1585226177.087483 25.496233 0.002173
1585226177.219484 25.497203 0.002173
1585226177.351484 25.497237 0.002173
1585226177.483485 25.497368 0.002173
1585226177.582485 25.497633 0.002172
1585226177.714485 25.497724 0.002173
1585226177.813485 25.497454 0.002173
1585226177.912485 25.497357 0.002173
1585226178.011486 25.497409 0.002172
1585226178.110486 25.498213 0.002172
1585226178.209486 25.498065 0.002172
1585226178.308486 25.498286 0.002172
1585226178.440487 25.498267 0.002172
1585226178.539487 25.498489 0.002172
1585226178.638487 25.498572 0.002172
1585226178.737487 25.498427 0.002172
1585226178.836488 25.498058 0.002172
1585226178.968488 25.498201 0.002172
1585226179.067488 25.498164 0.002172
1585226179.199488 25.498115 0.002172
1585226179.331489 25.498047 0.002172
1585226179.463489 25.497964 0.002172
1585226179.595490 25.498022 0.002171
1585226179.727490 25.498136 0.002171
1585226179.826490 25.498061 0.002171
1585226179.925490 25.497857 0.002171
1585226180.024491 25.497901 0.002171
1585226180.156491 25.497735 0.002171
1585226180.288491 25.497464 0.002171
1585226180.453491 25.497319 0.002171
1585226180.585492 25.497227 0.002171
1585226180.717492 25.497287 0.002171
1585226180.849493 25.497039 0.002171
1585226180.981493 25.496650 0.002171
1585226181.080493 25.496911 0.002171
1585226181.179493 25.496341 0.002171
1585226181.278493 25.496434 0.002170
1585226181.377494 25.496317 0.002170
1585226181.476494 25.496169 0.002170
1585226181.575494 25.496111 0.002170
1585226181.674495 25.496146 0.002171
1585226181.773494 25.495942 0.002170
1585226181.872495 25.495961 0.002170
1585226181.971495 25.495861 0.002170
1585226182.070495 25.495443 0.002170
1585226182.169496 25.495248 0.002170
1585226182.268496 25.495192 0.002170
1585226182.367496 25.494975 0.002170
1585226182.466496 25.494607 0.002170
1585226182.565497 25.494665 0.002170
1585226182.664497 25.494714 0.002170
1585226182.763497 25.494576 0.002170
1585226182.862497 25.494475 0.002170
1585226182.961498 25.494200 0.002170
1585226183.093498 25.494398 0.002170
1585226183.192498 25.494219 0.002170
1585226183.291498 25.494103 0.002170
1585226183.390499 25.493918 0.002170
1585226183.522499 25.493762 0.002170
1585226183.621499 25.493825 0.002170
1585226183.720499 25.493781 0.002170
1585226183.852500 25.493546 0.002170
1585226183.984500 25.493491 0.002170
1585226184.116500 25.493269 0.002169
1585226184.215501 25.493117 0.002169
1585226184.314501 25.493169 0.002170
1585226184.413501 25.492956 0.002170
1585226184.512501 25.493102 0.002169
1585226184.611501 25.492823 0.002169
1585226184.710502 25.492796 0.002169
1585226184.809502 25.492747 0.002170
1585226184.908502 25.492657 0.002169
1585226185.007502 25.492659 0.002169
1585226185.106503 25.492652 0.002169
1585226185.238503 25.492529 0.002169
1585226185.337503 25.492318 0.002170
1585226185.502503 25.491897 0.002169
1585226185.667504 25.491755 0.002169
1585226185.799504 25.491413 0.002169
1585226185.931505 25.491505 0.002169
1585226186.030505 25.491544 0.002169
1585226186.162505 25.491424 0.002169
1585226186.294505 25.491121 0.002169
1585226186.426506 25.490995 0.002169
1585226186.558506 25.490588 0.002169
1585226186.690506 25.490886 0.002169
1585226186.789507 25.490802 0.002169
1585226186.921507 25.490324 0.002169
1585226187.020507 25.490332 0.002169
1585226187.119508 25.490349 0.002169
1585226187.218508 25.490298 0.002169
1585226187.317508 25.490262 0.002169
1585226187.416508 25.490101 0.002169
1585226187.515508 25.490316 0.002169
1585226187.614509 25.490249 0.002169
1585226187.713509 25.490257 0.002169
1585226187.812509 25.489946 0.002169
1585226187.911509 25.490058 0.002169
1585226188.010509 25.490033 0.002169
1585226188.109510 25.490406 0.002169
1585226188.208510 25.490196 0.002169
1585226188.307510 25.489890 0.002169
1585226188.406511 25.490053 0.002169
1585226188.538511 25.490277 0.002169
1585226188.670511 25.490125 0.002169
1585226188.802512 25.489859 0.002169
1585226188.934512 25.489599 0.002169
1585226189.099512 25.489281 0.002169
1585226189.264513 25.489662 0.002169
1585226189.429513 25.489355 0.002169
1585226189.627514 25.489257 0.002169
1585226189.825514 25.489426 0.002169
1585226190.023514 25.489482 0.002169
1585226190.155515 25.490128 0.002169
1585226190.287515 25.490200 0.002169
1585226190.419515 25.490543 0.002169
1585226190.551516 25.490859 0.002169
1585226190.683516 25.491009 0.002169
1585226190.815516 25.491259 0.002169
1585226190.980517 25.491180 0.002169
1585226191.112517 25.491540 0.002169
1585226191.277518 25.492113 0.002169
1585226191.475518 25.491931 0.002169
1585226191.706518 25.492517 0.002169
1585226191.937519 25.492124 0.002169
1585226192.168520 25.492495 0.002169
1585226192.432520 25.493022 0.002169
1585226192.696521 25.493640 0.002169
1585226192.960521 25.494934 0.002169
1585226193.455523 25.495998 0.002169
1585226194.181525 25.496437 0.002169
1585226194.775526 25.496423 0.002169
1585226195.171527 25.496244 0.002169
1585226195.699528 25.495634 0.002169
1585226196.161529 25.494249 0.002169
1585226196.590530 25.493476 0.002169
