DelayedMarginalization 0.00159098 1.30886e-06 0.0139769 1829
DelayedMarginalizationOnly 0.000762519 6.08385e-07 0.00659351 1829
EF-marginalizeFrame 0.00200114 1.37443e-06 0.0145786 1829
FullSystem::trackNewCoarse 0.00721752 2.47081e-05 0.0387669 6510
FullSystem::trackNewCoarseNoIMU 0.00211077 8.00903e-07 0.0068478 116
FullSystemOptimize 0.149478 0.000405133 0.214023 1835
GraphUnrolling 0.0170833 0.000101573 0.0408126 16
IMUInitAddPose 3.80763e-05 4.10782e-09 0.00120326 1835
IMUInitOptimize 0.0230541 2.81924e-05 0.0316318 13
IMUIntegration::finishKeyframeOperations 5.38355e-05 4.45795e-09 0.00151967 1817
InitializerFirstFrame 0.0313031 -nan 0.0313031 1
InitializerOtherFrames 0.03794 0.000375338 0.0862844 68
MainMarginalization 0.00179227 1.32142e-06 0.014328 1829
MarginalizationReplacementBuildGraph 0.000909103 7.87861e-08 0.00143855 13
MarginalizationReplacementReplaceGraph 0.0198402 8.81264e-05 0.0409773 13
MarginalizeMainGraph 0.000826814 4.6784e-07 0.00995677 1829
PGBA 0.030944 1.94036e-05 0.0350093 3
PGBAFull 0.00700687 0.000201703 0.0399798 16
PrepareGraphForMainOptimization 0.0171966 0.000101846 0.0409276 16
VisualMarginalization 2.79379e-05 1.86931e-09 0.00109654 1829
activatePointsMT 0.00459754 3.9579e-06 0.0139594 1835
addActiveFrame 0.0610074 0.00596021 0.256886 6695
addIMUData 0.00106331 1.15937e-06 0.0148635 6510
addIMUDataToBA 0.000106214 6.95031e-09 0.00195253 6694
addKeyframeToBA 5.57119e-05 1.86209e-09 0.00148238 1835
afterCoarseTracking 2.55924e-07 2.66431e-14 9.179e-06 6626
baIteration 0.024765 3.46008e-05 0.0589065 10307
baMatrixInversion 0.000172237 9.19518e-09 0.00257234 10307
baUpdateBuildHessians 0.000612431 3.15157e-07 0.00934104 10307
coarseTrackingIteration 0.000610602 9.45365e-07 0.0100591 62985
computeBAUpdate 0.000891496 3.37858e-07 0.00960649 10307
computeCoarseUpdate 0.000334327 5.85004e-07 0.008261 62115
computeFactorForCoarseGraphAndMarginalCovariances 0.00237923 6.13933e-07 0.0106942 1817
convertHAndBFromDSO 0.000106776 3.62906e-09 0.00153648 17617
debugPlot 9.02616e-08 4.29115e-15 7.62e-07 1835
debugPlotIDepthMap 6.93948e-07 1.90673e-10 0.000591851 1835
debugPlotIDepthMapFloat 3.49368e-08 5.18254e-16 4.81e-07 1835
deliverTrackedFrame 0.0515752 0.00598916 0.249656 6627
flagFramesForMarginalization 2.11357e-06 6.70711e-13 1.735e-05 1835
fullCoarseTracking 0.00850335 2.78495e-05 0.0394656 6626
initObjectsAndMakeImage 0.00114326 9.51577e-08 0.00538215 6695
makeKeyframe 0.175296 0.000422065 0.249595 1835
makeKeyframeChangeTrackingRef 0.00203031 9.04471e-08 0.00462715 1835
makeNewTraces 0.0037362 1.9925e-07 0.00785977 1835
makeNonKeyframe 0.00408732 1.81124e-06 0.0086912 4792
marginalizeAndRemovePoints 0.00405865 9.9592e-07 0.00821287 1835
marginalizeFrame 0.0040629 1.73475e-06 0.0163896 1829
marginalizeFrameOverhead 0.00205731 2.018e-07 0.00481764 1829
marginalizeFrames 0.00406593 1.8035e-06 0.0164105 1835
newFrameAndNewResidualsForOldPoints 0.00113807 9.26801e-08 0.00374288 1835
printBiases 6.12383e-06 1.95093e-10 0.000203683 1835
printEigenValLine 1.67688e-07 1.94201e-15 6.31e-07 1835
printLogLine 0.000145292 9.0804e-08 0.00303933 1835
publishInMakeKeyframe 1.75294e-07 6.61407e-15 1.112e-06 1835
removeOutliers 0.000187214 3.63017e-09 0.00176465 1835
swapTrackingRef 0.000158137 6.85176e-08 0.00292139 1835
timeMeasurement 1.65227e-06 1.71651e-11 0.000212854 6695
traceNewCoarse 0.00372456 1.71737e-06 0.00867777 6627
updateBAValues 1.16892e-05 1.50114e-10 0.00117311 18892
zero 1.46696e-07 1.8769e-12 0.00011195 6695
