EF-marginalizeFrame 0.000121025 4.34683e-09 0.00132697 1774
FullSystem::trackNewCoarseNoIMU 0.00207221 1.24611e-05 0.115102 7541
FullSystemOptimize 0.14487 0.000238008 0.29938 1780
IMUInitAddPose 1.584e-05 -nan 1.584e-05 1
InitializerFirstFrame 0.034576 -nan 0.034576 1
InitializerOtherFrames 0.0268819 7.51325e-05 0.0759924 491
VisualMarginalization 3.31577e-05 2.52778e-10 0.000356596 1774
activatePointsMT 0.00448418 4.17892e-06 0.0164663 1780
addActiveFrame 0.0429513 0.00441048 0.352773 8033
afterCoarseTracking 3.09966e-07 6.21922e-12 0.000197745 7541
baIteration 0.0225622 3.69566e-05 0.0994701 10698
coarseTrackingIteration 0.000148897 3.51631e-08 0.00372679 61394
debugPlot 1.03813e-07 5.49467e-15 9.21e-07 1780
debugPlotIDepthMap 4.37792e-07 4.11702e-14 2.274e-06 1780
debugPlotIDepthMapFloat 3.83803e-08 5.10606e-16 3.7e-07 1780
deliverTrackedFrame 0.0406379 0.00466398 0.313448 7542
flagFramesForMarginalization 1.89048e-06 1.1309e-12 2.6911e-05 1780
fullCoarseTracking 0.00207857 1.24636e-05 0.115127 7541
initObjectsAndMakeImage 0.00119248 3.09062e-07 0.00497337 8033
makeKeyframe 0.162715 0.000239687 0.313442 1780
makeKeyframeChangeTrackingRef 0.00170733 5.67301e-08 0.00380949 1780
makeNewTraces 0.00347057 1.84942e-07 0.00627662 1780
makeNonKeyframe 0.00290642 2.79594e-06 0.00793176 5762
marginalizeAndRemovePoints 0.003022 8.41519e-07 0.00711661 1780
marginalizeFrame 0.00148528 1.08659e-07 0.00379828 1774
marginalizeFrameOverhead 0.0013611 8.9997e-08 0.00360652 1774
marginalizeFrames 0.00148145 1.18004e-07 0.00380014 1780
newFrameAndNewResidualsForOldPoints 0.000890788 4.00384e-08 0.00281389 1780
printEigenValLine 1.45575e-07 2.06277e-15 1.353e-06 1780
printLogLine 0.000152838 5.57078e-08 0.00270011 1780
publishInMakeKeyframe 2.56898e-07 1.07228e-14 1.122e-06 1780
removeOutliers 0.000137739 3.9479e-09 0.00175786 1780
swapTrackingRef 4.92755e-07 1.26645e-12 4.5767e-05 1780
timeMeasurement 2.03642e-06 5.30289e-11 0.000610571 8033
traceNewCoarse 0.00276496 2.26656e-06 0.00791905 7542
zero 1.53678e-07 8.4843e-13 8.1694e-05 8033
