EF-marginalizeFrame 0.000114772 4.53687e-09 0.00157566 2006
FullSystem::trackNewCoarseNoIMU 0.00254628 1.78367e-06 0.0163175 7065
FullSystemOptimize 0.147791 0.000230629 0.326094 2012
IMUInitAddPose 1.7592e-05 -nan 1.7592e-05 1
InitializerFirstFrame 0.0229549 -nan 0.0229549 1
InitializerOtherFrames 0.029064 0.000221546 0.0876383 119
VisualMarginalization 3.19195e-05 2.20581e-10 0.000448447 2006
activatePointsMT 0.00445178 4.3559e-06 0.0159433 2012
addActiveFrame 0.0531546 0.00537048 0.415471 7185
afterCoarseTracking 2.81328e-07 1.83998e-14 3.707e-06 7065
baIteration 0.0229921 3.66852e-05 0.0755096 12090
coarseTrackingIteration 0.000153675 3.31859e-08 0.00764423 77030
debugPlot 1.03145e-07 4.6048e-15 7.91e-07 2012
debugPlotIDepthMap 3.93692e-07 3.3684e-14 3.217e-06 2012
debugPlotIDepthMapFloat 4.36198e-08 1.46723e-14 5.29e-06 2012
deliverTrackedFrame 0.0498949 0.00544833 0.336358 7066
flagFramesForMarginalization 2.01866e-06 2.01392e-11 0.000173838 2012
fullCoarseTracking 0.00255351 1.78638e-06 0.0163236 7065
initObjectsAndMakeImage 0.00108421 1.122e-07 0.00437055 7185
makeKeyframe 0.16611 0.000238514 0.33635 2012
makeKeyframeChangeTrackingRef 0.00175964 6.22442e-08 0.00593025 2012
makeNewTraces 0.00337011 1.44247e-07 0.00575106 2012
makeNonKeyframe 0.00360536 1.75033e-06 0.0212024 5054
marginalizeAndRemovePoints 0.00329091 8.54025e-07 0.0141418 2012
marginalizeFrame 0.00160139 1.22889e-07 0.00421295 2006
marginalizeFrameOverhead 0.00148349 1.02484e-07 0.0040774 2006
marginalizeFrames 0.00159758 1.33889e-07 0.00421417 2012
newFrameAndNewResidualsForOldPoints 0.000906407 4.01333e-08 0.0027041 2012
printEigenValLine 1.41361e-07 1.2392e-15 9.22e-07 2012
printLogLine 0.000152318 7.0818e-08 0.00277511 2012
publishInMakeKeyframe 1.66919e-07 5.52569e-15 1.213e-06 2012
removeOutliers 0.000146206 7.58129e-09 0.00254277 2012
swapTrackingRef 4.53808e-07 7.94046e-14 2.515e-06 2011
timeMeasurement 1.62935e-06 1.24679e-11 0.000119415 7185
traceNewCoarse 0.00327718 1.57656e-06 0.0211897 7066
zero 1.30769e-07 8.83914e-15 1.654e-06 7185
