EF-marginalizeFrame 0.000118896 3.04208e-09 0.000914156 1790
FullSystem::trackNewCoarseNoIMU 0.00218769 2.69215e-05 0.1565 7541
FullSystemOptimize 0.142632 0.00020224 0.288166 1796
IMUInitAddPose 1.7263e-05 -nan 1.7263e-05 1
InitializerFirstFrame 0.0337509 -nan 0.0337509 1
InitializerOtherFrames 0.027174 8.8246e-05 0.0841345 491
VisualMarginalization 3.36414e-05 1.91297e-10 0.000213265 1790
activatePointsMT 0.00451129 4.34083e-06 0.019102 1796
addActiveFrame 0.0428886 0.00432157 0.338275 8033
afterCoarseTracking 2.96581e-07 2.0398e-12 0.000122312 7541
baIteration 0.0222043 3.26576e-05 0.0531879 10794
coarseTrackingIteration 0.000144329 3.35066e-08 0.00426337 67935
debugPlot 1.01e-07 3.60671e-15 6.21e-07 1796
debugPlotIDepthMap 3.94174e-07 3.56491e-13 2.4778e-05 1796
debugPlotIDepthMapFloat 4.83686e-08 1.43218e-15 3.81e-07 1796
deliverTrackedFrame 0.0404474 0.00455534 0.301634 7542
flagFramesForMarginalization 1.98264e-06 5.67478e-12 9.7335e-05 1796
fullCoarseTracking 0.00219453 2.69262e-05 0.156503 7541
initObjectsAndMakeImage 0.00118216 2.92328e-07 0.00521313 8033
makeKeyframe 0.160453 0.000210616 0.301629 1796
makeKeyframeChangeTrackingRef 0.00170342 6.46652e-08 0.00467746 1796
makeNewTraces 0.00345661 1.87857e-07 0.0061478 1796
makeNonKeyframe 0.00292086 2.7253e-06 0.00813279 5746
marginalizeAndRemovePoints 0.0029793 8.47912e-07 0.00696838 1796
marginalizeFrame 0.00147385 1.13212e-07 0.00331008 1790
marginalizeFrameOverhead 0.00135197 9.5592e-08 0.00315949 1790
marginalizeFrames 0.00147022 1.2023e-07 0.00331175 1796
newFrameAndNewResidualsForOldPoints 0.000893411 4.69302e-08 0.00345557 1796
printEigenValLine 1.38208e-07 3.70498e-15 1.523e-06 1796
printLogLine 0.000162208 7.93899e-08 0.00412837 1796
publishInMakeKeyframe 2.18055e-07 7.8203e-15 1.503e-06 1796
removeOutliers 0.000136047 3.16049e-09 0.00135114 1796
swapTrackingRef 4.82023e-07 7.29517e-14 2.605e-06 1796
timeMeasurement 1.9494e-06 8.83808e-12 0.000161537 8033
traceNewCoarse 0.00277613 2.22767e-06 0.00811969 7542
zero 1.16312e-07 1.70984e-12 0.000116741 8033
