1586247649.002048 15.591824 0.282107
1586247649.233049 15.590637 0.235676
1586247649.431049 15.589825 0.209070
1586247649.629050 15.590577 0.184793
1586247649.761050 15.590955 0.172213
1586247649.959050 15.588444 0.155078
1586247650.157051 15.584542 0.141354
1586247650.355052 15.573915 0.131715
1586247650.553052 15.567458 0.121924
1586247650.751053 15.572788 0.113260
1586247650.916053 15.578149 0.107629
1586247651.081053 15.571045 0.102212
1586247651.213053 15.567831 0.098662
1586247651.345054 15.563646 0.095573
1586247651.510054 15.562045 0.091618
1586247651.675055 15.559249 0.088278
1586247651.840055 15.563973 0.084871
1586247652.005055 15.561563 0.081195
1586247652.170056 15.550936 0.077647
1586247652.335056 15.556513 0.075134
1586247652.500057 15.561815 0.072762
1586247652.665057 15.555053 0.070603
1586247652.797057 15.563938 0.069126
1586247652.929058 15.560855 0.067617
1586247653.094058 15.569932 0.066012
1586247653.226058 15.577465 0.064257
1586247653.391059 15.575970 0.062981
1586247653.556059 15.578224 0.061559
1586247653.688059 15.590852 0.060781
1586247653.820060 15.590029 0.059818
1586247653.985060 15.594727 0.058690
1586247654.150061 15.590053 0.057307
1586247654.282061 15.600361 0.056520
1586247654.414061 15.603492 0.055692
1586247654.546061 15.603245 0.055018
1586247654.678062 15.612640 0.054178
1586247654.810062 15.605403 0.053075
1586247654.942062 15.613371 0.052305
1586247655.074063 15.623398 0.051925
1586247655.206063 15.624681 0.051255
1586247655.338063 15.628084 0.050417
1586247655.470064 15.630277 0.049739
1586247655.602064 15.638272 0.049256
1586247655.701064 15.631402 0.049045
1586247655.833065 15.617901 0.048379
1586247655.932065 15.606814 0.047949
1586247656.031065 15.608278 0.047563
1586247656.130065 15.617242 0.047239
1586247656.229065 15.620994 0.046836
1586247656.328066 15.621448 0.046474
1586247656.427066 15.616126 0.046127
1586247656.526066 15.626260 0.045648
1586247656.658067 15.617255 0.045293
1586247656.790067 15.612067 0.044761
1586247656.922067 15.602924 0.044403
1586247657.054067 15.593951 0.043862
1586247657.186068 15.595081 0.043408
1586247657.318068 15.602063 0.043066
1586247657.450068 15.604620 0.042639
1586247657.615069 15.607068 0.042082
1586247657.780069 15.610849 0.041608
1586247657.912069 15.621724 0.041293
1586247658.044070 15.613692 0.040895
1586247658.176070 15.605699 0.040522
1586247658.308070 15.620203 0.040226
1586247658.440070 15.632943 0.039961
1586247658.572071 15.613237 0.039617
1586247658.671071 15.597956 0.039321
1586247658.770071 15.604930 0.039130
1586247658.869072 15.609062 0.039096
1586247658.968072 15.601273 0.038875
1586247659.100072 15.599690 0.038633
1586247659.199072 15.600561 0.038417
1586247659.298073 15.600626 0.038223
1586247659.397073 15.592317 0.038002
1586247659.496073 15.591297 0.037868
1586247659.595073 15.591952 0.037646
1586247659.694074 15.581582 0.037478
1586247659.826074 15.576078 0.037215
1586247659.925074 15.569500 0.037031
1586247660.024075 15.574772 0.036898
1586247660.123075 15.578321 0.036753
1586247660.255075 15.591878 0.036633
1586247660.387075 15.591851 0.036421
1586247660.486075 15.604859 0.036290
1586247660.618076 15.590821 0.036139
1586247660.750076 15.593986 0.036017
1586247660.882077 15.589294 0.035782
1586247661.014077 15.585672 0.035550
1586247661.146077 15.578326 0.035318
1586247661.278077 15.574910 0.035045
1586247661.443078 15.561913 0.034736
1586247661.575078 15.566855 0.034502
1586247661.707078 15.565799 0.034286
1586247661.839079 15.569377 0.034117
1586247661.971079 15.572954 0.033926
1586247662.103079 15.569074 0.033717
1586247662.235080 15.555667 0.033438
1586247662.367080 15.556646 0.033219
1586247662.466080 15.566529 0.033081
1586247662.598080 15.562333 0.032888
1586247662.730081 15.566393 0.032668
1586247662.829081 15.569688 0.032664
1586247662.928082 15.571284 0.032497
1586247663.027081 15.566595 0.032393
1586247663.126082 15.563237 0.032242
1586247663.225082 15.558935 0.032061
1586247663.324082 15.564576 0.031883
1586247663.456083 15.568608 0.031668
1586247663.588083 15.551878 0.031626
1586247663.687083 15.555171 0.031568
1586247663.786083 15.561317 0.031439
1586247663.885084 15.566702 0.031310
1586247664.017084 15.578666 0.031169
1586247664.149084 15.569896 0.030927
1586247664.281084 15.573141 0.030689
1586247664.413085 15.576986 0.030511
1586247664.545085 15.570982 0.030391
1586247664.677085 15.573476 0.030215
1586247664.776086 15.568455 0.030031
1586247664.875086 15.566219 0.029987
1586247665.007086 15.559290 0.029791
1586247665.172086 15.563804 0.029464
1586247665.304087 15.570970 0.029177
1586247665.436087 15.572638 0.028833
1586247665.568088 15.576361 0.028506
1586247665.700088 15.566273 0.028129
1586247665.832088 15.565239 0.027726
1586247665.931088 15.565529 0.027370
1586247666.030089 15.571757 0.027272
1586247666.129089 15.576298 0.026993
1586247666.228089 15.581801 0.026750
1586247666.327089 15.585850 0.026508
1586247666.393090 15.589310 0.026368
1586247666.492090 15.582249 0.026130
1586247666.591090 15.587000 0.025851
1586247666.723090 15.590179 0.025562
1586247666.888091 15.590813 0.025226
1586247667.053091 15.584801 0.024887
1586247667.218091 15.591135 0.024615
1586247667.383092 15.598803 0.024451
1586247667.515092 15.605469 0.024362
1586247667.647093 15.589825 0.024246
1586247667.779093 15.581637 0.024233
1586247667.944093 15.587188 0.024157
1586247668.109094 15.589422 0.024078
1586247668.274094 15.587258 0.024016
1586247668.439094 15.594178 0.023967
1586247668.604095 15.594938 0.023834
1586247668.736095 15.599159 0.023827
1586247668.868095 15.602464 0.023771
1586247669.000096 15.605297 0.023812
1586247669.099096 15.602941 0.023810
1586247669.198096 15.608112 0.023757
1586247669.297096 15.610419 0.023757
1586247669.396096 15.608616 0.023740
1586247669.495097 15.610806 0.023767
1586247669.627097 15.612007 0.023749
1586247669.726097 15.609486 0.023744
1586247669.825098 15.609829 0.023736
1586247669.924098 15.609059 0.023733
1586247670.023098 15.608348 0.023666
1586247670.188099 15.604703 0.023678
1586247670.254099 15.606154 0.023668
1586247670.320099 15.605439 0.023660
1586247670.386099 15.604117 0.023612
1586247670.452099 15.602103 0.023595
1586247670.551099 15.601110 0.023574
1586247670.650100 15.600311 0.023561
1586247670.749100 15.599564 0.023539
1586247670.848100 15.598432 0.023520
1586247670.947100 15.596336 0.023481
1586247671.046100 15.591623 0.023411
1586247671.145101 15.587647 0.023387
1586247671.211101 15.583261 0.023355
1586247671.277101 15.581118 0.023328
1586247671.343101 15.581823 0.023299
1586247671.409101 15.584160 0.023275
1586247671.475101 15.584992 0.023250
1586247671.541101 15.585469 0.023260
1586247671.607102 15.585743 0.023245
1586247671.673102 15.586397 0.023226
1586247671.739102 15.585230 0.023205
1586247671.805102 15.584223 0.023181
1586247671.871103 15.581620 0.023158
1586247671.937103 15.583182 0.023140
1586247672.003103 15.582822 0.023084
1586247672.069103 15.585805 0.023079
1586247672.135103 15.588414 0.023062
1586247672.201103 15.587886 0.023038
1586247672.267103 15.586742 0.023043
1586247672.333104 15.589051 0.023024
1586247672.432104 15.590064 0.023000
1586247672.531104 15.588503 0.022949
1586247672.630104 15.585741 0.022935
1586247672.696105 15.583501 0.022916
1586247672.762105 15.583859 0.022927
1586247672.828105 15.583131 0.022920
1586247672.894105 15.582782 0.022916
1586247672.960105 15.583439 0.022901
1586247673.026105 15.582716 0.022896
1586247673.092105 15.581225 0.022877
1586247673.158106 15.578475 0.022836
1586247673.224106 15.579079 0.022802
1586247673.290106 15.578614 0.022807
1586247673.356106 15.580239 0.022822
1586247673.422106 15.580157 0.022810
1586247673.521106 15.580449 0.022857
1586247673.620106 15.577822 0.022847
1586247673.686107 15.574944 0.022789
1586247673.752107 15.571837 0.022805
1586247673.818107 15.574021 0.022786
1586247673.884107 15.571850 0.022742
1586247673.950107 15.569742 0.022796
1586247674.016108 15.568020 0.022747
1586247674.115108 15.564972 0.022778
1586247674.181108 15.563923 0.022752
1586247674.247108 15.565020 0.022789
1586247674.313108 15.564688 0.022761
1586247674.379108 15.562362 0.022760
1586247674.445108 15.558211 0.022740
1586247674.511109 15.556112 0.022686
1586247674.577109 15.553707 0.022665
1586247674.643109 15.553481 0.022645
1586247674.709109 15.552856 0.022596
1586247674.808109 15.549125 0.022594
1586247674.907110 15.545594 0.022543
1586247675.006110 15.540487 0.022480
1586247675.105110 15.538092 0.022391
1586247675.204110 15.536619 0.022301
1586247675.303111 15.531462 0.022195
1586247675.402111 15.524024 0.022153
1586247675.501111 15.521015 0.022081
1586247675.600111 15.516271 0.022002
1586247675.666111 15.515073 0.021972
1586247675.732112 15.512873 0.021924
1586247675.831112 15.514968 0.021828
1586247675.897112 15.514040 0.021740
1586247675.963112 15.507904 0.021639
1586247676.029112 15.507116 0.021611
1586247676.095113 15.509511 0.021581
1586247676.161113 15.508935 0.021567
1586247676.260113 15.506818 0.021435
1586247676.359113 15.498135 0.021301
1586247676.458113 15.492073 0.021159
1586247676.557114 15.489110 0.021105
1586247676.656114 15.487703 0.021053
1586247676.755114 15.485759 0.020970
1586247676.854114 15.492755 0.020907
1586247676.953114 15.487819 0.020821
1586247677.052115 15.487419 0.020765
1586247677.151115 15.485617 0.020686
1586247677.250115 15.490895 0.020613
1586247677.349115 15.494830 0.020523
1586247677.448115 15.493890 0.020439
1586247677.547116 15.495019 0.020335
1586247677.646116 15.499833 0.020239
1586247677.745116 15.503635 0.020130
1586247677.844116 15.509472 0.020013
1586247677.943117 15.510833 0.019906
1586247678.009117 15.521076 0.019810
1586247678.075117 15.521329 0.019703
1586247678.174117 15.529388 0.019536
1586247678.273118 15.538483 0.019355
1586247678.372118 15.546637 0.019159
1586247678.471118 15.556562 0.018993
1586247678.537118 15.565454 0.018886
1586247678.636118 15.573635 0.018705
1586247678.735119 15.581608 0.018521
1586247678.834119 15.587704 0.018340
1586247678.966119 15.593488 0.018087
1586247679.098119 15.610836 0.017838
1586247679.230120 15.619877 0.017547
1586247679.362120 15.617407 0.017312
1586247679.461120 15.619318 0.017107
1586247679.593121 15.627788 0.016844
1586247679.725121 15.636188 0.016607
1586247679.857121 15.644660 0.016359
1586247679.989121 15.658957 0.016121
1586247680.121122 15.668474 0.015830
1586247680.253122 15.676474 0.015570
1586247680.352122 15.687797 0.015405
1586247680.484123 15.685080 0.015183
1586247680.649123 15.692983 0.014886
1586247680.814124 15.698224 0.014627
1586247680.979124 15.705547 0.014369
1586247681.111124 15.713071 0.014167
1586247681.276125 15.720634 0.013936
1586247681.441125 15.729582 0.013736
1586247681.639126 15.738584 0.013504
1586247681.870126 15.747368 0.013260
1586247682.134127 15.756456 0.013037
1586247682.530128 15.765796 0.012762
1586247683.388129 15.782187 0.012404
1586247683.751130 15.785938 0.012320
1586247685.104134 15.793447 0.012269
1586247685.467134 15.793379 0.012261
1586247685.797135 15.792003 0.012246
1586247686.061136 15.790365 0.012228
1586247686.259136 15.789798 0.012214
1586247686.424137 15.789258 0.012197
1586247686.589137 15.788191 0.012182
1586247686.787138 15.788082 0.012161
1586247687.018138 15.787799 0.012136
1586247687.249139 15.787133 0.012105
1586247687.546139 15.785180 0.012072
1586247687.843140 15.782987 0.012036
1586247688.107141 15.781129 0.012010
1586247688.371141 15.779873 0.011985
1586247688.668142 15.777846 0.011953
1586247688.932143 15.777091 0.011931
1586247689.163143 15.776563 0.011908
1586247689.361144 15.775512 0.011887
1586247689.559144 15.773854 0.011882
1586247689.757145 15.772623 0.011868
1586247689.922145 15.771796 0.011844
1586247690.087146 15.771671 0.011838
1586247690.252146 15.770644 0.011832
1586247690.384146 15.770987 0.011822
1586247690.549147 15.769788 0.011819
1586247690.681147 15.769071 0.011814
1586247690.813147 15.767541 0.011797
1586247690.945148 15.767679 0.011799
1586247691.077148 15.766910 0.011782
1586247691.209148 15.765790 0.011767
1586247691.341148 15.765004 0.011743
1586247691.473149 15.764389 0.011730
1586247691.605149 15.762853 0.011718
1586247691.737149 15.762045 0.011690
1586247691.869150 15.760969 0.011665
1586247692.001150 15.759454 0.011624
1586247692.133151 15.758550 0.011602
1586247692.265151 15.757672 0.011562
1586247692.397151 15.755724 0.011552
1586247692.529151 15.756488 0.011559
1586247692.661151 15.755231 0.011516
1586247692.793152 15.754665 0.011469
1586247692.925152 15.753768 0.011462
1586247693.057153 15.753441 0.011400
1586247693.189153 15.755126 0.011394
1586247693.321153 15.754174 0.011330
1586247693.453154 15.751393 0.011243
1586247693.618154 15.750076 0.011292
1586247693.783154 15.746151 0.011205
1586247693.981155 15.744908 0.011194
1586247694.146155 15.743693 0.011150
1586247694.311156 15.743170 0.011104
1586247694.476156 15.742216 0.011061
1586247694.641156 15.741950 0.011049
1586247694.773157 15.740882 0.011018
1586247694.905157 15.739172 0.011000
1586247695.037157 15.737527 0.010972
1586247695.169158 15.737083 0.010948
1586247695.301158 15.736119 0.010935
1586247695.433158 15.736257 0.010896
1586247695.565158 15.735514 0.010849
1586247695.697159 15.734802 0.010871
1586247695.829159 15.734460 0.010854
1586247695.961159 15.734403 0.010831
1586247696.093160 15.733585 0.010810
1586247696.192160 15.733182 0.010792
1586247696.324160 15.733044 0.010793
1586247696.456161 15.733410 0.010781
1586247696.588161 15.732718 0.010765
1586247696.720161 15.732003 0.010737
1586247696.852162 15.732433 0.010742
1586247696.984162 15.731900 0.010730
1586247697.149162 15.731713 0.010723
1586247697.281163 15.731524 0.010710
1586247697.446163 15.731667 0.010700
1586247697.611163 15.731169 0.010689
1586247697.776164 15.731078 0.010679
1586247697.941164 15.731061 0.010673
1586247698.106164 15.730493 0.010668
1586247698.238165 15.730713 0.010664
1586247698.370165 15.730941 0.010644
1586247698.502166 15.730484 0.010650
1586247698.634166 15.730481 0.010646
1586247698.799166 15.730385 0.010638
1586247698.931166 15.730400 0.010636
1586247699.063167 15.729441 0.010596
1586247699.195167 15.729233 0.010627
1586247699.327168 15.728893 0.010623
1586247699.426167 15.728676 0.010621
1586247699.525168 15.728584 0.010613
1586247699.624168 15.728359 0.010603
1586247699.723168 15.727676 0.010613
1586247699.822169 15.727558 0.010606
1586247699.921169 15.727462 0.010607
1586247700.020169 15.726903 0.010608
1586247700.119169 15.726660 0.010606
1586247700.218170 15.726674 0.010584
1586247700.284170 15.726498 0.010589
1586247700.350170 15.726834 0.010584
1586247700.449170 15.726721 0.010539
1586247700.515170 15.726194 0.010593
1586247700.647171 15.725612 0.010588
1586247700.746171 15.725327 0.010593
1586247700.845171 15.725438 0.010564
1586247700.944171 15.725451 0.010577
1586247701.010171 15.724994 0.010585
1586247701.109172 15.725418 0.010587
1586247701.175172 15.725516 0.010588
1586247701.274172 15.726000 0.010582
1586247701.373172 15.724812 0.010583
1586247701.472172 15.723904 0.010584
1586247701.571173 15.723286 0.010585
1586247701.670173 15.723485 0.010576
1586247701.769173 15.723499 0.010577
1586247701.868173 15.722689 0.010580
1586247701.967174 15.722587 0.010560
1586247702.066174 15.723033 0.010573
1586247702.165174 15.721786 0.010553
1586247702.264174 15.721585 0.010572
1586247702.363175 15.721498 0.010573
1586247702.462175 15.721419 0.010574
1586247702.561175 15.721215 0.010562
1586247702.693175 15.721110 0.010573
1586247702.825176 15.720697 0.010562
1586247702.924176 15.720157 0.010563
1586247703.023176 15.720645 0.010566
1586247703.122176 15.719866 0.010546
1586247703.221177 15.719939 0.010567
1586247703.320177 15.719662 0.010570
1586247703.419177 15.719126 0.010570
1586247703.518177 15.719375 0.010544
1586247703.584177 15.719446 0.010566
1586247703.650177 15.719821 0.010567
1586247703.716178 15.719791 0.010564
1586247703.815178 15.720319 0.010569
1586247703.914178 15.719919 0.010566
1586247704.013178 15.719730 0.010564
1586247704.112179 15.719858 0.010558
1586247704.178179 15.719610 0.010568
1586247704.244179 15.719886 0.010564
1586247704.310179 15.719702 0.010566
1586247704.376179 15.719771 0.010565
1586247704.475179 15.719853 0.010565
1586247704.574180 15.720215 0.010557
1586247704.673180 15.720098 0.010564
1586247704.772180 15.719639 0.010562
1586247704.871181 15.719234 0.010564
1586247704.970181 15.718056 0.010555
1586247705.069181 15.717450 0.010561
1586247705.168181 15.717997 0.010563
1586247705.267181 15.719709 0.010555
1586247705.333182 15.719684 0.010561
1586247705.399182 15.721072 0.010557
1586247705.498182 15.720073 0.010548
1586247705.597182 15.720405 0.010558
1586247705.696182 15.719141 0.010539
1586247705.795183 15.718959 0.010554
1586247705.894183 15.717682 0.010559
1586247705.993183 15.717631 0.010543
1586247706.092183 15.718097 0.010564
1586247706.191184 15.718333 0.010520
1586247706.290184 15.718864 0.010555
1586247706.389184 15.718565 0.010547
1586247706.488184 15.719107 0.010562
1586247706.587185 15.719148 0.010561
1586247706.686185 15.718816 0.010557
1586247706.752185 15.718562 0.010556
1586247706.851185 15.718120 0.010544
1586247706.950186 15.717735 0.010559
1586247707.049186 15.717186 0.010558
1586247707.148186 15.715925 0.010557
1586247707.247186 15.716222 0.010559
1586247707.346186 15.716928 0.010561
1586247707.445187 15.716658 0.010557
1586247707.544187 15.717407 0.010559
1586247707.643187 15.718136 0.010545
1586247707.742187 15.717216 0.010550
1586247707.841187 15.717698 0.010520
1586247707.940188 15.717322 0.010541
1586247708.039188 15.717761 0.010546
1586247708.138188 15.717705 0.010539
1586247708.237188 15.718013 0.010554
1586247708.336189 15.717832 0.010556
1586247708.402189 15.717256 0.010553
1586247708.468189 15.716926 0.010533
1586247708.567189 15.718053 0.010539
1586247708.666189 15.718888 0.010545
1586247708.765190 15.718898 0.010514
1586247708.864190 15.717932 0.010553
1586247708.963190 15.718251 0.010532
1586247709.062190 15.717268 0.010544
1586247709.128191 15.717166 0.010523
1586247709.194191 15.716887 0.010544
1586247709.260191 15.716691 0.010533
1586247709.326191 15.716239 0.010530
1586247709.392191 15.715203 0.010553
1586247709.458191 15.715877 0.010535
1586247709.524191 15.716204 0.010556
1586247709.590192 15.717274 0.010544
1586247709.656192 15.716522 0.010537
1586247709.722192 15.716185 0.010534
1586247709.788192 15.716217 0.010531
1586247709.854192 15.716436 0.010520
1586247709.953192 15.716891 0.010465
1586247710.052192 15.716709 0.010548
1586247710.151193 15.717743 0.010510
1586247710.250193 15.717580 0.010532
1586247710.349193 15.716803 0.010551
1586247710.448194 15.715403 0.010533
1586247710.547194 15.714562 0.010550
1586247710.646194 15.714726 0.010538
1586247710.712194 15.713527 0.010551
1586247710.811194 15.713684 0.010546
1586247710.910195 15.713641 0.010553
1586247711.042195 15.712178 0.010545
1586247711.174195 15.711828 0.010516
1586247711.306196 15.711953 0.010532
1586247711.438196 15.710822 0.010504
1586247711.570196 15.711249 0.010547
1586247711.702197 15.710536 0.010534
1586247711.801197 15.709494 0.010538
1586247711.900197 15.710503 0.010556
1586247711.999197 15.711372 0.010534
1586247712.098197 15.711365 0.010541
1586247712.197198 15.711157 0.010550
1586247712.296198 15.711451 0.010514
1586247712.395198 15.712449 0.010520
1586247712.494199 15.712031 0.010544
1586247712.593199 15.710319 0.010548
1586247712.692199 15.709531 0.010547
1586247712.791199 15.709778 0.010542
1586247712.890199 15.709731 0.010555
1586247712.989200 15.708822 0.010552
1586247713.088200 15.708253 0.010546
1586247713.187200 15.709436 0.010553
1586247713.319200 15.708089 0.010544
1586247713.418200 15.708538 0.010550
1586247713.550201 15.708112 0.010555
1586247713.682201 15.708613 0.010543
1586247713.814202 15.709453 0.010546
1586247713.913202 15.708522 0.010542
1586247714.012202 15.707193 0.010514
1586247714.111202 15.707217 0.010542
1586247714.210202 15.707236 0.010554
1586247714.276202 15.707590 0.010531
1586247714.342203 15.708240 0.010525
1586247714.408203 15.707855 0.010536
1586247714.474203 15.707844 0.010551
1586247714.540203 15.707640 0.010546
1586247714.606203 15.707548 0.010554
1586247714.672204 15.706725 0.010542
1586247714.738204 15.706557 0.010550
1586247714.804204 15.706985 0.010549
1586247714.870204 15.707064 0.010552
1586247714.936204 15.707159 0.010557
1586247715.002204 15.706847 0.010504
1586247715.068205 15.707033 0.010545
1586247715.167205 15.706936 0.010544
1586247715.266205 15.706474 0.010554
1586247715.332205 15.706567 0.010552
1586247715.431205 15.706480 0.010552
1586247715.563206 15.707541 0.010532
1586247715.695206 15.708917 0.010544
1586247715.827206 15.708620 0.010549
1586247715.959207 15.708631 0.010552
1586247716.091207 15.710151 0.010551
1586247716.190207 15.708003 0.010536
1586247716.289207 15.707951 0.010522
1586247716.388208 15.708637 0.010485
1586247716.454208 15.708078 0.010471
1586247716.553208 15.707238 0.010549
1586247716.619208 15.707357 0.010534
1586247716.685209 15.706669 0.010554
1586247716.751209 15.706468 0.010554
1586247716.817209 15.706908 0.010540
1586247716.883209 15.706892 0.010549
1586247716.949209 15.707329 0.010520
1586247717.048209 15.707564 0.010515
1586247717.147209 15.707876 0.010524
1586247717.279210 15.707443 0.010548
1586247717.378210 15.706769 0.010384
1586247717.477210 15.706379 0.010543
1586247717.576210 15.705716 0.010543
1586247717.642211 15.704931 0.010544
1586247717.741211 15.704249 0.010541
1586247717.840211 15.703570 0.010537
1586247717.939212 15.703907 0.010526
1586247718.071212 15.704689 0.010511
1586247718.203212 15.702647 0.010535
1586247718.302212 15.703527 0.010554
1586247718.434213 15.704069 0.010551
1586247718.533213 15.703624 0.010543
1586247718.632213 15.703872 0.010525
1586247718.731213 15.703545 0.010511
1586247718.797214 15.703887 0.010538
1586247718.863214 15.704284 0.010536
1586247718.962214 15.700910 0.010492
1586247719.028214 15.701110 0.010536
1586247719.094214 15.700855 0.010525
1586247719.160214 15.701282 0.010548
1586247719.259215 15.701538 0.010549
1586247719.358215 15.701316 0.010532
1586247719.457215 15.701069 0.010535
1586247719.523215 15.701414 0.010547
1586247719.589216 15.701991 0.010484
1586247719.655216 15.702344 0.010542
1586247719.754216 15.701641 0.010524
1586247719.853216 15.700974 0.010384
1586247719.919216 15.704866 0.010526
1586247719.985216 15.706210 0.010517
1586247720.051216 15.710159 0.010507
1586247720.117217 15.708356 0.010239
1586247720.183217 15.711159 0.010445
1586247720.249217 15.715750 0.010513
1586247720.315217 15.716254 0.010498
1586247720.381217 15.717078 0.010519
1586247720.447217 15.718025 0.010540
1586247720.513217 15.720252 0.010523
1586247720.579218 15.722073 0.010536
1586247720.645218 15.724067 0.010497
1586247720.711218 15.726735 0.010497
1586247720.777218 15.726011 0.010524
1586247720.843218 15.727181 0.010536
1586247720.909219 15.729928 0.010529
1586247720.975219 15.731212 0.010537
1586247721.041219 15.732995 0.010515
1586247721.107219 15.737218 0.010507
1586247721.173219 15.737683 0.010518
1586247721.239219 15.740907 0.010444
1586247721.305219 15.747312 0.010286
1586247721.371219 15.748167 0.010471
1586247721.437220 15.751089 0.010484
1586247721.536220 15.754390 0.010514
1586247721.635220 15.757386 0.010531
1586247721.734221 15.760718 0.010478
1586247721.833221 15.760293 0.010518
1586247721.932221 15.761509 0.010503
1586247722.031221 15.762588 0.010533
1586247722.097221 15.764437 0.010516
1586247722.196221 15.767355 0.010500
1586247722.295222 15.768465 0.010530
1586247722.394222 15.769848 0.010527
1586247722.460222 15.771631 0.010513
1586247722.526222 15.771030 0.010523
1586247722.625223 15.771981 0.010508
1586247722.724223 15.773715 0.010511
1586247722.823223 15.773998 0.010477
1586247722.922223 15.772454 0.010496
1586247723.021223 15.773896 0.010512
1586247723.120224 15.774511 0.010519
1586247723.252224 15.773222 0.010516
1586247723.351224 15.771394 0.010518
1586247723.450224 15.771495 0.010506
1586247723.582225 15.770457 0.010509
1586247723.714225 15.769748 0.010508
1586247723.846226 15.769336 0.010509
1586247723.978226 15.769239 0.010500
1586247724.110226 15.768027 0.010490
1586247724.242226 15.768030 0.010471
1586247724.374227 15.767273 0.010470
1586247724.473227 15.767164 0.010504
1586247724.572227 15.766757 0.010507
1586247724.671227 15.766496 0.010510
1586247724.770228 15.765964 0.010512
1586247724.902228 15.765407 0.010503
1586247725.034228 15.765140 0.010504
1586247725.166229 15.764419 0.010502
1586247725.298229 15.764169 0.010476
1586247725.397229 15.763521 0.010490
1586247725.496229 15.762429 0.010505
1586247725.595230 15.761767 0.010489
1586247725.694230 15.760924 0.010503
1586247725.793230 15.760469 0.010501
1586247725.892231 15.760034 0.010485
1586247725.991230 15.759428 0.010465
1586247726.090231 15.758431 0.010498
1586247726.189231 15.758019 0.010497
1586247726.288231 15.757797 0.010479
1586247726.354231 15.757370 0.010501
1586247726.453232 15.757109 0.010477
1586247726.552232 15.756922 0.010476
1586247726.651232 15.756262 0.010447
1586247726.750232 15.755568 0.010479
1586247726.849233 15.754579 0.010481
1586247726.948233 15.754117 0.010486
1586247727.047233 15.753542 0.010495
1586247727.146233 15.753544 0.010482
1586247727.245233 15.752968 0.010491
1586247727.344234 15.752980 0.010477
1586247727.443234 15.751428 0.010484
1586247727.542234 15.751065 0.010490
1586247727.641234 15.751397 0.010480
1586247727.740235 15.750866 0.010485
1586247727.839235 15.750908 0.010482
1586247727.938235 15.750667 0.010481
1586247728.037235 15.750089 0.010451
1586247728.136235 15.749669 0.010469
1586247728.235236 15.750245 0.010481
1586247728.334236 15.749924 0.010468
1586247728.466236 15.749758 0.010447
1586247728.565237 15.749121 0.010472
1586247728.664237 15.750570 0.010463
1586247728.796237 15.749778 0.010460
1586247728.928237 15.750916 0.010467
1586247729.060238 15.750149 0.010472
1586247729.192238 15.750377 0.010467
1586247729.324238 15.748330 0.010458
1586247729.456239 15.748861 0.010451
1586247729.588239 15.752271 0.010445
1586247729.720239 15.752821 0.010421
1586247729.819239 15.754729 0.010461
1586247729.918240 15.754470 0.010471
1586247730.050240 15.755999 0.010467
1586247730.149240 15.757573 0.010477
1586247730.248240 15.757442 0.010472
1586247730.347241 15.759083 0.010453
1586247730.446241 15.761276 0.010301
1586247730.578241 15.761082 0.010416
1586247730.710242 15.762352 0.010452
1586247730.842242 15.762081 0.010464
1586247730.974242 15.763579 0.010473
1586247731.106243 15.764416 0.010464
1586247731.238243 15.766372 0.010425
1586247731.370243 15.765865 0.010448
1586247731.502243 15.765710 0.010436
1586247731.601244 15.766912 0.010447
1586247731.700244 15.767319 0.010461
1586247731.799244 15.766650 0.010450
1586247731.931244 15.766092 0.010459
1586247732.063245 15.765653 0.010424
1586247732.195245 15.765924 0.010441
1586247732.327245 15.763957 0.010452
1586247732.459246 15.762696 0.010438
1586247732.591246 15.762678 0.010428
1586247732.723246 15.763715 0.010447
1586247732.888247 15.764435 0.010457
1586247733.053247 15.763547 0.010468
1586247733.185247 15.763372 0.010449
1586247733.317248 15.763655 0.010462
1586247733.416248 15.762455 0.010471
1586247733.548248 15.762608 0.010463
1586247733.680248 15.763191 0.010432
1586247733.812249 15.763482 0.010389
1586247733.944249 15.763753 0.010405
1586247734.043249 15.763918 0.010448
1586247734.142250 15.764948 0.010422
1586247734.241250 15.765729 0.010428
1586247734.340250 15.766263 0.010331
1586247734.439250 15.766940 0.010410
1586247734.538250 15.768544 0.010436
1586247734.637251 15.768307 0.010466
1586247734.736251 15.769005 0.010441
1586247734.835251 15.770550 0.010429
1586247734.934252 15.771327 0.010440
1586247735.033252 15.772721 0.010464
1586247735.132252 15.775590 0.010387
1586247735.231252 15.777543 0.010391
1586247735.330253 15.779110 0.010451
1586247735.429253 15.781326 0.010303
1586247735.528253 15.783765 0.010404
1586247735.627253 15.786563 0.010427
1586247735.726253 15.788478 0.010432
1586247735.825254 15.790145 0.010436
1586247735.924254 15.792119 0.010432
1586247736.023254 15.794071 0.010454
1586247736.122254 15.795433 0.010392
1586247736.221255 15.797319 0.010406
1586247736.320255 15.798443 0.010391
1586247736.419255 15.799309 0.010424
1586247736.518255 15.799726 0.010447
1586247736.617255 15.800089 0.010446
1586247736.716256 15.801464 0.010421
1586247736.815256 15.802828 0.010419
1586247736.914256 15.804776 0.010438
1586247737.013257 15.805610 0.010450
1586247737.112257 15.806906 0.010395
1586247737.211257 15.807589 0.010451
1586247737.310257 15.807922 0.010436
1586247737.409257 15.808136 0.010410
1586247737.541258 15.809297 0.010374
1586247737.673258 15.809099 0.010445
1586247737.772258 15.809333 0.010406
1586247737.871259 15.808888 0.010408
1586247737.970259 15.808377 0.010437
1586247738.069259 15.808494 0.010381
1586247738.168259 15.808771 0.010428
1586247738.267259 15.808115 0.010431
1586247738.366260 15.808163 0.010365
1586247738.465260 15.807712 0.010230
1586247738.564260 15.807016 0.010430
1586247738.663260 15.806568 0.010440
1586247738.762261 15.805672 0.010437
1586247738.861261 15.805727 0.010391
1586247738.960261 15.805203 0.010417
1586247739.059261 15.804024 0.010415
1586247739.158262 15.803754 0.010438
1586247739.257262 15.803793 0.010415
1586247739.356262 15.803392 0.010439
1586247739.455262 15.803350 0.010380
1586247739.587263 15.802421 0.010435
1586247739.686263 15.801928 0.010434
1586247739.785263 15.801511 0.010407
1586247739.884264 15.801286 0.010352
1586247739.983263 15.800884 0.010380
1586247740.082264 15.800464 0.010431
1586247740.181264 15.800831 0.010387
1586247740.280264 15.800555 0.010424
1586247740.379265 15.800338 0.010426
1586247740.478265 15.800457 0.010396
1586247740.577265 15.800733 0.010383
1586247740.676265 15.801050 0.010425
1586247740.775265 15.800716 0.010423
1586247740.874266 15.800427 0.010428
1586247740.973266 15.800243 0.010406
1586247741.072266 15.800012 0.010424
1586247741.171266 15.799892 0.010406
1586247741.270267 15.799791 0.010417
1586247741.369267 15.799366 0.010370
1586247741.468267 15.799338 0.010423
1586247741.567267 15.799534 0.010426
1586247741.666268 15.799772 0.010425
1586247741.765268 15.800147 0.010425
1586247741.864268 15.800529 0.010412
1586247741.963268 15.800660 0.010413
1586247742.062268 15.800522 0.010413
1586247742.161269 15.799914 0.010412
1586247742.260269 15.799932 0.010417
1586247742.359269 15.799844 0.010421
1586247742.458269 15.799535 0.010422
1586247742.557270 15.799496 0.010411
1586247742.656270 15.799357 0.010413
1586247742.755270 15.798598 0.010389
1586247742.854270 15.798876 0.010408
1586247742.953270 15.798252 0.010397
1586247743.085271 15.798048 0.010412
1586247743.184271 15.798396 0.010417
1586247743.283271 15.798718 0.010419
1586247743.382272 15.798831 0.010414
1586247743.481272 15.799464 0.010410
1586247743.580272 15.800257 0.010364
1586247743.679272 15.800367 0.010416
1586247743.778273 15.801853 0.010410
1586247743.877273 15.802236 0.010413
1586247743.976273 15.802808 0.010403
1586247744.042273 15.802384 0.010381
1586247744.141273 15.802195 0.010383
1586247744.207273 15.801875 0.010397
1586247744.273274 15.801944 0.010405
1586247744.339274 15.802289 0.010411
1586247744.438274 15.802459 0.010409
1586247744.537274 15.802410 0.010380
1586247744.636274 15.802366 0.010389
1586247744.735275 15.802870 0.010390
1586247744.801275 15.803537 0.010412
1586247744.867275 15.804951 0.010397
1586247744.966275 15.805858 0.010382
1586247745.032275 15.805695 0.010413
1586247745.098276 15.806615 0.010409
1586247745.164276 15.806838 0.010415
1586247745.263276 15.806860 0.010407
1586247745.362276 15.807409 0.010406
1586247745.428277 15.807886 0.010407
1586247745.527277 15.808732 0.010394
1586247745.593277 15.810473 0.010140
1586247745.692277 15.810556 0.010399
1586247745.791277 15.810378 0.010387
1586247745.890277 15.810496 0.010281
1586247745.989278 15.810658 0.010409
1586247746.088278 15.811190 0.010372
1586247746.154278 15.811638 0.010400
1586247746.220278 15.810972 0.010408
1586247746.319278 15.811283 0.010372
1586247746.418279 15.811619 0.010385
1586247746.517279 15.811194 0.010160
1586247746.616279 15.811481 0.010325
1586247746.682279 15.811572 0.010363
1586247746.748280 15.811982 0.010392
1586247746.847280 15.812202 0.010396
1586247746.946280 15.812692 0.010410
1586247747.045280 15.813387 0.010388
1586247747.144280 15.815181 0.010339
1586247747.243281 15.815263 0.010411
1586247747.342281 15.816378 0.010375
1586247747.408281 15.816567 0.010364
1586247747.507281 15.817716 0.010397
1586247747.606282 15.818175 0.010404
1586247747.705282 15.818376 0.010406
1586247747.771282 15.817969 0.010374
1586247747.870282 15.818691 0.010405
1586247747.969282 15.819206 0.010351
1586247748.035282 15.820273 0.010405
1586247748.101283 15.820739 0.010379
1586247748.200283 15.821795 0.010379
1586247748.299283 15.823181 0.010359
1586247748.398283 15.824619 0.010359
1586247748.464284 15.825775 0.010349
1586247748.530284 15.826503 0.010294
1586247748.596284 15.827377 0.010403
1586247748.662284 15.828828 0.010304
1586247748.728284 15.829937 0.010317
1586247748.794284 15.830818 0.010385
1586247748.860284 15.831832 0.010350
1586247748.926285 15.833372 0.010301
1586247748.992285 15.834428 0.010204
1586247749.058285 15.835238 0.010271
1586247749.124285 15.836040 0.010326
1586247749.190285 15.837296 0.010358
1586247749.256285 15.837562 0.010305
1586247749.322286 15.838321 0.010400
1586247749.388286 15.839168 0.010350
1586247749.454286 15.839524 0.010402
1586247749.520286 15.840268 0.010400
1586247749.586286 15.840303 0.010330
1586247749.652287 15.840395 0.010396
1586247749.718287 15.840587 0.010372
1586247749.817287 15.839851 0.010391
1586247749.916287 15.839639 0.010391
1586247749.982287 15.838709 0.010351
1586247750.081287 15.837759 0.010374
1586247750.147288 15.836686 0.010305
1586247750.213288 15.836518 0.010369
1586247750.279288 15.836717 0.010368
1586247750.345288 15.836615 0.010378
1586247750.411288 15.836383 0.010403
1586247750.477288 15.836011 0.010382
1586247750.543288 15.836120 0.010403
1586247750.609288 15.836398 0.010391
1586247750.675289 15.836606 0.010390
1586247750.741289 15.836499 0.010353
1586247750.807289 15.836289 0.010391
1586247750.873289 15.835621 0.010337
1586247750.939289 15.835638 0.010377
1586247751.005290 15.835656 0.010301
1586247751.071290 15.835452 0.010351
1586247751.137290 15.835267 0.010384
1586247751.203290 15.835182 0.010387
1586247751.269290 15.835308 0.010281
1586247751.335290 15.834820 0.010368
1586247751.401290 15.834321 0.010337
1586247751.467291 15.832265 0.010319
1586247751.533291 15.832548 0.010361
1586247751.599291 15.832605 0.010374
1586247751.665291 15.832584 0.010362
1586247751.731291 15.832399 0.010391
1586247751.797292 15.832697 0.010398
1586247751.863292 15.832705 0.010390
1586247751.929292 15.832555 0.010398
1586247751.995292 15.832352 0.010336
1586247752.061292 15.832515 0.010382
1586247752.127292 15.831528 0.010385
1586247752.226292 15.830869 0.010382
1586247752.325293 15.831184 0.010363
1586247752.391293 15.831520 0.010399
1586247752.457293 15.828507 0.010400
1586247752.523293 15.827726 0.010386
1586247752.589293 15.826810 0.010381
1586247752.655293 15.827549 0.010362
1586247752.721293 15.827613 0.010400
1586247752.787294 15.830064 0.010384
1586247752.886294 15.829856 0.010383
1586247752.985294 15.829810 0.010379
1586247753.051295 15.829687 0.010396
1586247753.117295 15.829510 0.010379
1586247753.183295 15.829939 0.010392
1586247753.249295 15.830038 0.010394
1586247753.348295 15.830077 0.010395
1586247753.447295 15.830405 0.010398
1586247753.546296 15.830511 0.010402
1586247753.612296 15.820362 0.009438
1586247753.678296 15.817817 0.010392
1586247753.744296 15.818930 0.010382
1586247753.810296 15.819402 0.010392
1586247753.876297 15.819007 0.010388
1586247753.942297 15.819490 0.010395
1586247754.041297 15.819998 0.010397
1586247754.140297 15.819899 0.010394
1586247754.239297 15.820573 0.010385
1586247754.338297 15.823283 0.010388
1586247754.437298 15.822153 0.010394
1586247754.503298 15.823596 0.010395
1586247754.569298 15.823697 0.010343
1586247754.635298 15.821314 0.010235
1586247754.701298 15.821014 0.010393
1586247754.800298 15.821949 0.010350
1586247754.899299 15.822863 0.010380
1586247754.998299 15.822711 0.010237
1586247755.097299 15.823433 0.010363
1586247755.196300 15.824054 0.010376
1586247755.295300 15.824189 0.010310
1586247755.394300 15.823994 0.010393
1586247755.460300 15.823928 0.010395
1586247755.559300 15.823987 0.010382
1586247755.658301 15.823455 0.010389
1586247755.757301 15.821203 0.010344
1586247755.856301 15.822027 0.010360
1586247755.955301 15.823080 0.010379
1586247756.054302 15.824688 0.010353
1586247756.120301 15.825607 0.010391
1586247756.219302 15.825545 0.010386
1586247756.285302 15.822725 0.010346
1586247756.351302 15.823133 0.010257
1586247756.450302 15.822821 0.010358
1586247756.549303 15.822742 0.010311
1586247756.681303 15.822802 0.010346
1586247756.780303 15.823809 0.010326
1586247756.879303 15.825279 0.010378
1586247756.978304 15.825989 0.010346
1586247757.110304 15.825247 0.010362
1586247757.242305 15.826054 0.010387
1586247757.374305 15.822041 0.010371
1586247757.506305 15.822600 0.010388
1586247757.638305 15.821117 0.010380
1586247757.770306 15.822156 0.010298
1586247757.935306 15.822552 0.010228
1586247758.100307 15.823224 0.010152
1586247758.265307 15.823617 0.010347
1586247758.430307 15.821527 0.010345
1586247758.562308 15.821699 0.010197
1586247758.694308 15.818697 0.010303
1586247758.826308 15.818096 0.010285
1586247758.958309 15.818092 0.010274
1586247759.090309 15.816058 0.010366
1586247759.222309 15.818663 0.010188
1586247759.354309 15.818084 0.010231
1586247759.453310 15.818206 0.010224
1586247759.552310 15.818368 0.009932
1586247759.651310 15.819947 0.010166
1586247759.750310 15.821370 0.010287
1586247759.849311 15.822509 0.010328
1586247759.981311 15.821968 0.010361
1586247760.080311 15.822170 0.010364
1586247760.212312 15.820728 0.010177
1586247760.344312 15.821884 0.010365
1586247760.476312 15.823506 0.010375
1586247760.608312 15.822473 0.010371
1586247760.740313 15.823919 0.010374
1586247760.872313 15.822923 0.010103
1586247761.004313 15.823686 0.010366
1586247761.136314 15.822260 0.010263
1586247761.268314 15.823353 0.010371
1586247761.400314 15.824072 0.010287
1586247761.532315 15.824577 0.010377
1586247761.664315 15.825163 0.010338
1586247761.796315 15.826250 0.010345
1586247761.928316 15.825351 0.010074
1586247762.060316 15.825824 0.010349
1586247762.192316 15.826324 0.010251
1586247762.324317 15.826562 0.010298
1586247762.456317 15.825062 0.009989
1586247762.588317 15.825261 0.010317
1586247762.720317 15.825209 0.010298
1586247762.819318 15.825241 0.010364
1586247762.951318 15.825202 0.010292
1586247763.083318 15.825035 0.010310
1586247763.182319 15.824712 0.010172
1586247763.281319 15.824036 0.010360
1586247763.380319 15.823457 0.010347
1586247763.479319 15.822764 0.010228
1586247763.578319 15.821644 0.010255
1586247763.677320 15.820823 0.010296
1586247763.776320 15.820172 0.010235
1586247763.875320 15.819917 0.010230
1586247763.974320 15.820009 0.010049
1586247764.073321 15.820220 0.010241
1586247764.172321 15.820221 0.010304
1586247764.271321 15.819726 0.010233
1586247764.370322 15.819380 0.010164
1586247764.469321 15.818970 0.010240
1586247764.568322 15.818656 0.010326
1586247764.667322 15.818792 0.010325
1586247764.766322 15.818760 0.010361
1586247764.865323 15.818529 0.010307
1586247764.964323 15.818246 0.010352
1586247765.063323 15.817432 0.010347
1586247765.195323 15.817005 0.010361
1586247765.294323 15.816930 0.010335
1586247765.393324 15.816809 0.010344
1586247765.492324 15.816380 0.010294
1586247765.591324 15.816076 0.010303
1586247765.690325 15.816038 0.010363
1586247765.789325 15.816203 0.010327
1586247765.888325 15.816097 0.010310
1586247765.987325 15.816355 0.010293
1586247766.053325 15.816532 0.010314
1586247766.119325 15.816762 0.010287
1586247766.185326 15.816302 0.010336
1586247766.251326 15.816543 0.010351
1586247766.317326 15.816644 0.010337
1586247766.416326 15.816352 0.010359
1586247766.482326 15.816196 0.010250
1586247766.548326 15.816101 0.010277
1586247766.614327 15.816008 0.010311
1586247766.713327 15.815938 0.010351
1586247766.779327 15.816073 0.010365
1586247766.845327 15.816135 0.010360
1586247766.911328 15.816397 0.010361
1586247766.977328 15.816439 0.010328
1586247767.043328 15.816314 0.010364
1586247767.109328 15.816177 0.010343
1586247767.175328 15.815997 0.010313
1586247767.274328 15.815617 0.010362
1586247767.340328 15.815218 0.010366
1586247767.406328 15.815403 0.010290
1586247767.472328 15.815646 0.010344
1586247767.538329 15.815230 0.010342
1586247767.604329 15.815280 0.010314
1586247767.670329 15.815814 0.010356
1586247767.736329 15.815882 0.010360
1586247767.802329 15.816335 0.010257
1586247767.868330 15.816162 0.010365
1586247767.934330 15.815889 0.010351
1586247768.033330 15.816280 0.010354
1586247768.132330 15.815930 0.010337
1586247768.198330 15.816233 0.010301
1586247768.264330 15.816138 0.009867
1586247768.330331 15.815927 0.010260
1586247768.396331 15.815623 0.010307
1586247768.495331 15.816031 0.010293
1586247768.561331 15.816195 0.010221
1586247768.627331 15.815676 0.010330
1586247768.693331 15.816378 0.010310
1586247768.759332 15.816335 0.010277
1586247768.825332 15.816244 0.010283
1586247768.891332 15.816130 0.010321
1586247768.990332 15.816121 0.010363
1586247769.089333 15.816324 0.010331
1586247769.188333 15.816322 0.010354
1586247769.287333 15.816196 0.010349
1586247769.386333 15.816356 0.010309
1586247769.485333 15.816343 0.010269
1586247769.584334 15.816798 0.010355
1586247769.683334 15.816704 0.010348
1586247769.782334 15.817165 0.010321
1586247769.881334 15.816348 0.010298
1586247769.947334 15.816986 0.010305
1586247770.013335 15.817332 0.010333
1586247770.079335 15.816089 0.010332
1586247770.145335 15.816859 0.010262
1586247770.211335 15.816484 0.010355
1586247770.277335 15.816731 0.010356
1586247770.343335 15.816621 0.010361
1586247770.442336 15.816455 0.010317
1586247770.541336 15.816188 0.010336
1586247770.640336 15.816569 0.010356
1586247770.706336 15.816847 0.010300
1586247770.805336 15.816700 0.010318
1586247770.871337 15.816086 0.010238
1586247770.970337 15.816617 0.010300
1586247771.069337 15.816427 0.010307
1586247771.135338 15.816268 0.010323
1586247771.234338 15.816343 0.010355
1586247771.333338 15.816573 0.010345
1586247771.399338 15.816676 0.010319
1586247771.465338 15.816759 0.010359
1586247771.531338 15.816542 0.010358
1586247771.597338 15.816135 0.010332
1586247771.663338 15.816342 0.010340
1586247771.729339 15.816688 0.010350
1586247771.795339 15.816797 0.010197
1586247771.894339 15.816495 0.010339
1586247771.960339 15.816597 0.010309
1586247772.059340 15.816612 0.010361
1586247772.158340 15.816753 0.010345
1586247772.257340 15.816982 0.010354
1586247772.356340 15.817240 0.010353
1586247772.422340 15.817307 0.010332
1586247772.521341 15.817531 0.010351
1586247772.620341 15.817748 0.010357
1586247772.719341 15.818043 0.010352
1586247772.785341 15.818116 0.010352
1586247772.851341 15.818316 0.010345
1586247772.950342 15.818914 0.010285
1586247773.049342 15.819080 0.010330
1586247773.115342 15.819306 0.010317
1586247773.214342 15.819557 0.010321
1586247773.313343 15.820270 0.010324
1586247773.379343 15.820442 0.010336
1586247773.478343 15.820760 0.010331
1586247773.577343 15.821082 0.010339
1586247773.676343 15.821518 0.010362
1586247773.775344 15.822008 0.010286
1586247773.874344 15.822289 0.010321
1586247773.973344 15.822626 0.010338
1586247774.072344 15.823605 0.010022
1586247774.171345 15.822559 0.010148
1586247774.270345 15.822968 0.010315
1586247774.369345 15.823774 0.010315
1586247774.468345 15.824429 0.010281
1586247774.567345 15.825224 0.010166
1586247774.666346 15.826154 0.010201
1586247774.765346 15.827351 0.010059
1586247774.864346 15.828473 0.010319
1586247774.963346 15.828385 0.010232
1586247775.062347 15.830478 0.010295
1586247775.161347 15.830983 0.010296
1586247775.260347 15.831572 0.010212
1586247775.359347 15.833371 0.010266
1586247775.458348 15.834470 0.010260
1586247775.557348 15.833828 0.010052
1586247775.656348 15.835409 0.010277
1586247775.755348 15.837015 0.010261
1586247775.854349 15.835819 0.010202
1586247775.953349 15.836970 0.010325
1586247776.052349 15.838482 0.010003
1586247776.118349 15.839661 0.010112
1586247776.184350 15.838229 0.010299
1586247776.250350 15.838015 0.010298
1586247776.316350 15.837605 0.010328
1586247776.415350 15.838737 0.010342
1586247776.514350 15.839678 0.010328
1586247776.613350 15.839900 0.010354
1586247776.712350 15.838065 0.010255
1586247776.811351 15.838557 0.010314
1586247776.877351 15.838621 0.010342
1586247776.976351 15.838089 0.010355
1586247777.075351 15.837839 0.010303
1586247777.174352 15.837230 0.010348
1586247777.273352 15.836243 0.010271
1586247777.405352 15.835852 0.010341
1586247777.537353 15.835768 0.010351
1586247777.636353 15.834766 0.010326
1586247777.735353 15.833540 0.010343
1586247777.834353 15.832884 0.010172
1586247777.933353 15.831795 0.010277
1586247778.032354 15.831558 0.010185
1586247778.098354 15.831236 0.010296
1586247778.197354 15.830817 0.010199
1586247778.296354 15.830643 0.010296
1586247778.362355 15.828576 0.010240
1586247778.428355 15.828466 0.009654
1586247778.494355 15.827788 0.010093
1586247778.560355 15.827478 0.010101
1586247778.626355 15.827629 0.010187
1586247778.692355 15.827071 0.010144
1586247778.758355 15.826837 0.010349
1586247778.857356 15.826593 0.010263
1586247778.956356 15.826301 0.010330
1586247779.055356 15.825836 0.010301
1586247779.154356 15.825344 0.010342
1586247779.253356 15.825073 0.010288
1586247779.352357 15.825073 0.010114
1586247779.451357 15.824701 0.010309
1586247779.550357 15.825176 0.010156
1586247779.616357 15.825182 0.010307
1586247779.682358 15.825007 0.010329
1586247779.748358 15.825198 0.010326
1586247779.814358 15.825090 0.010247
1586247779.880358 15.825519 0.010291
1586247779.946358 15.825157 0.010319
1586247780.012358 15.824347 0.010085
1586247780.078358 15.824920 0.010291
1586247780.144359 15.824900 0.010284
1586247780.210359 15.824944 0.010308
1586247780.276359 15.824721 0.010120
1586247780.375359 15.824285 0.010264
1586247780.441359 15.824929 0.009933
1586247780.507360 15.825039 0.010283
1586247780.573360 15.825126 0.010185
1586247780.639360 15.825042 0.010331
1586247780.705360 15.824977 0.010304
1586247780.804360 15.824963 0.010169
1586247780.903361 15.825034 0.010331
1586247781.002361 15.825269 0.010258
1586247781.101361 15.825346 0.010228
1586247781.200361 15.825238 0.010316
1586247781.299361 15.825130 0.010257
1586247781.398362 15.825426 0.010259
1586247781.464362 15.825787 0.010266
1586247781.530362 15.825570 0.010325
1586247781.596362 15.826658 0.009868
1586247781.662362 15.826392 0.010203
1586247781.695362 15.825898 0.010191
1586247781.761362 15.826247 0.010017
1586247781.827363 15.826513 0.010124
1586247781.926363 15.825815 0.010100
1586247781.992363 15.826049 0.010244
1586247782.058363 15.826312 0.010294
1586247782.157363 15.825996 0.010322
1586247782.223364 15.826081 0.010289
1586247782.289364 15.826012 0.010301
1586247782.355364 15.826004 0.010313
1586247782.421364 15.825939 0.010307
1586247782.520364 15.825993 0.010254
1586247782.619365 15.825877 0.010228
1586247782.718365 15.825961 0.010282
1586247782.817365 15.826395 0.010304
1586247782.916365 15.826539 0.010153
1586247783.015366 15.827237 0.010291
1586247783.114366 15.827454 0.010268
1586247783.180366 15.827218 0.010297
1586247783.279366 15.827396 0.010166
1586247783.378366 15.827613 0.010303
1586247783.477366 15.827533 0.010289
1586247783.576367 15.827504 0.010287
1586247783.675367 15.827488 0.010289
1586247783.774367 15.827500 0.010262
1586247783.873368 15.827650 0.010216
1586247783.972368 15.828081 0.010218
1586247784.071368 15.828265 0.010294
1586247784.170368 15.828969 0.010139
1586247784.269369 15.829188 0.010223
1586247784.368369 15.829343 0.010244
1586247784.467369 15.830003 0.010261
1586247784.599369 15.830596 0.010266
1586247784.731369 15.831248 0.010285
1586247784.830370 15.832340 0.010227
1586247784.929370 15.831902 0.010268
1586247785.028370 15.831578 0.009870
1586247785.127371 15.831861 0.010279
1586247785.226371 15.831578 0.010283
1586247785.325371 15.831231 0.010167
1586247785.424371 15.832223 0.010179
1586247785.523371 15.831814 0.009755
1586247785.622372 15.831766 0.009974
1586247785.721372 15.831761 0.010276
1586247785.820372 15.831330 0.010307
1586247785.919372 15.831397 0.010314
1586247786.018373 15.831017 0.010242
1586247786.117373 15.831498 0.010217
1586247786.216373 15.831903 0.010131
1586247786.315373 15.830875 0.010316
1586247786.414374 15.830218 0.010315
1586247786.513374 15.830662 0.010236
1586247786.612374 15.830732 0.010304
1586247786.711374 15.830593 0.010246
1586247786.810374 15.829996 0.010312
1586247786.909375 15.829724 0.010244
1586247787.008375 15.829650 0.010316
1586247787.107375 15.829633 0.010192
1586247787.206375 15.829297 0.010261
1586247787.305376 15.829083 0.010217
1586247787.404376 15.828357 0.010272
1586247787.503376 15.828581 0.010189
1586247787.602376 15.827955 0.010309
1586247787.701376 15.826692 0.010315
1586247787.767377 15.826391 0.010220
1586247787.866377 15.825991 0.010302
1586247787.932377 15.825496 0.010302
1586247787.998377 15.825496 0.010302
1586247788.097378 15.825077 0.010263
1586247788.163378 15.825059 0.010308
1586247788.229378 15.825091 0.010269
1586247788.328378 15.824928 0.010305
1586247788.427378 15.824726 0.010263
1586247788.493378 15.824446 0.010245
1586247788.559378 15.824099 0.010281
1586247788.658379 15.823972 0.010255
1586247788.757379 15.823912 0.010289
1586247788.823379 15.824031 0.010277
1586247788.922379 15.823648 0.010248
1586247789.021379 15.823158 0.010266
1586247789.120380 15.822736 0.010201
1586247789.219380 15.822311 0.010287
1586247789.318380 15.822225 0.010294
1586247789.417381 15.821924 0.010216
1586247789.516381 15.822208 0.010281
1586247789.615381 15.821979 0.010242
1586247789.714381 15.821644 0.010160
1586247789.813381 15.821922 0.010257
1586247789.912382 15.821534 0.010284
1586247789.978382 15.821082 0.010201
1586247790.077382 15.821381 0.010292
1586247790.176383 15.821405 0.010288
1586247790.242383 15.821758 0.010264
1586247790.341383 15.821535 0.010285
1586247790.440383 15.821565 0.010270
1586247790.539383 15.821303 0.009999
1586247790.605383 15.820801 0.010258
1586247790.704383 15.820505 0.010207
1586247790.803384 15.820208 0.010283
1586247790.902384 15.820026 0.010248
1586247790.968384 15.819700 0.010247
1586247791.034384 15.819743 0.010112
1586247791.100384 15.820234 0.010243
1586247791.166385 15.820019 0.010240
1586247791.232385 15.819602 0.010249
1586247791.298385 15.820303 0.010240
1586247791.364385 15.820030 0.010110
1586247791.430385 15.819871 0.010245
1586247791.496386 15.819704 0.010269
1586247791.562386 15.819610 0.010029
1586247791.628386 15.819442 0.010202
1586247791.694386 15.819647 0.010242
1586247791.760386 15.819600 0.010184
1586247791.826386 15.819565 0.010267
1586247791.892386 15.819479 0.010179
1586247791.958387 15.819490 0.010240
1586247792.024387 15.819257 0.009746
1586247792.090387 15.819462 0.010194
1586247792.156387 15.819316 0.010209
1586247792.222387 15.819407 0.010255
1586247792.288387 15.819116 0.010065
1586247792.354388 15.819231 0.010186
1586247792.420388 15.819310 0.010257
1586247792.486388 15.819150 0.010241
1586247792.552388 15.818971 0.010106
1586247792.618388 15.818799 0.010228
1586247792.684388 15.818913 0.010076
1586247792.750388 15.818488 0.010152
1586247792.816389 15.818311 0.010176
1586247792.882389 15.818530 0.010232
1586247792.948389 15.818081 0.010231
1586247793.047389 15.817708 0.010160
1586247793.146389 15.818141 0.010113
1586247793.212390 15.818046 0.010052
1586247793.278390 15.818387 0.010237
1586247793.377390 15.818526 0.009981
1586247793.443390 15.818502 0.009985
1586247793.509390 15.818427 0.010136
1586247793.575391 15.818437 0.010163
1586247793.641391 15.818593 0.010198
1586247793.707391 15.818427 0.010187
1586247793.773391 15.818145 0.010048
1586247793.839391 15.818293 0.010133
1586247793.905391 15.818111 0.010112
1586247793.971391 15.818269 0.010193
1586247794.037392 15.818448 0.010211
1586247794.103392 15.818484 0.010228
1586247794.169392 15.818434 0.009973
1586247794.235392 15.818473 0.010236
1586247794.301392 15.818123 0.009966
1586247794.367392 15.818194 0.010225
1586247794.433392 15.818122 0.010235
1586247794.499393 15.817771 0.010153
1586247794.598393 15.818009 0.010206
1586247794.664393 15.817889 0.010222
1586247794.763393 15.817701 0.010224
1586247794.895394 15.817738 0.010149
1586247794.994394 15.817434 0.010142
1586247795.093394 15.817318 0.010207
1586247795.192394 15.817401 0.010187
1586247795.291394 15.817449 0.010233
1586247795.390395 15.817321 0.010162
1586247795.456395 15.815941 0.010202
1586247795.522395 15.816876 0.010185
1586247795.588395 15.816921 0.010154
1586247795.654395 15.816453 0.010231
1586247795.720396 15.816235 0.010218
1586247795.786396 15.816644 0.010235
1586247795.852396 15.816894 0.010204
1586247795.918396 15.816758 0.010171
1586247795.984396 15.816859 0.010213
1586247796.050396 15.817199 0.010218
1586247796.116396 15.817488 0.010044
1586247796.182396 15.817189 0.010203
1586247796.248397 15.817541 0.010126
1586247796.314397 15.817438 0.010230
1586247796.380397 15.817639 0.010199
1586247796.446397 15.817308 0.010201
1586247796.512397 15.817157 0.010226
1586247796.578398 15.817051 0.010206
1586247796.644397 15.817210 0.010085
1586247796.710398 15.817044 0.010154
1586247796.776398 15.816917 0.010188
1586247796.842398 15.816845 0.010155
1586247796.908398 15.817106 0.010144
1586247796.974398 15.816756 0.010222
1586247797.040399 15.816811 0.010184
1586247797.106399 15.817049 0.010223
1586247797.172399 15.816658 0.010194
1586247797.238399 15.816902 0.010205
1586247797.304399 15.816849 0.010197
1586247797.370399 15.816788 0.010211
1586247797.436400 15.816707 0.010209
1586247797.502400 15.816441 0.010157
1586247797.568400 15.816599 0.010194
1586247797.634400 15.816537 0.010196
1586247797.700400 15.816402 0.010196
1586247797.766401 15.816623 0.010151
1586247797.832401 15.816426 0.010215
1586247797.898401 15.816445 0.010156
1586247797.964401 15.815957 0.009876
1586247798.030401 15.816095 0.010101
1586247798.096401 15.816470 0.010185
1586247798.162401 15.816441 0.010113
1586247798.228401 15.815981 0.010219
1586247798.294402 15.816043 0.010197
1586247798.360402 15.815921 0.010193
1586247798.426402 15.815739 0.010113
1586247798.492402 15.815749 0.010204
1586247798.591402 15.815633 0.010213
1586247798.657402 15.815605 0.010180
1586247798.723403 15.815764 0.010113
1586247798.789403 15.815530 0.010128
1586247798.855403 15.815427 0.010217
1586247798.921403 15.815364 0.010183
1586247798.987403 15.815133 0.010226
1586247799.053403 15.815205 0.010223
1586247799.119404 15.815024 0.010229
1586247799.185404 15.814935 0.010145
1586247799.251404 15.815012 0.010131
1586247799.317404 15.814773 0.010069
1586247799.383404 15.814753 0.010062
1586247799.449404 15.815403 0.010220
1586247799.515404 15.814882 0.009996
1586247799.581405 15.814819 0.010042
1586247799.647405 15.815019 0.010227
1586247799.713405 15.814919 0.010194
1586247799.779405 15.814750 0.010169
1586247799.845405 15.814841 0.010224
1586247799.911405 15.815077 0.010145
1586247799.977406 15.815142 0.010193
1586247800.043406 15.814969 0.010037
1586247800.109406 15.815065 0.010207
1586247800.175406 15.814992 0.009852
1586247800.241406 15.814599 0.010227
1586247800.307406 15.814378 0.010227
1586247800.373406 15.814312 0.009822
1586247800.439407 15.814429 0.010190
1586247800.505407 15.814917 0.010128
1586247800.571407 15.814819 0.010201
1586247800.670407 15.814672 0.010144
1586247800.736407 15.814789 0.009507
1586247800.802408 15.814676 0.010150
1586247800.868407 15.814496 0.010226
1586247800.967408 15.814354 0.010218
1586247801.033408 15.814384 0.010205
1586247801.132408 15.813943 0.010081
1586247801.198408 15.814289 0.009845
1586247801.264409 15.814436 0.010172
1586247801.330409 15.814248 0.010124
1586247801.396409 15.814418 0.010173
1586247801.462409 15.814402 0.010087
1586247801.528409 15.814363 0.010190
1586247801.594409 15.814203 0.009945
1586247801.660410 15.814097 0.009954
1586247801.726410 15.814310 0.010229
1586247801.891410 15.814181 0.010220
1586247801.957410 15.814100 0.009956
1586247802.023410 15.814383 0.010061
1586247802.089411 15.814541 0.010171
1586247802.155411 15.813761 0.010105
1586247802.221411 15.813709 0.010210
1586247802.287411 15.813813 0.010172
1586247802.353411 15.813659 0.010223
1586247802.419411 15.813496 0.010113
1586247802.518412 15.812669 0.010020
1586247802.617412 15.812728 0.010095
1586247802.716412 15.811780 0.009936
1586247802.782412 15.811763 0.010115
1586247802.848413 15.811948 0.010216
1586247802.914412 15.811484 0.010058
1586247803.013413 15.811650 0.010157
1586247803.079413 15.811447 0.010093
1586247803.145413 15.811609 0.010146
1586247803.244413 15.811302 0.010152
1586247803.310413 15.810806 0.010087
1586247803.409414 15.810854 0.010223
1586247803.508414 15.810990 0.010158
1586247803.574414 15.810775 0.010115
1586247803.673414 15.810663 0.010213
1586247803.772414 15.810628 0.010132
1586247803.838415 15.810629 0.010200
1586247803.904415 15.810378 0.010022
1586247803.970415 15.809952 0.009893
1586247804.036415 15.809756 0.010080
1586247804.135415 15.809763 0.010132
1586247804.201416 15.809827 0.010210
1586247804.267416 15.809221 0.010128
1586247804.333416 15.808324 0.010173
1586247804.399416 15.808265 0.010149
1586247804.465416 15.808100 0.010201
1586247804.531416 15.806949 0.010075
1586247804.597416 15.806830 0.010116
1586247804.663417 15.807109 0.010114
1586247804.729417 15.806536 0.010197
1586247804.795417 15.805638 0.010136
1586247804.861417 15.805595 0.010186
1586247804.927417 15.805427 0.010207
1586247804.993418 15.804449 0.010147
1586247805.059417 15.804029 0.009957
1586247805.125418 15.804392 0.010196
1586247805.191418 15.803073 0.010152
1586247805.257418 15.802535 0.010160
1586247805.323418 15.802227 0.010203
1586247805.389418 15.801862 0.010219
1586247805.455419 15.801110 0.010142
1586247805.521419 15.799966 0.010216
1586247805.587419 15.800102 0.010217
1586247805.653419 15.799604 0.010199
1586247805.719419 15.799261 0.010160
1586247805.818419 15.798816 0.010155
1586247805.917419 15.799093 0.009955
1586247806.016420 15.799668 0.010142
1586247806.115420 15.800971 0.010097
1586247806.214420 15.800329 0.010158
1586247806.313421 15.799593 0.010144
1586247806.445421 15.799734 0.010114
1586247806.577421 15.799275 0.010106
1586247806.709422 15.798308 0.010103
1586247806.841422 15.798796 0.010157
1586247806.973422 15.798125 0.010174
1586247807.105422 15.799021 0.010067
1586247807.204423 15.799295 0.010205
1586247807.303423 15.798824 0.010204
1586247807.402423 15.799212 0.010159
1586247807.501423 15.799132 0.010195
1586247807.600424 15.798684 0.010221
1586247807.699424 15.798126 0.010168
1586247807.798424 15.797164 0.010183
1586247807.930424 15.796495 0.010212
1586247808.062425 15.796255 0.010197
1586247808.260425 15.796136 0.010173
1586247808.458426 15.794867 0.010219
1586247808.623426 15.794940 0.010183
1586247808.788426 15.794628 0.010214
1586247808.920427 15.794445 0.010220
1586247809.019427 15.794512 0.010213
1586247809.151427 15.794245 0.010164
1586247809.250427 15.794032 0.010216
1586247809.349428 15.794337 0.010176
1586247809.448428 15.794180 0.010203
1586247809.547428 15.794581 0.010152
1586247809.646428 15.794122 0.010217
1586247809.745429 15.794089 0.010152
1586247809.844429 15.794238 0.010218
1586247809.976429 15.794597 0.010142
1586247810.108430 15.794969 0.010218
1586247810.240430 15.795332 0.009980
1586247810.372430 15.795603 0.010202
1586247810.471430 15.796044 0.010098
1586247810.570431 15.795994 0.010202
1586247810.702431 15.795936 0.010061
1586247810.834431 15.797122 0.010027
1586247810.966431 15.796806 0.010145
1586247811.098432 15.796945 0.009969
1586247811.230432 15.797999 0.010139
1586247811.329432 15.798244 0.010069
1586247811.428433 15.798346 0.010128
1586247811.527433 15.798663 0.010206
1586247811.626433 15.798519 0.010099
1586247811.725433 15.798293 0.010007
1586247811.791434 15.798572 0.010147
1586247811.890434 15.798755 0.010195
1586247811.956434 15.798484 0.010209
1586247812.022434 15.798442 0.010128
1586247812.088434 15.798447 0.010216
1586247812.154434 15.798369 0.010139
1586247812.253435 15.798486 0.010097
1586247812.352435 15.798655 0.010200
1586247812.451435 15.798530 0.010181
1586247812.550435 15.798532 0.010186
1586247812.649436 15.799002 0.010204
1586247812.748436 15.798977 0.010180
1586247812.814436 15.798972 0.010161
1586247812.979436 15.798908 0.010155
1586247813.045436 15.799537 0.010137
1586247813.111437 15.799365 0.010217
1586247813.177437 15.799301 0.010206
1586247813.243437 15.799557 0.010074
1586247813.309437 15.799921 0.010117
1586247813.408437 15.800278 0.010202
1586247813.540438 15.800514 0.010216
1586247813.639438 15.800335 0.010154
1586247813.705438 15.800580 0.010145
1586247813.771438 15.800474 0.010200
1586247813.837438 15.800486 0.010165
1586247813.903439 15.800553 0.010218
1586247813.969439 15.800408 0.010181
1586247814.035439 15.800547 0.010185
1586247814.101439 15.800177 0.010174
1586247814.167439 15.800345 0.010216
1586247814.233439 15.800419 0.010183
1586247814.299439 15.800126 0.010025
1586247814.365440 15.800421 0.010188
1586247814.431440 15.800695 0.010169
1586247814.497440 15.800064 0.009890
1586247814.563440 15.800281 0.010160
1586247814.629440 15.800363 0.010158
1586247814.695440 15.800212 0.010200
1586247814.761441 15.800278 0.010040
1586247814.827441 15.800200 0.009809
1586247814.893441 15.800425 0.010212
1586247814.959441 15.800280 0.010205
1586247815.025441 15.800131 0.010218
1586247815.091441 15.800314 0.010169
1586247815.157442 15.800479 0.010169
1586247815.223442 15.800547 0.010051
1586247815.289442 15.800587 0.010218
1586247815.355442 15.800456 0.010136
1586247815.454442 15.800686 0.010157
1586247815.520442 15.800672 0.010148
1586247815.586442 15.800721 0.010107
1586247815.652443 15.800766 0.010199
1586247815.718443 15.800557 0.010167
1586247815.784443 15.800465 0.010180
1586247815.850443 15.800417 0.010125
1586247815.916443 15.800209 0.009997
1586247815.982444 15.800097 0.010193
1586247816.048444 15.800080 0.010180
1586247816.147444 15.799989 0.010076
1586247816.246444 15.800422 0.010156
1586247816.345444 15.800195 0.010145
1586247816.444445 15.800030 0.010180
1586247816.543445 15.800169 0.010150
1586247816.642445 15.799972 0.010190
1586247816.741445 15.799849 0.010116
1586247816.840446 15.799996 0.010160
1586247816.939446 15.800199 0.010195
1586247817.005446 15.800306 0.010117
1586247817.071446 15.800307 0.010211
1586247817.170446 15.800304 0.010214
1586247817.269446 15.800127 0.009971
1586247817.368447 15.800032 0.010014
1586247817.467447 15.800087 0.010203
1586247817.566447 15.799906 0.010179
1586247817.665447 15.799733 0.010099
1586247817.731448 15.799725 0.010184
1586247817.797448 15.800074 0.009826
1586247817.896448 15.799729 0.010134
1586247817.995448 15.799900 0.010132
1586247818.061448 15.799792 0.010166
1586247818.127449 15.799453 0.010106
1586247818.193449 15.799448 0.010209
1586247818.292449 15.799071 0.010146
1586247818.358449 15.798661 0.010111
1586247818.457449 15.799012 0.010177
1586247818.556450 15.798991 0.010176
1586247818.655450 15.798915 0.010208
1586247818.754450 15.798936 0.010197
1586247818.853451 15.798940 0.010210
1586247818.952451 15.798839 0.010186
1586247819.051451 15.798934 0.010213
1586247819.150451 15.799150 0.010204
1586247819.249451 15.798836 0.010177
1586247819.348452 15.798838 0.010215
1586247819.447452 15.798931 0.010210
1586247819.546452 15.799013 0.010212
1586247819.645452 15.798895 0.010194
1586247819.744453 15.798953 0.010219
1586247819.843453 15.799204 0.010199
1586247819.942453 15.799091 0.010167
1586247820.074453 15.799268 0.010207
1586247820.173454 15.799299 0.010183
1586247820.272454 15.799334 0.010124
1586247820.404454 15.799254 0.010091
1586247820.503454 15.799534 0.010202
1586247820.635455 15.799479 0.010160
1586247820.767455 15.799402 0.010193
1586247820.866455 15.799003 0.010213
1586247820.965455 15.799077 0.010218
1586247821.097456 15.798591 0.010166
1586247821.229456 15.798611 0.010195
1586247821.394456 15.798332 0.010207
1586247821.559457 15.798591 0.010172
1586247821.691457 15.798798 0.010104
1586247821.823457 15.798801 0.010153
1586247821.955458 15.798949 0.010197
1586247822.087458 15.798910 0.010202
1586247822.219458 15.798391 0.010203
1586247822.318459 15.798398 0.010134
1586247822.417459 15.798158 0.010195
1586247822.516459 15.797590 0.010169
1586247822.615459 15.798210 0.009974
1586247822.714459 15.797944 0.010012
1586247822.813460 15.797869 0.010070
1586247822.945460 15.798267 0.010012
1586247823.044460 15.797867 0.010125
1586247823.143461 15.797021 0.010207
1586247823.242461 15.797575 0.009989
1586247823.341461 15.798080 0.010168
1586247823.473461 15.798630 0.010124
1586247823.605462 15.799382 0.010188
1586247823.737462 15.799135 0.010155
1586247823.869462 15.799518 0.010185
1586247823.968463 15.800119 0.010073
1586247824.067463 15.799978 0.010206
1586247824.166463 15.798539 0.010157
1586247824.265463 15.798932 0.010181
1586247824.364463 15.799287 0.010198
1586247824.463464 15.799058 0.010212
1586247824.562464 15.799653 0.010181
1586247824.661464 15.799578 0.010215
1586247824.760464 15.799595 0.010197
1586247824.859465 15.799854 0.010131
1586247824.958465 15.800650 0.010117
1586247825.057465 15.800871 0.010161
1586247825.156465 15.801043 0.010208
1586247825.255466 15.801300 0.010208
1586247825.354466 15.801320 0.010209
1586247825.453466 15.801298 0.010118
1586247825.552466 15.801352 0.010181
1586247825.618466 15.801633 0.010165
1586247825.717467 15.801779 0.010205
1586247825.816467 15.802092 0.010183
1586247825.915467 15.802370 0.010199
1586247826.014467 15.802668 0.010185
1586247826.113468 15.802557 0.010196
1586247826.212468 15.802543 0.010201
1586247826.311468 15.802429 0.010174
1586247826.410468 15.802231 0.010207
1586247826.509468 15.802654 0.010198
1586247826.608469 15.802495 0.010179
1586247826.707469 15.802677 0.010188
1586247826.806469 15.803109 0.010180
1586247826.905469 15.803178 0.010169
1586247826.971470 15.803180 0.010083
1586247827.103470 15.803520 0.010174
1586247827.202470 15.803618 0.010117
1586247827.334471 15.804111 0.010120
1586247827.433470 15.803730 0.010182
1586247827.532471 15.803898 0.010166
1586247827.631471 15.803949 0.010157
1586247827.697471 15.803589 0.010182
1586247827.763471 15.803358 0.010191
1586247827.862472 15.803222 0.010172
1586247827.961472 15.803498 0.010190
1586247828.060472 15.803940 0.010143
1586247828.126472 15.803876 0.010155
1586247828.225472 15.803531 0.010162
1586247828.324473 15.803210 0.010196
1586247828.390473 15.803168 0.010172
1586247828.489473 15.803952 0.010149
1586247828.588473 15.803607 0.010193
1586247828.687473 15.804011 0.010183
1586247828.753474 15.804118 0.010138
1586247828.819474 15.803700 0.010187
1586247828.918474 15.802633 0.010171
1586247828.984474 15.802547 0.010184
1586247829.050474 15.802558 0.010185
1586247829.116475 15.803175 0.010173
1586247829.182475 15.803380 0.010189
1586247829.248475 15.803045 0.010174
1586247829.314475 15.802954 0.010185
1586247829.380475 15.802303 0.010190
1586247829.446475 15.802446 0.010171
1586247829.512475 15.802698 0.010179
1586247829.578475 15.803041 0.010105
1586247829.644476 15.802961 0.010128
1586247829.710476 15.802630 0.010158
1586247829.809476 15.802799 0.010185
1586247829.908476 15.802479 0.010177
1586247830.007477 15.802103 0.010091
1586247830.073477 15.802505 0.010116
1586247830.172477 15.801577 0.010186
1586247830.238477 15.801744 0.010101
1586247830.304477 15.801771 0.010164
1586247830.370478 15.801675 0.010129
1586247830.436478 15.801709 0.010166
1586247830.502478 15.801815 0.010185
1586247830.568478 15.801367 0.010162
1586247830.634478 15.801569 0.010185
1586247830.700478 15.801723 0.010180
1586247830.766478 15.801779 0.010149
1586247830.832479 15.801900 0.010159
1586247830.898479 15.801840 0.010040
1586247830.997479 15.801573 0.010144
1586247831.063479 15.801304 0.010165
1586247831.129479 15.800738 0.010142
1586247831.195480 15.800336 0.010182
1586247831.261480 15.800589 0.010173
1586247831.327480 15.801408 0.010155
1586247831.393480 15.800632 0.010163
1586247831.459480 15.801127 0.010169
1586247831.525480 15.800837 0.010099
1586247831.591480 15.800204 0.010088
1586247831.657480 15.798606 0.010176
1586247831.723481 15.798145 0.010160
1586247831.789481 15.799916 0.010134
1586247831.888481 15.799597 0.010131
1586247831.987481 15.800479 0.010113
1586247832.086482 15.800265 0.010168
1586247832.185482 15.799975 0.010173
1586247832.284482 15.800035 0.010168
1586247832.350482 15.799556 0.010079
1586247832.416482 15.799089 0.010062
1586247832.482482 15.799698 0.010094
1586247832.548483 15.799146 0.010171
1586247832.614483 15.798948 0.010150
1586247832.680483 15.798414 0.010128
1586247832.746483 15.798056 0.010171
1586247832.812483 15.798181 0.010170
1586247832.878484 15.798445 0.010168
1586247832.944484 15.797523 0.010173
1586247833.010484 15.796832 0.010176
1586247833.076484 15.796434 0.010153
1586247833.142484 15.796312 0.010175
1586247833.208484 15.796788 0.010168
1586247833.274484 15.797542 0.010166
1586247833.340485 15.797938 0.010161
1586247833.406485 15.798238 0.010162
1586247833.505485 15.798394 0.010155
1586247833.571485 15.799319 0.009976
1586247833.637485 15.798564 0.010118
1586247833.703485 15.799736 0.010174
1586247833.769485 15.800290 0.010170
1586247833.835486 15.800237 0.010162
1586247833.901486 15.800201 0.010166
1586247833.967486 15.800273 0.010176
1586247834.033486 15.800393 0.010176
1586247834.099486 15.799608 0.010154
1586247834.165487 15.800122 0.010169
1586247834.231487 15.801758 0.010155
1586247834.297487 15.801791 0.010168
1586247834.363487 15.801904 0.010171
1586247834.429487 15.801945 0.010159
1586247834.495487 15.801641 0.010174
1586247834.561487 15.802550 0.010161
1586247834.627487 15.802716 0.010109
1586247834.693488 15.802704 0.010154
1586247834.759488 15.803091 0.010132
1586247834.825488 15.802947 0.010169
1586247834.891488 15.802575 0.010176
1586247834.957488 15.802237 0.010144
1586247835.023489 15.802361 0.010135
1586247835.089489 15.802687 0.010153
1586247835.155489 15.801613 0.010166
1586247835.221489 15.802748 0.010100
1586247835.320489 15.802834 0.010175
1586247835.419490 15.802877 0.010161
1586247835.518490 15.803161 0.010153
1586247835.584490 15.803331 0.010142
1586247835.683490 15.803350 0.010109
1586247835.782490 15.802744 0.010167
1586247835.881490 15.802806 0.010083
1586247835.980491 15.804061 0.010114
1586247836.079491 15.803913 0.010158
1586247836.145491 15.803334 0.010126
1586247836.244492 15.802686 0.010117
1586247836.310492 15.802910 0.010008
1586247836.376492 15.802280 0.010150
1586247836.475492 15.802259 0.010169
1586247836.541492 15.801633 0.010176
1586247836.640492 15.800722 0.010170
1586247836.772493 15.799853 0.010146
1586247836.838493 15.800831 0.010179
1586247836.904493 15.803037 0.010031
1586247836.970493 15.802543 0.010162
1586247837.069493 15.800650 0.010172
1586247837.135494 15.799980 0.010157
1586247837.234494 15.798416 0.010159
1586247837.366494 15.796892 0.010163
1586247837.465495 15.795831 0.010154
1586247837.564495 15.796195 0.010153
1586247837.663495 15.796845 0.010128
1586247837.762495 15.796265 0.010163
1586247837.861495 15.796209 0.010170
1586247837.960496 15.795757 0.010165
1586247838.059496 15.795382 0.010169
1586247838.158496 15.794965 0.010136
1586247838.257496 15.794524 0.010116
1586247838.356497 15.794607 0.010163
1586247838.455497 15.794585 0.010150
1586247838.554497 15.794841 0.010153
1586247838.653497 15.794037 0.010159
1586247838.752497 15.794290 0.010172
1586247838.851498 15.793829 0.010163
1586247838.950498 15.792343 0.010132
1586247839.049498 15.792663 0.010172
1586247839.148499 15.791384 0.010110
1586247839.247499 15.789845 0.010163
1586247839.346499 15.788607 0.010168
1586247839.445499 15.787339 0.010177
1586247839.544499 15.783291 0.010003
1586247839.643500 15.784389 0.010153
1586247839.742500 15.781425 0.010148
1586247839.841500 15.779417 0.010070
1586247839.907500 15.779008 0.010152
1586247840.006500 15.777013 0.010170
1586247840.105501 15.775759 0.010175
1586247840.204501 15.774716 0.010151
1586247840.303501 15.774453 0.010177
1586247840.402501 15.774691 0.010164
1586247840.501502 15.771372 0.010044
1586247840.600502 15.771203 0.010172
1586247840.699502 15.767953 0.010162
1586247840.798502 15.768916 0.010178
1586247840.897502 15.767387 0.010161
1586247840.996503 15.768120 0.010154
1586247841.095503 15.766953 0.010155
1586247841.194503 15.767286 0.010165
1586247841.293504 15.766655 0.010157
1586247841.392504 15.767228 0.010155
1586247841.491504 15.765003 0.010126
1586247841.590504 15.765428 0.010172
1586247841.689505 15.764925 0.010175
1586247841.788505 15.763854 0.010178
1586247841.887505 15.759560 0.010153
1586247842.019505 15.757400 0.010121
1586247842.118505 15.755319 0.010109
1586247842.217506 15.754946 0.010152
1586247842.316506 15.754451 0.010171
1586247842.415506 15.753461 0.010127
1586247842.547506 15.751522 0.010137
1586247842.679507 15.747032 0.010098
1586247842.811507 15.743320 0.010151
1586247842.976507 15.737766 0.010158
