DelayedMarginalization 0.00142369 7.98712e-07 0.00894922 2015
DelayedMarginalizationOnly 0.000691406 4.31751e-07 0.00627825 2015
EF-marginalizeFrame 0.00180874 8.60657e-07 0.00933654 2015
FullSystem::trackNewCoarse 0.00668965 2.13013e-05 0.0378074 5834
FullSystem::trackNewCoarseNoIMU 0.00193833 8.04723e-07 0.00631199 260
FullSystemOptimize 0.148366 0.00031413 0.210916 2021
GraphUnrolling 0.0256772 -nan 0.0256772 1
IMUInitAddPose 3.41019e-05 1.61452e-09 0.00150138 2021
IMUInitOptimize 0.0440995 0.000578246 0.0823611 34
IMUIntegration::finishKeyframeOperations 4.87138e-05 7.65929e-10 0.000739002 1982
InitializerFirstFrame 0.0336785 -nan 0.0336785 1
InitializerOtherFrames 0.0230129 0.000133825 0.0941827 247
MainMarginalization 0.00162429 8.10677e-07 0.00914732 2015
MarginalizeMainGraph 0.000730315 2.75327e-07 0.00510428 2015
PGBA 0.209269 -nan 0.209269 1
PGBAFull 0.216698 -nan 0.216698 1
PrepareGraphForMainOptimization 0.0257639 -nan 0.0257639 1
VisualMarginalization 3.20338e-05 6.3671e-09 0.00151292 2015
activatePointsMT 0.00438727 3.79376e-06 0.015489 2021
addActiveFrame 0.0675232 0.00622417 0.454003 6342
addIMUData 0.00101277 1.08874e-06 0.0160418 5834
addIMUDataToBA 0.000108106 8.73148e-09 0.00242631 6341
addKeyframeToBA 5.33506e-05 6.07481e-10 0.000785499 2021
afterCoarseTracking 3.69174e-07 6.46602e-12 0.000146781 6094
baIteration 0.0239021 3.14502e-05 0.0619865 11734
baMatrixInversion 0.000171861 1.06913e-08 0.00341225 11734
baUpdateBuildHessians 0.000599379 3.23427e-07 0.0109062 11734
coarseTrackingIteration 0.00056559 8.64059e-07 0.00937625 56063
computeBAUpdate 0.000872803 3.49558e-07 0.0111796 11734
computeCoarseUpdate 0.000314183 5.34855e-07 0.00766109 54445
computeFactorForCoarseGraphAndMarginalCovariances 0.00229067 6.3352e-07 0.0122393 1982
convertHAndBFromDSO 0.000104663 2.34632e-09 0.00117234 19767
debugPlot 9.99287e-08 3.10448e-15 6.12e-07 2021
debugPlotIDepthMap 5.45232e-07 1.24161e-11 0.000158577 2021
debugPlotIDepthMapFloat 3.23122e-08 1.14841e-16 3.3e-07 2021
deliverTrackedFrame 0.060133 0.00638004 0.379689 6095
flagFramesForMarginalization 2.0084e-06 9.45846e-12 0.000135962 2021
fullCoarseTracking 0.00800802 3.52474e-05 0.0851566 6094
initObjectsAndMakeImage 0.0011284 1.96021e-07 0.00510578 6342
makeKeyframe 0.172372 0.000360447 0.379676 2021
makeKeyframeChangeTrackingRef 0.00186965 7.33338e-08 0.0042073 2021
makeNewTraces 0.00345143 1.66643e-07 0.0060104 2021
makeNonKeyframe 0.0043449 1.98579e-06 0.0090024 4074
marginalizeAndRemovePoints 0.00359787 8.20782e-07 0.00743254 2021
marginalizeFrame 0.00359002 1.09503e-06 0.011544 2015
marginalizeFrameOverhead 0.001777 1.43154e-07 0.0046729 2015
marginalizeFrames 0.00359404 1.14283e-06 0.0115596 2021
newFrameAndNewResidualsForOldPoints 0.00100544 5.90257e-08 0.00328407 2021
printBiases 9.45655e-06 5.15098e-10 0.000823817 2021
printEigenValLine 1.40139e-07 1.76264e-15 1.153e-06 2021
printLogLine 0.000151154 1.00905e-07 0.00342498 2021
publishInMakeKeyframe 2.66785e-07 1.46438e-14 2.215e-06 2021
removeOutliers 0.000166051 3.4633e-09 0.00151381 2021
swapTrackingRef 0.000165979 8.03532e-08 0.00294526 2021
timeMeasurement 1.98056e-06 2.08921e-10 0.00110818 6342
traceNewCoarse 0.00388845 1.85515e-06 0.00898797 6095
updateBAValues 1.13299e-05 9.89072e-11 0.000980909 21456
zero 3.23953e-07 1.95438e-10 0.00110685 6342
