1585067811.213926 16.044916 0.694304
1585067811.477927 16.128670 0.524697
1585067811.708927 16.102845 0.436859
1585067811.939928 16.040708 0.383165
1585067812.170928 16.065003 0.328272
1585067812.401929 16.078868 0.285530
1585067812.599929 16.100985 0.254480
1585067812.830930 16.089250 0.224506
1585067812.995930 16.108360 0.209113
1585067813.226931 16.112230 0.188591
1585067813.391931 16.105914 0.175798
1585067813.523932 16.109175 0.166537
1585067813.688932 16.112022 0.156518
1585067813.886932 16.127476 0.143316
1585067814.051933 16.119512 0.134535
1585067814.249933 16.121900 0.124112
1585067814.381934 16.127237 0.119118
1585067814.546934 16.127262 0.113195
1585067814.711935 16.125747 0.108577
1585067814.843935 16.140324 0.103758
1585067814.975935 16.131732 0.101057
1585067815.107935 16.124393 0.098940
1585067815.239936 16.124271 0.096297
1585067815.404936 16.115225 0.093245
1585067815.569937 16.130439 0.091383
1585067815.701937 16.145220 0.089728
1585067815.866937 16.156471 0.087364
1585067816.031938 16.163510 0.085480
1585067816.229938 16.141342 0.082141
1585067816.427938 16.128366 0.080154
1585067816.625939 16.131410 0.078253
1585067816.823940 16.134907 0.076414
1585067816.955940 16.151869 0.075859
1585067817.120940 16.172250 0.075416
1585067817.285940 16.177521 0.074016
1585067817.450941 16.185686 0.072628
1585067817.582941 16.181445 0.071586
1585067817.780942 16.198928 0.070086
1585067817.912942 16.210874 0.068621
1585067818.044942 16.218346 0.066818
1585067818.176943 16.226391 0.065621
1585067818.308943 16.217860 0.064713
1585067818.440943 16.224235 0.064060
1585067818.605944 16.229879 0.062096
1585067818.737944 16.246288 0.060923
1585067818.869944 16.248891 0.060056
1585067819.001945 16.254039 0.059457
1585067819.100945 16.253939 0.058823
1585067819.232945 16.241128 0.057660
1585067819.364946 16.237056 0.056854
1585067819.496946 16.232136 0.055845
1585067819.628946 16.221761 0.054973
1585067819.727946 16.216219 0.054351
1585067819.859947 16.212621 0.053692
1585067819.991947 16.214121 0.053029
1585067820.156947 16.221594 0.052127
1585067820.321948 16.220932 0.051261
1585067820.486948 16.206389 0.050715
1585067820.618949 16.192389 0.050031
1585067820.783949 16.210959 0.049408
1585067820.948949 16.233129 0.048907
1585067821.080950 16.237409 0.048750
1585067821.245950 16.230811 0.048195
1585067821.377950 16.222644 0.047846
1585067821.509951 16.210572 0.047287
1585067821.674951 16.217613 0.046775
1585067821.839951 16.206317 0.046187
1585067822.004952 16.229643 0.045893
1585067822.136952 16.201955 0.045528
1585067822.301953 16.190536 0.044996
1585067822.433953 16.176300 0.044658
1585067822.565953 16.173840 0.044129
1585067822.697953 16.171953 0.043758
1585067822.829954 16.149290 0.043384
1585067822.961954 16.130868 0.043013
1585067823.093954 16.127265 0.042699
1585067823.225955 16.137884 0.042476
1585067823.357955 16.134313 0.042246
1585067823.456955 16.147904 0.042098
1585067823.588956 16.179711 0.042016
1585067823.687956 16.175907 0.041900
1585067823.786956 16.177628 0.041849
1585067823.918956 16.173185 0.041749
1585067824.083957 16.178666 0.041610
1585067824.248957 16.190543 0.041545
1585067824.413958 16.205906 0.041340
1585067824.545958 16.200002 0.041209
1585067824.710958 16.219759 0.041025
1585067824.842959 16.223414 0.040943
1585067825.040959 16.172233 0.040703
1585067825.205959 16.178357 0.040307
1585067825.370960 16.186043 0.039865
1585067825.535960 16.189604 0.039436
1585067825.700960 16.194941 0.038831
1585067825.865961 16.187354 0.038207
1585067826.030962 16.200866 0.037513
1585067826.195962 16.215718 0.036732
1585067826.360962 16.240834 0.036006
1585067826.525963 16.256382 0.035133
1585067826.657963 16.236792 0.034297
1585067826.789963 16.239535 0.033643
1585067826.921963 16.222129 0.032856
1585067827.053964 16.192669 0.032088
1585067827.185964 16.200356 0.031303
1585067827.317965 16.223845 0.030637
1585067827.449965 16.224181 0.030088
1585067827.548965 16.236185 0.029748
1585067827.647965 16.224495 0.029304
1585067827.779966 16.235624 0.028843
1585067827.944966 16.248547 0.028331
1585067828.109966 16.251148 0.027901
1585067828.274967 16.221654 0.027678
1585067828.439967 16.228770 0.027314
1585067828.604967 16.251972 0.027018
1585067828.769968 16.238844 0.026637
1585067828.934968 16.260010 0.026303
1585067829.099969 16.247172 0.026037
1585067829.264969 16.254295 0.025840
1585067829.429969 16.263971 0.025593
1585067829.594970 16.271427 0.025419
1585067829.726970 16.269972 0.025525
1585067829.891971 16.265284 0.025397
1585067830.056971 16.272302 0.025259
1585067830.188971 16.263017 0.025142
1585067830.287971 16.248425 0.024967
1585067830.419972 16.254965 0.024934
1585067830.518972 16.282809 0.024859
1585067830.650972 16.272134 0.024752
1585067830.782972 16.275578 0.024704
1585067830.881973 16.261450 0.024679
1585067831.013973 16.269338 0.024676
1585067831.145973 16.270982 0.024647
1585067831.310974 16.286349 0.024619
1585067831.475974 16.270320 0.024681
1585067831.640975 16.275187 0.024668
1585067831.838975 16.275841 0.024642
1585067832.102976 16.275095 0.024602
1585067832.300976 16.273706 0.024567
1585067832.531977 16.274883 0.024546
1585067832.729977 16.273969 0.024544
1585067832.927978 16.275508 0.024483
1585067833.125978 16.283096 0.024495
1585067833.290979 16.284853 0.024480
1585067833.455979 16.283850 0.024434
1585067833.620979 16.290101 0.024465
1585067833.785980 16.287487 0.024455
1585067833.917980 16.284304 0.024407
1585067834.016980 16.286936 0.024371
1585067834.148980 16.285753 0.024408
1585067834.247981 16.289790 0.024418
1585067834.346981 16.281795 0.024414
1585067834.445981 16.283753 0.024435
1585067834.577981 16.281120 0.024331
1585067834.676982 16.279955 0.024426
1585067834.775982 16.286578 0.024421
1585067834.907982 16.289998 0.024442
1585067835.039983 16.291594 0.024447
1585067835.138983 16.293800 0.024437
1585067835.237983 16.294578 0.024431
1585067835.336983 16.292005 0.024408
1585067835.468984 16.293839 0.024391
1585067835.567984 16.293125 0.024359
1585067835.699984 16.292421 0.024305
1585067835.831985 16.288493 0.024295
1585067835.930985 16.288945 0.024284
1585067836.029985 16.288437 0.024266
1585067836.128985 16.292208 0.024278
1585067836.194985 16.294107 0.024232
1585067836.260986 16.290459 0.024267
1585067836.326986 16.294469 0.024243
1585067836.392986 16.297545 0.024241
1585067836.458986 16.295494 0.024235
1585067836.557986 16.295762 0.024219
1585067836.623986 16.298718 0.024223
1585067836.722986 16.304096 0.024191
1585067836.821987 16.303848 0.024215
1585067836.920987 16.299931 0.024177
1585067837.019987 16.299427 0.024184
1585067837.118988 16.301678 0.024182
1585067837.217988 16.299263 0.024189
1585067837.283988 16.299002 0.024201
1585067837.349988 16.301485 0.024218
1585067837.448988 16.299111 0.024136
1585067837.547989 16.300685 0.024111
1585067837.646989 16.305374 0.024082
1585067837.745989 16.307924 0.024093
1585067837.844990 16.309134 0.024047
1585067837.943990 16.311244 0.023991
1585067838.042990 16.315165 0.023972
1585067838.141990 16.317880 0.023898
1585067838.240990 16.321608 0.023870
1585067838.372991 16.320279 0.023833
1585067838.471991 16.319206 0.023801
1585067838.603991 16.317667 0.023754
1585067838.735991 16.318369 0.023710
1585067838.834992 16.319994 0.023704
1585067838.933992 16.318853 0.023706
1585067839.032992 16.316845 0.023701
1585067839.131992 16.318876 0.023733
1585067839.230993 16.322170 0.023719
1585067839.362993 16.328670 0.023704
1585067839.494993 16.340374 0.023692
1585067839.626994 16.348755 0.023653
1585067839.725994 16.347251 0.023517
1585067839.824994 16.349072 0.023594
1585067839.923994 16.347270 0.023539
1585067840.022995 16.350239 0.023630
1585067840.121995 16.350459 0.023611
1585067840.220995 16.362719 0.023584
1585067840.319995 16.363424 0.023585
1585067840.451996 16.366373 0.023568
1585067840.616996 16.368155 0.023556
1585067840.748996 16.366813 0.023545
1585067840.880997 16.376416 0.023514
1585067841.012997 16.378345 0.023515
1585067841.144997 16.378648 0.023524
1585067841.243997 16.377735 0.023427
1585067841.342998 16.383425 0.023449
1585067841.441998 16.381638 0.023418
1585067841.573998 16.388663 0.023440
1585067841.705999 16.382023 0.023349
1585067841.804999 16.378714 0.023322
1585067841.936999 16.373111 0.023300
1585067842.101999 16.370282 0.023293
1585067842.234000 16.367678 0.023268
1585067842.333000 16.366968 0.023305
1585067842.465000 16.367749 0.023282
1585067842.597001 16.367917 0.023234
1585067842.729001 16.367688 0.023192
1585067842.828001 16.365858 0.023145
1585067842.960001 16.367597 0.023128
1585067843.092002 16.365282 0.023045
1585067843.224002 16.360521 0.022950
1585067843.356002 16.363990 0.022837
1585067843.488003 16.370756 0.022756
1585067843.587003 16.383325 0.022685
1585067843.686003 16.387730 0.022598
1585067843.785003 16.398065 0.022524
1585067843.884004 16.404860 0.022450
1585067843.983004 16.413448 0.022353
1585067844.049004 16.413333 0.022268
1585067844.115004 16.413061 0.022205
1585067844.214005 16.417871 0.022087
1585067844.313005 16.428931 0.021982
1585067844.379005 16.436549 0.021891
1585067844.511005 16.441949 0.021692
1585067844.610006 16.452808 0.021509
1585067844.742006 16.459337 0.021244
1585067844.907006 16.473761 0.020898
1585067845.039006 16.499999 0.020688
1585067845.171007 16.513485 0.020448
1585067845.303007 16.540416 0.020152
1585067845.468007 16.568482 0.019818
1585067845.633008 16.607408 0.019392
1585067845.798008 16.634617 0.018919
1585067845.963008 16.656170 0.018431
1585067846.161009 16.703407 0.017947
1585067846.392010 16.731021 0.017288
1585067846.623010 16.777291 0.016681
1585067846.821011 16.806105 0.016196
1585067846.986011 16.809959 0.015790
1585067847.151011 16.813475 0.015469
1585067847.481012 16.830849 0.014977
1585067847.877013 16.857839 0.014487
1585067848.900016 16.910609 0.013755
1585067848.999016 16.914390 0.013708
1585067849.197016 16.916467 0.013666
1585067850.649020 16.934227 0.013513
1585067883.451097 16.933654 0.013493
1585067883.814098 16.934115 0.013493
1585067883.913099 16.934942 0.013483
1585067884.045099 16.938675 0.013494
1585067884.210099 16.939350 0.013495
1585067884.474100 16.939120 0.013489
1585067884.705101 16.939576 0.013487
1585067884.870101 16.937513 0.013480
1585067885.497102 16.930271 0.013454
1585067885.959104 16.924546 0.013419
1585067886.355104 16.918605 0.013383
1585067886.685105 16.913370 0.013347
1585067886.982106 16.907139 0.013307
1585067887.378107 16.897234 0.013229
1585067887.807108 16.889777 0.013191
1585067888.269109 16.881322 0.013146
1585067888.665110 16.872016 0.013124
1585067888.995111 16.866777 0.013039
1585067889.259111 16.857454 0.013056
1585067889.490112 16.851823 0.013056
1585067889.688112 16.846422 0.013032
1585067889.919113 16.837376 0.013003
1585067890.117113 16.830481 0.013014
1585067890.315114 16.823937 0.012993
1585067890.513114 16.815461 0.012989
1585067890.711115 16.807669 0.012978
1585067890.909115 16.808035 0.012976
1585067891.107116 16.806757 0.012953
1585067891.272116 16.806637 0.012933
1585067891.437116 16.807804 0.012888
1585067891.569117 16.809947 0.012923
1585067891.701117 16.807824 0.012936
1585067891.833117 16.805520 0.012932
1585067891.965118 16.805229 0.012947
1585067892.097118 16.805119 0.012939
1585067892.229118 16.801643 0.012925
1585067892.361119 16.802635 0.012905
1585067892.493119 16.802343 0.012917
1585067892.625119 16.800350 0.012877
1585067892.757119 16.798569 0.012886
1585067892.889120 16.800311 0.012885
1585067893.021120 16.800239 0.012883
1585067893.153121 16.799725 0.012857
1585067893.285121 16.799592 0.012848
1585067893.417121 16.800556 0.012849
1585067893.549122 16.801612 0.012832
1585067893.681122 16.801689 0.012818
1585067893.846122 16.800008 0.012812
1585067893.978122 16.799828 0.012799
1585067894.143123 16.798088 0.012792
1585067894.275123 16.798936 0.012770
1585067894.341123 16.801059 0.012674
1585067894.506124 16.800251 0.012747
1585067894.671124 16.798387 0.012737
1585067894.869125 16.798677 0.012720
1585067895.034125 16.800857 0.012710
1585067895.232126 16.799611 0.012713
1585067895.397126 16.799597 0.012698
1585067895.463126 16.800073 0.012687
1585067895.628126 16.798326 0.012676
1585067895.793127 16.797391 0.012679
1585067895.958127 16.797083 0.012663
1585067896.123127 16.796348 0.012646
1585067896.288128 16.795204 0.012657
1585067896.453128 16.794914 0.012653
1585067896.618129 16.794449 0.012648
1585067896.783129 16.794475 0.012640
1585067896.948130 16.793691 0.012637
1585067897.113130 16.793016 0.012620
1585067897.278130 16.793357 0.012619
1585067897.443131 16.792893 0.012604
1585067897.608131 16.791986 0.012607
1585067897.773132 16.791031 0.012594
1585067897.905132 16.791499 0.012580
1585067898.037132 16.790863 0.012547
1585067898.169132 16.790029 0.012575
1585067898.301133 16.789805 0.012556
1585067898.433133 16.789505 0.012577
1585067898.532133 16.789415 0.012560
1585067898.631134 16.788724 0.012566
1585067898.730134 16.788711 0.012570
1585067898.829134 16.788792 0.012568
1585067898.961134 16.788038 0.012561
1585067899.093135 16.787474 0.012557
1585067899.192135 16.787033 0.012539
1585067899.291135 16.786366 0.012549
1585067899.390135 16.785962 0.012527
1585067899.489136 16.785443 0.012549
1585067899.588136 16.785888 0.012537
1585067899.687136 16.785460 0.012538
1585067899.786136 16.785759 0.012532
1585067899.918137 16.785346 0.012536
1585067900.017137 16.784840 0.012501
1585067900.116137 16.783477 0.012521
1585067900.215137 16.783550 0.012527
1585067900.314138 16.782848 0.012532
1585067900.413138 16.782720 0.012500
1585067900.512138 16.782795 0.012515
1585067900.611138 16.781494 0.012512
1585067900.710138 16.781142 0.012491
1585067900.809139 16.781950 0.012507
1585067900.908139 16.779837 0.012520
1585067901.007139 16.779329 0.012501
1585067901.106139 16.778661 0.012514
1585067901.205140 16.778997 0.012500
1585067901.304140 16.777415 0.012504
1585067901.403140 16.778278 0.012496
1585067901.502141 16.779841 0.012508
1585067901.601140 16.781012 0.012500
1585067901.733141 16.781189 0.012504
1585067901.865141 16.781118 0.012494
1585067901.964141 16.780425 0.012503
1585067902.063142 16.779812 0.012501
1585067902.162142 16.780111 0.012497
1585067902.261142 16.779363 0.012493
1585067902.360142 16.778533 0.012482
1585067902.459143 16.778463 0.012494
1585067902.558143 16.778702 0.012494
1585067902.657143 16.778820 0.012491
1585067902.756143 16.778004 0.012489
1585067902.888144 16.777393 0.012487
1585067902.987144 16.776575 0.012488
1585067903.086144 16.777592 0.012483
1585067903.185144 16.778285 0.012470
1585067903.284145 16.777451 0.012453
1585067903.383145 16.777250 0.012482
1585067903.548145 16.776544 0.012480
1585067903.680146 16.774686 0.012480
1585067903.812146 16.773664 0.012482
1585067903.944146 16.773845 0.012481
1585067904.076146 16.773535 0.012475
1585067904.208147 16.775090 0.012468
1585067904.340147 16.773638 0.012459
1585067904.472147 16.772061 0.012453
1585067904.604148 16.773220 0.012471
1585067904.703148 16.773984 0.012466
1585067904.802148 16.773147 0.012472
1585067904.934148 16.771535 0.012473
1585067905.033149 16.771853 0.012468
1585067905.132149 16.771392 0.012460
1585067905.231149 16.771231 0.012466
1585067905.330149 16.770535 0.012462
1585067905.429150 16.770424 0.012461
1585067905.528150 16.770501 0.012466
1585067905.627150 16.769462 0.012435
1585067905.726151 16.767511 0.012463
1585067905.825150 16.767554 0.012462
1585067905.924151 16.768101 0.012391
1585067906.056151 16.767321 0.012453
1585067906.188152 16.765833 0.012455
1585067906.320152 16.766320 0.012458
1585067906.452152 16.766910 0.012444
1585067906.584152 16.766368 0.012426
1585067906.749153 16.768398 0.012420
1585067906.914153 16.770417 0.012418
1585067907.046154 16.768460 0.012444
1585067907.211154 16.769718 0.012432
1585067907.343154 16.769882 0.012446
1585067907.475154 16.770777 0.012398
1585067907.607155 16.772208 0.012446
1585067907.739155 16.771488 0.012404
1585067907.838155 16.767973 0.012432
1585067907.937155 16.767492 0.012417
1585067908.036156 16.769040 0.012443
1585067908.135156 16.767512 0.012435
1585067908.234156 16.766907 0.012443
1585067908.300156 16.766800 0.012394
1585067908.366157 16.768344 0.012422
1585067908.432157 16.768910 0.012431
1585067908.531157 16.768620 0.012437
1585067908.597157 16.768677 0.012426
1585067908.696157 16.768719 0.012426
1585067908.795157 16.765876 0.012409
1585067908.894158 16.766197 0.012415
1585067908.960158 16.765461 0.012434
1585067909.059158 16.765609 0.012424
1585067909.158159 16.764853 0.012420
1585067909.257159 16.763755 0.012435
1585067909.356159 16.764760 0.012434
1585067909.455159 16.766586 0.012430
1585067909.521159 16.764921 0.012431
1585067909.620159 16.765039 0.012428
1585067909.752160 16.765210 0.012416
1585067909.851160 16.765847 0.012409
1585067909.983160 16.765242 0.012429
1585067910.082161 16.765559 0.012408
1585067910.214161 16.765638 0.012396
1585067910.346161 16.766105 0.012424
1585067910.445162 16.765549 0.012219
1585067910.544162 16.765101 0.012364
1585067910.643162 16.766098 0.012365
1585067910.742162 16.766105 0.012416
1585067910.841162 16.766092 0.012402
1585067910.940163 16.765947 0.012391
1585067911.039163 16.766995 0.012400
1585067911.138163 16.766789 0.012403
1585067911.237164 16.765498 0.012417
1585067911.336164 16.765349 0.012357
1585067911.435164 16.765234 0.012388
1585067911.534164 16.764999 0.012412
1585067911.633165 16.764855 0.012410
1585067911.732165 16.765287 0.012393
1585067911.831165 16.764908 0.012353
1585067911.930165 16.764680 0.012412
1585067912.029165 16.765843 0.012407
1585067912.128166 16.765113 0.012381
1585067912.227166 16.765041 0.012415
1585067912.326166 16.765138 0.012416
1585067912.425166 16.763890 0.012356
1585067912.524167 16.763641 0.012409
1585067912.656167 16.764441 0.012412
1585067912.755167 16.764231 0.012404
1585067912.854167 16.764856 0.012408
1585067912.953168 16.762605 0.012416
1585067913.052168 16.762458 0.012416
1585067913.151168 16.763521 0.012407
1585067913.250168 16.763213 0.012398
1585067913.349169 16.760976 0.012331
1585067913.481169 16.759956 0.012367
1585067913.580169 16.760093 0.012360
1585067913.712169 16.760869 0.012374
1585067913.844170 16.760438 0.012309
1585067913.943170 16.758510 0.012274
1585067914.042170 16.757978 0.012392
1585067914.141171 16.758691 0.012355
1585067914.207170 16.757773 0.012391
1585067914.273171 16.758510 0.012394
1585067914.339171 16.759386 0.012409
1585067914.405171 16.759147 0.012403
1585067914.537171 16.760286 0.012358
1585067914.669172 16.760135 0.012372
1585067914.801172 16.761667 0.012396
1585067914.933172 16.762145 0.012369
1585067915.065172 16.761750 0.012404
1585067915.197173 16.761700 0.012400
1585067915.329173 16.761282 0.012405
1585067915.494174 16.763025 0.012389
1585067915.593174 16.763025 0.012354
1585067915.725174 16.760679 0.012392
1585067915.857175 16.760869 0.012401
1585067916.022175 16.758440 0.012400
1585067916.154175 16.756966 0.012382
1585067916.286175 16.755736 0.012390
1585067916.385176 16.755770 0.012391
1585067916.484176 16.756587 0.012378
1585067916.583176 16.755561 0.012385
1585067916.682177 16.754682 0.012397
1585067916.814177 16.754675 0.012359
1585067916.913177 16.755749 0.012372
1585067917.012177 16.756489 0.012388
1585067917.111177 16.758993 0.012388
1585067917.210177 16.758634 0.012388
1585067917.309178 16.759938 0.012393
1585067917.408178 16.759706 0.012371
1585067917.507179 16.760361 0.012330
1585067917.606179 16.762014 0.012350
1585067917.705179 16.762384 0.012338
1585067917.804179 16.763805 0.012332
1585067917.903179 16.765679 0.012381
1585067918.002180 16.767058 0.012382
1585067918.101180 16.767566 0.012348
1585067918.200180 16.766985 0.012332
1585067918.299180 16.767725 0.012357
1585067918.398180 16.769633 0.012369
1585067918.497181 16.769513 0.012344
1585067918.596181 16.769290 0.012334
1585067918.695181 16.770100 0.012306
1585067918.794181 16.773617 0.012263
1585067918.893182 16.776509 0.012298
1585067918.992182 16.780573 0.012352
1585067919.058182 16.780902 0.012271
1585067919.157182 16.784773 0.012346
1585067919.256182 16.786285 0.012358
1585067919.355183 16.787889 0.012349
1585067919.454183 16.790257 0.012324
1585067919.553183 16.790223 0.012325
1585067919.652184 16.792331 0.012343
1585067919.751184 16.791027 0.012291
1585067919.850184 16.791953 0.012327
1585067919.916184 16.797149 0.012144
1585067919.982184 16.797027 0.012260
1585067920.081185 16.800739 0.012289
1585067920.147185 16.801499 0.012343
1585067920.213185 16.802725 0.012232
1585067920.312185 16.807270 0.012320
1585067920.378185 16.808803 0.012315
1585067920.444185 16.809696 0.012302
1585067920.543185 16.811584 0.012343
1585067920.642186 16.815847 0.012182
1585067920.741186 16.814250 0.012079
1585067920.840186 16.816415 0.012249
1585067920.939186 16.816864 0.012305
1585067921.038187 16.817290 0.012336
1585067921.170187 16.817389 0.012306
1585067921.302187 16.820767 0.012338
1585067921.434187 16.819631 0.012075
1585067921.566188 16.822613 0.012242
1585067921.698188 16.823091 0.012299
1585067921.830189 16.823698 0.012324
1585067921.962189 16.825906 0.012319
1585067922.094189 16.826738 0.012322
1585067922.226189 16.828272 0.012336
1585067922.358190 16.828331 0.012319
1585067922.490190 16.829334 0.012319
1585067922.589190 16.829294 0.012327
1585067922.655190 16.829499 0.012322
1585067922.721191 16.830358 0.012332
1585067922.886191 16.830111 0.012318
1585067923.018191 16.829567 0.012274
1585067923.216192 16.829246 0.012318
1585067923.414192 16.829068 0.012299
1585067923.546193 16.828018 0.012297
1585067923.678193 16.826341 0.012266
1585067923.777193 16.826001 0.012208
1585067923.876193 16.826526 0.012292
1585067923.975194 16.827237 0.012203
1585067924.140194 16.826164 0.012319
1585067924.272194 16.825157 0.012225
1585067924.404195 16.823914 0.012279
1585067924.536195 16.823729 0.012315
1585067924.668195 16.822055 0.012311
1585067924.800196 16.820945 0.012314
1585067924.932196 16.818675 0.012299
1585067925.064196 16.818599 0.012281
1585067925.196196 16.817518 0.012269
1585067925.328197 16.816535 0.012308
1585067925.460197 16.815697 0.012228
1585067925.592197 16.814463 0.012247
1585067925.724198 16.812825 0.012307
1585067925.856198 16.811713 0.012306
1585067925.988199 16.810576 0.012277
1585067926.120199 16.809092 0.012300
1585067926.285199 16.808384 0.012283
1585067926.450199 16.807541 0.012291
1585067926.582200 16.806957 0.012197
1585067926.714200 16.805861 0.012212
1585067926.846200 16.805009 0.012267
1585067926.978201 16.805255 0.012298
1585067927.077201 16.805296 0.012210
1585067927.209201 16.804272 0.012173
1585067927.308202 16.802649 0.012139
1585067927.407202 16.800547 0.012231
1585067927.506202 16.798602 0.012274
1585067927.605202 16.798081 0.012296
1585067927.704202 16.796235 0.012231
1585067927.836203 16.795431 0.012282
1585067927.968203 16.794838 0.012305
1585067928.133204 16.794701 0.012292
1585067928.331204 16.794522 0.012269
1585067928.529204 16.794535 0.012228
1585067928.727205 16.794307 0.012156
1585067928.958205 16.795431 0.012216
1585067929.189206 16.795386 0.012251
1585067929.354206 16.796118 0.012053
1585067929.486207 16.794734 0.012288
1585067929.618207 16.793817 0.012218
1585067929.750207 16.793048 0.012297
1585067929.915208 16.792782 0.012239
1585067930.080208 16.790756 0.012292
1585067930.245208 16.791423 0.012274
1585067930.377209 16.793062 0.012292
1585067930.476209 16.798809 0.012223
1585067930.608209 16.795478 0.012296
1585067930.773210 16.794136 0.012120
1585067930.938210 16.787770 0.011828
1585067931.070210 16.788349 0.012142
1585067931.202211 16.789879 0.012138
1585067931.367211 16.787861 0.012214
1585067931.532212 16.790976 0.012273
1585067931.697212 16.794865 0.012235
1585067931.829212 16.798265 0.012272
1585067931.994213 16.795071 0.012196
1585067932.159213 16.796931 0.012237
1585067932.291213 16.795830 0.012290
1585067932.423214 16.793836 0.012036
1585067932.555214 16.796467 0.012024
1585067932.687214 16.796699 0.012211
1585067932.819215 16.798500 0.012229
1585067932.951215 16.799881 0.012277
1585067933.050215 16.803113 0.012217
1585067933.182215 16.805608 0.012232
1585067933.314216 16.809473 0.012220
1585067933.413216 16.813553 0.011994
1585067933.512216 16.814324 0.012234
1585067933.644217 16.816915 0.012249
1585067933.776217 16.819731 0.012206
1585067933.908217 16.821774 0.012163
1585067934.007217 16.824083 0.012207
1585067934.106218 16.825570 0.012220
1585067934.205218 16.828511 0.012271
1585067934.304218 16.831254 0.012210
1585067934.403219 16.834362 0.012274
1585067934.502218 16.837943 0.012253
1585067934.601219 16.840516 0.012275
1585067934.733219 16.844121 0.012262
1585067934.832219 16.847346 0.012278
1585067934.964220 16.852109 0.012265
1585067935.063220 16.854501 0.012265
1585067935.195220 16.857081 0.012255
1585067935.294220 16.859089 0.012256
1585067935.426221 16.862688 0.012274
1585067935.558221 16.865066 0.012276
1585067935.690222 16.868737 0.012254
1585067935.822222 16.871027 0.012247
1585067935.954222 16.873992 0.012267
1585067936.086222 16.876292 0.012280
1585067936.218223 16.878341 0.012251
1585067936.350223 16.879534 0.012262
1585067936.449224 16.880611 0.012160
1585067936.548223 16.880387 0.012015
1585067936.647224 16.881009 0.012185
1585067936.746224 16.881127 0.012272
1585067936.845224 16.882392 0.012155
1585067936.944225 16.883048 0.012261
1585067937.043225 16.882985 0.012269
1585067937.142225 16.883225 0.012253
1585067937.274225 16.883743 0.012213
1585067937.406226 16.883296 0.012233
1585067937.538226 16.883198 0.012254
1585067937.670226 16.883574 0.012253
1585067937.769227 16.883629 0.012266
1585067937.868227 16.884843 0.012100
1585067937.967227 16.883428 0.011652
1585067938.099227 16.881610 0.012117
1585067938.198227 16.881757 0.012199
1585067938.297228 16.881646 0.012187
1585067938.396228 16.882195 0.012193
1585067938.495228 16.881253 0.011065
1585067938.627228 16.880632 0.012185
1585067938.792229 16.879023 0.012245
1585067938.957229 16.880523 0.012249
1585067939.122230 16.881844 0.011924
1585067939.320230 16.879630 0.011931
1585067939.485231 16.878637 0.012217
1585067939.650231 16.877990 0.012242
1585067939.815231 16.878611 0.012244
1585067939.980232 16.878972 0.012248
1585067940.178232 16.881136 0.012100
1585067940.376233 16.881324 0.012207
1585067940.541233 16.880399 0.012221
1585067940.706233 16.881952 0.012236
1585067940.838234 16.881623 0.012245
1585067940.937234 16.880879 0.012228
1585067941.069234 16.881349 0.012072
1585067941.201235 16.880607 0.012212
1585067941.333235 16.879899 0.012002
1585067941.465235 16.878582 0.012232
1585067941.597235 16.878370 0.012190
1585067941.762236 16.878897 0.012196
1585067941.894236 16.879895 0.011954
1585067942.059237 16.878950 0.012231
1585067942.224237 16.878872 0.012243
1585067942.389237 16.877756 0.012196
1585067942.587238 16.875903 0.012239
1585067942.785238 16.876843 0.012215
1585067942.950239 16.879385 0.012229
1585067943.148239 16.879195 0.012152
1585067943.313240 16.879712 0.012205
1585067943.511240 16.879481 0.012223
1585067943.676240 16.878018 0.012208
1585067943.808241 16.878840 0.012235
1585067943.940241 16.878696 0.012085
1585067944.072241 16.878658 0.012232
1585067944.204242 16.879380 0.012006
1585067944.336242 16.879573 0.011892
1585067944.468242 16.880389 0.011793
1585067944.600243 16.880193 0.012079
1585067944.699243 16.880645 0.012094
1585067944.831243 16.879803 0.011956
1585067944.963243 16.880348 0.012206
1585067945.095244 16.880826 0.012222
1585067945.194244 16.880781 0.012173
1585067945.293244 16.880940 0.012233
1585067945.392245 16.880129 0.012224
1585067945.491245 16.880378 0.012192
1585067945.590245 16.881300 0.012144
1585067945.722245 16.880228 0.012193
1585067945.854246 16.879372 0.012238
1585067945.953246 16.878789 0.012215
1585067946.052246 16.878752 0.012190
1585067946.151246 16.878636 0.012235
1585067946.250247 16.878933 0.012189
1585067946.349247 16.879012 0.012167
1585067946.448247 16.878782 0.012225
1585067946.547247 16.878471 0.012196
1585067946.646247 16.879281 0.012162
1585067946.745248 16.879362 0.012090
1585067946.844248 16.878404 0.012238
1585067946.943248 16.880270 0.012236
1585067947.075249 16.881198 0.012211
1585067947.207249 16.882335 0.012205
1585067947.339249 16.883167 0.012187
1585067947.471249 16.883418 0.012092
1585067947.603250 16.883797 0.012200
1585067947.735250 16.886431 0.012214
1585067947.900251 16.889403 0.012226
1585067948.032251 16.889350 0.012203
1585067948.164251 16.891258 0.012169
1585067948.263252 16.893399 0.011967
1585067948.362252 16.894338 0.011881
1585067948.461252 16.894380 0.012103
1585067948.593252 16.895717 0.012188
1585067948.725253 16.897445 0.012207
1585067948.824253 16.898520 0.012226
1585067948.923253 16.899651 0.011687
1585067949.022253 16.899990 0.012214
1585067949.121253 16.900783 0.012211
1585067949.220254 16.902156 0.011970
1585067949.319254 16.901572 0.012137
1585067949.418254 16.902544 0.012220
1585067949.484254 16.902169 0.012092
1585067949.550255 16.904253 0.011988
1585067949.649255 16.905496 0.011887
1585067949.715255 16.907344 0.011076
1585067949.814255 16.907697 0.011405
1585067949.880255 16.909354 0.012095
1585067950.012255 16.911663 0.012083
1585067950.111256 16.914423 0.012143
1585067950.177256 16.917221 0.011826
1585067950.276256 16.918318 0.012101
1585067950.342256 16.916668 0.011946
1585067950.441257 16.917527 0.012013
1585067950.540257 16.920400 0.012168
1585067950.639257 16.920459 0.012191
1585067950.738257 16.922347 0.012083
1585067950.837257 16.923165 0.012186
1585067950.936258 16.924685 0.012181
1585067951.035258 16.925702 0.012160
1585067951.134258 16.926673 0.012150
1585067951.233258 16.927395 0.012145
1585067951.299259 16.927515 0.012181
1585067951.365259 16.927785 0.012118
1585067951.431259 16.928341 0.012205
1585067951.497259 16.929561 0.012137
1585067951.563259 16.928774 0.011998
1585067951.662259 16.930612 0.012005
1585067951.761260 16.930871 0.012183
1585067951.860260 16.931826 0.012224
1585067951.959260 16.932785 0.012213
1585067952.058260 16.933996 0.012230
1585067952.124261 16.934183 0.012042
1585067952.223261 16.934345 0.012164
1585067952.322261 16.935131 0.012220
1585067952.421261 16.935467 0.012170
1585067952.520262 16.935184 0.011922
1585067952.619262 16.935515 0.012178
1585067952.718262 16.934212 0.012196
1585067952.817262 16.932927 0.011895
1585067952.916262 16.934471 0.012180
1585067952.982263 16.933595 0.012140
1585067953.081263 16.934261 0.012184
1585067953.180263 16.935944 0.012094
1585067953.246263 16.935400 0.012218
1585067953.345264 16.935887 0.012182
1585067953.411264 16.936145 0.011962
1585067953.477264 16.935294 0.012192
1585067953.543264 16.935286 0.012144
1585067953.642264 16.936045 0.012091
1585067953.741264 16.935492 0.012164
1585067953.840265 16.935831 0.012138
1585067953.939265 16.936162 0.012224
1585067954.038265 16.936031 0.011949
1585067954.104265 16.936852 0.012231
1585067954.203265 16.937061 0.012041
1585067954.302266 16.936414 0.012168
1585067954.401266 16.936062 0.011920
1585067954.500266 16.935800 0.012190
1585067954.599267 16.935937 0.012101
1585067954.698267 16.935513 0.012170
1585067954.797267 16.935772 0.012182
1585067954.863267 16.936088 0.011872
1585067954.962267 16.935468 0.011906
1585067955.061268 16.935419 0.012230
1585067955.160268 16.935469 0.011650
1585067955.259268 16.934669 0.012184
1585067955.358268 16.934462 0.012054
1585067955.457268 16.933945 0.011921
1585067955.556269 16.933904 0.012164
1585067955.655269 16.933951 0.012182
1585067955.754269 16.933255 0.012207
1585067955.853270 16.932963 0.012198
1585067955.952270 16.932379 0.011945
1585067956.051270 16.931900 0.012226
1585067956.150270 16.932631 0.012147
1585067956.249270 16.932088 0.012048
1585067956.348271 16.931838 0.012152
1585067956.447271 16.930674 0.012119
1585067956.579271 16.930799 0.012047
1585067956.744272 16.929625 0.012110
1585067956.909272 16.926741 0.011948
1585067957.041272 16.926718 0.012079
1585067957.173273 16.926473 0.011979
1585067957.305273 16.925411 0.011985
1585067957.470273 16.922279 0.012155
1585067957.602273 16.920157 0.012188
1585067957.734274 16.920001 0.012223
1585067957.866274 16.919567 0.012181
1585067957.965275 16.920702 0.012199
1585067958.064275 16.918772 0.012026
1585067958.130275 16.915828 0.011807
1585067958.196275 16.913555 0.011845
1585067958.262275 16.911958 0.011623
1585067958.361275 16.913607 0.012020
1585067958.493276 16.912948 0.011585
1585067958.592276 16.909747 0.011892
1585067958.724276 16.905306 0.012186
1585067958.823277 16.900622 0.012203
1585067958.955277 16.901738 0.011912
1585067959.120277 16.898881 0.012211
1585067959.252278 16.898974 0.012162
1585067959.417278 16.898452 0.011956
1585067959.615278 16.899612 0.012165
1585067959.780279 16.901436 0.011892
1585067959.879279 16.901117 0.012129
1585067960.011279 16.890392 0.012193
1585067960.242280 16.888932 0.012166
1585067960.440280 16.888672 0.012080
1585067960.638281 16.886299 0.012214
1585067960.803281 16.882411 0.012221
1585067960.968282 16.880781 0.012135
1585067961.100282 16.882517 0.012056
1585067961.232282 16.877627 0.012204
1585067961.364283 16.877381 0.012155
1585067961.496283 16.879502 0.012153
1585067961.628283 16.878721 0.011891
1585067961.727283 16.878246 0.012162
1585067961.859284 16.877981 0.012183
1585067961.991284 16.878636 0.012163
1585067962.090284 16.879350 0.012134
1585067962.222285 16.880826 0.012164
1585067962.321285 16.880889 0.012138
1585067962.420285 16.879914 0.012100
1585067962.519285 16.880439 0.012207
1585067962.618286 16.882033 0.012198
1585067962.717286 16.883120 0.012165
1585067962.849286 16.885302 0.012182
1585067963.014287 16.887274 0.012063
1585067963.146287 16.887258 0.012205
1585067963.278287 16.889503 0.011903
1585067963.410288 16.889157 0.012096
1585067963.575288 16.891065 0.012065
1585067963.740288 16.891850 0.012148
1585067963.938289 16.892351 0.012207
1585067964.136289 16.894331 0.011767
1585067964.334290 16.893509 0.012062
1585067964.499290 16.893975 0.011952
1585067964.664291 16.894121 0.011969
1585067964.862291 16.893278 0.011921
1585067965.060291 16.893231 0.011985
1585067965.258292 16.893024 0.011502
1585067965.456292 16.892827 0.011740
1585067965.621293 16.892228 0.011348
1585067965.786293 16.891898 0.012118
1585067965.984294 16.891426 0.011953
1585067966.149294 16.891224 0.012074
1585067966.314295 16.890827 0.012019
1585067966.479295 16.890055 0.011844
1585067966.644295 16.890186 0.011487
1585067966.776295 16.889387 0.012084
1585067966.908296 16.890294 0.011673
1585067967.040296 16.890853 0.012044
1585067967.172297 16.891035 0.012067
1585067967.304297 16.890865 0.012100
1585067967.436297 16.890472 0.011962
1585067967.568297 16.890528 0.011986
1585067967.700298 16.891356 0.011871
1585067967.799298 16.891392 0.011816
1585067967.931298 16.891127 0.012022
1585067968.063298 16.891081 0.012003
1585067968.162299 16.890938 0.012132
1585067968.261299 16.892328 0.011704
1585067968.360299 16.892699 0.011986
1585067968.459300 16.892843 0.012164
1585067968.558300 16.893630 0.012034
1585067968.657300 16.893438 0.012085
1585067968.756300 16.893741 0.012119
1585067968.855300 16.894620 0.011934
1585067968.954301 16.895118 0.012099
1585067969.053301 16.895731 0.011877
1585067969.119301 16.896340 0.011956
1585067969.218302 16.897360 0.011462
1585067969.317302 16.896385 0.012188
1585067969.416302 16.896749 0.012195
1585067969.515302 16.897445 0.012003
1585067969.647302 16.897106 0.012157
1585067969.779303 16.898225 0.011815
1585067969.911303 16.897840 0.012006
1585067970.043303 16.898010 0.012173
1585067970.142303 16.897309 0.012123
1585067970.208304 16.897806 0.012009
1585067970.307304 16.898031 0.012204
1585067970.406304 16.898177 0.012204
1585067970.472304 16.898303 0.012100
1585067970.538305 16.898299 0.012201
1585067970.604305 16.898355 0.012182
1585067970.670305 16.897759 0.012175
1585067970.736305 16.897299 0.012054
1585067970.802305 16.896929 0.012121
1585067970.868305 16.897128 0.011983
1585067970.934305 16.897426 0.012071
1585067971.033306 16.897336 0.011907
1585067971.132306 16.897120 0.012097
1585067971.198306 16.897590 0.012153
1585067971.264306 16.897748 0.012098
1585067971.330306 16.897775 0.012182
1585067971.396307 16.897644 0.011649
1585067971.462306 16.897818 0.011967
1585067971.528307 16.898038 0.012066
1585067971.594307 16.898578 0.011864
1585067971.693307 16.898125 0.012149
1585067971.792307 16.897717 0.012177
1585067971.891308 16.897320 0.012169
1585067971.990308 16.897280 0.012028
1585067972.089308 16.897107 0.012071
1585067972.188308 16.897069 0.012175
1585067972.287308 16.896459 0.012027
1585067972.419309 16.896165 0.012136
1585067972.518309 16.896663 0.011768
1585067972.617309 16.896640 0.012091
1585067972.683310 16.896401 0.012165
1585067972.749310 16.896554 0.012108
1585067972.815310 16.896833 0.012069
1585067972.881310 16.896588 0.012174
1585067972.947310 16.896811 0.012061
1585067973.013310 16.896522 0.012185
1585067973.079311 16.896637 0.012084
1585067973.145311 16.896708 0.012187
1585067973.211311 16.897167 0.012025
1585067973.277311 16.897035 0.012167
1585067973.343311 16.896543 0.012099
1585067973.409311 16.896107 0.012060
1585067973.475311 16.895865 0.012063
1585067973.574312 16.896170 0.012129
1585067973.640312 16.895690 0.012147
1585067973.739312 16.895542 0.012027
1585067973.871312 16.895407 0.012148
1585067973.970313 16.895830 0.011844
1585067974.069313 16.895854 0.011649
1585067974.168313 16.895082 0.012190
1585067974.267313 16.894681 0.012145
1585067974.366313 16.894155 0.012182
1585067974.465314 16.894200 0.011994
1585067974.564314 16.894406 0.012116
1585067974.630314 16.894314 0.012193
1585067974.729315 16.894344 0.012189
1585067974.828315 16.894135 0.012177
1585067974.927315 16.893805 0.012090
1585067974.993315 16.893869 0.012112
1585067975.092315 16.894092 0.012035
1585067975.158315 16.894107 0.012049
1585067975.224316 16.894055 0.011797
1585067975.290316 16.893863 0.011823
1585067975.356316 16.893278 0.011753
1585067975.455316 16.893576 0.011895
1585067975.554316 16.893372 0.011968
1585067975.620317 16.893104 0.012052
1585067975.686317 16.893246 0.011956
1585067975.752317 16.892682 0.011680
1585067975.851317 16.892987 0.012073
1585067975.950317 16.893040 0.012114
1585067976.049318 16.893146 0.012072
1585067976.148318 16.893400 0.012045
1585067976.247318 16.893503 0.011754
1585067976.346318 16.893140 0.012188
1585067976.445318 16.893065 0.012186
1585067976.544319 16.893382 0.012136
1585067976.643319 16.893152 0.012048
1585067976.742319 16.893269 0.012133
1585067976.841319 16.893293 0.012140
1585067976.940320 16.893748 0.011250
1585067977.006320 16.893498 0.011782
1585067977.072320 16.893364 0.011888
1585067977.138320 16.893158 0.011886
1585067977.237320 16.892780 0.012130
1585067977.336321 16.893113 0.011853
1585067977.435321 16.892427 0.012102
1585067977.534321 16.891839 0.012004
1585067977.633322 16.891671 0.011768
1585067977.732322 16.891185 0.012078
1585067977.831322 16.891688 0.012009
1585067977.930322 16.891463 0.011938
1585067978.029322 16.891702 0.012093
1585067978.128323 16.891320 0.012046
1585067978.227323 16.891899 0.011509
1585067978.326323 16.891167 0.012058
1585067978.425323 16.890729 0.011908
1585067978.557323 16.890892 0.012098
1585067978.722324 16.891438 0.012079
1585067978.854324 16.890793 0.011753
1585067978.986325 16.891589 0.012038
1585067979.151325 16.893506 0.012038
1585067979.316325 16.894239 0.012044
1585067979.481326 16.893260 0.011953
1585067979.613326 16.894050 0.011009
1585067979.778327 16.895267 0.011622
1585067979.910327 16.895832 0.011990
1585067980.042327 16.896562 0.011686
1585067980.174327 16.897185 0.009782
1585067980.306328 16.898144 0.011948
1585067980.438328 16.900021 0.011672
1585067980.537328 16.899703 0.011398
1585067980.636328 16.900707 0.009223
1585067980.735329 16.902341 0.011715
1585067980.834329 16.902955 0.011283
1585067980.933329 16.903675 0.011516
1585067980.999329 16.904695 0.011605
1585067981.065329 16.904739 0.011981
1585067981.131330 16.905183 0.012014
1585067981.197330 16.906424 0.012004
1585067981.263330 16.907416 0.012136
1585067981.329330 16.907636 0.012101
1585067981.395330 16.907814 0.012192
1585067981.461330 16.907660 0.012177
1585067981.527331 16.907933 0.012145
1585067981.593331 16.907816 0.012184
1585067981.659331 16.908307 0.012076
1585067981.725331 16.908705 0.012024
1585067981.791331 16.908668 0.012084
1585067981.890332 16.909043 0.012179
1585067981.989332 16.909201 0.011922
1585067982.121332 16.910228 0.012042
1585067982.253332 16.910416 0.012154
1585067982.385333 16.909859 0.011770
1585067982.517333 16.910186 0.012128
1585067982.649333 16.909557 0.012073
1585067982.748333 16.909733 0.012161
1585067982.847334 16.909327 0.012155
1585067982.946334 16.909086 0.012125
1585067983.045334 16.909089 0.012101
1585067983.144335 16.908772 0.011706
1585067983.243335 16.908494 0.012143
1585067983.342335 16.908828 0.012032
1585067983.441335 16.908948 0.012128
1585067983.507335 16.908768 0.012179
1585067983.573336 16.908885 0.012163
1585067983.639336 16.908536 0.012113
1585067983.705336 16.908684 0.012138
1585067983.771336 16.909021 0.012122
1585067983.837336 16.909222 0.012151
1585067983.903336 16.909547 0.012095
1585067983.969336 16.909279 0.012106
1585067984.035337 16.908956 0.012103
1585067984.134337 16.908955 0.012177
1585067984.233337 16.909371 0.012165
1585067984.332337 16.910075 0.012173
1585067984.431337 16.909923 0.012139
1585067984.530338 16.910143 0.012036
1585067984.629338 16.910709 0.011871
1585067984.728338 16.911005 0.011851
1585067984.827338 16.911027 0.012170
1585067984.893339 16.910445 0.012113
1585067984.992339 16.910555 0.012080
1585067985.091339 16.910009 0.012048
1585067985.190339 16.909308 0.012131
1585067985.289340 16.908912 0.012069
1585067985.388340 16.908308 0.012153
1585067985.454340 16.907927 0.012127
1585067985.520340 16.907774 0.012061
1585067985.586340 16.907452 0.012068
1585067985.652340 16.907424 0.012068
1585067985.718341 16.908080 0.012063
1585067985.784341 16.908169 0.012156
1585067985.850341 16.908154 0.012124
1585067985.916341 16.907700 0.012146
1585067985.982341 16.907459 0.011850
1585067986.081342 16.907201 0.012126
1585067986.180342 16.907254 0.011968
1585067986.279342 16.906912 0.012159
1585067986.411342 16.906786 0.012127
1585067986.543343 16.907498 0.012065
1585067986.675343 16.907371 0.012135
1585067986.807343 16.907282 0.012115
1585067986.906343 16.907093 0.012133
1585067987.005344 16.907004 0.012090
1585067987.104344 16.907163 0.012133
1585067987.203344 16.907714 0.011297
1585067987.269344 16.907766 0.012131
1585067987.335344 16.907754 0.012047
1585067987.401345 16.907929 0.012104
1585067987.467345 16.907939 0.012070
1585067987.533345 16.907738 0.012014
1585067987.599345 16.907239 0.011880
1585067987.665345 16.906955 0.012106
1585067987.731345 16.907473 0.011473
1585067987.830346 16.907544 0.011997
1585067987.929346 16.907212 0.012086
1585067988.094346 16.907067 0.011953
1585067988.259347 16.907365 0.011763
1585067988.391347 16.907512 0.012131
1585067988.523347 16.907959 0.012069
1585067988.655348 16.907888 0.012092
1585067988.787348 16.907753 0.011948
1585067988.886348 16.907067 0.012031
1585067989.018348 16.907019 0.011912
1585067989.150349 16.907112 0.011913
1585067989.249349 16.906942 0.011862
1585067989.348349 16.907714 0.011822
1585067989.447350 16.907732 0.011984
1585067989.546350 16.907730 0.012021
1585067989.645350 16.908443 0.012077
1585067989.744350 16.908035 0.012119
1585067989.843350 16.907720 0.012094
1585067989.942351 16.907903 0.012141
1585067990.041351 16.908235 0.012121
1585067990.173351 16.908472 0.012125
1585067990.272352 16.909100 0.012005
1585067990.371352 16.908742 0.012028
1585067990.470352 16.908797 0.012056
1585067990.569352 16.908391 0.011956
1585067990.668352 16.908039 0.012136
1585067990.767353 16.907692 0.012154
1585067990.866353 16.906481 0.012060
1585067990.965353 16.905883 0.011995
1585067991.064353 16.906218 0.011591
1585067991.163354 16.906026 0.012064
1585067991.262354 16.904988 0.012120
1585067991.361354 16.904216 0.012142
1585067991.460354 16.903484 0.012126
1585067991.559355 16.903261 0.012052
1585067991.658355 16.902713 0.012044
1585067991.757355 16.901757 0.012139
1585067991.856355 16.901196 0.012120
1585067991.955355 16.900075 0.011904
1585067992.054356 16.900159 0.012128
1585067992.153356 16.899843 0.012139
1585067992.252356 16.899329 0.011845
1585067992.351357 16.898028 0.012142
1585067992.450357 16.897990 0.012043
1585067992.549357 16.897068 0.012089
1585067992.648357 16.897207 0.012119
1585067992.747357 16.896390 0.012040
1585067992.846358 16.895779 0.012085
1585067992.978358 16.894657 0.012125
1585067993.110358 16.893705 0.012141
1585067993.242358 16.893276 0.012149
1585067993.341359 16.892546 0.012131
1585067993.440359 16.892008 0.012149
1585067993.572359 16.891502 0.012147
1585067993.671360 16.891502 0.011952
1585067993.770360 16.891175 0.012020
1585067993.869360 16.890776 0.012108
1585067993.968360 16.890358 0.012137
1585067994.067360 16.890229 0.012088
1585067994.166361 16.889918 0.012109
1585067994.265361 16.889727 0.012012
1585067994.364361 16.889348 0.012114
1585067994.463362 16.888874 0.012101
1585067994.562362 16.888363 0.012141
1585067994.661362 16.888125 0.012088
1585067994.793362 16.888014 0.012122
1585067994.925362 16.887709 0.012090
1585067995.024363 16.887429 0.012108
1585067995.123363 16.887240 0.012107
1585067995.189363 16.887068 0.012134
1585067995.255363 16.886837 0.012111
1585067995.354364 16.886761 0.012111
1585067995.453364 16.886806 0.012090
1585067995.552364 16.886644 0.012041
1585067995.651364 16.886552 0.012125
1585067995.750364 16.886741 0.012082
1585067995.849365 16.886629 0.012103
1585067995.948365 16.886676 0.012076
1585067996.047365 16.886439 0.012073
1585067996.146365 16.886260 0.012097
1585067996.245366 16.886253 0.012090
1585067996.344366 16.886277 0.012111
1585067996.443366 16.885916 0.012110
1585067996.542367 16.885832 0.011924
1585067996.641367 16.885593 0.012085
1585067996.740367 16.885210 0.012014
1585067996.839367 16.885404 0.012031
1585067996.938368 16.885503 0.012051
1585067997.037368 16.885290 0.012003
1585067997.136368 16.885060 0.011955
1585067997.235368 16.885271 0.012063
1585067997.334368 16.884905 0.011884
1585067997.433369 16.884654 0.012060
1585067997.499369 16.884917 0.011952
1585067997.565369 16.884979 0.012082
1585067997.664369 16.884327 0.012047
1585067997.763369 16.884751 0.012047
1585067997.862370 16.884383 0.012045
1585067997.961370 16.884277 0.011863
1585067998.027370 16.884837 0.012086
1585067998.093370 16.884526 0.012065
1585067998.192370 16.884605 0.012070
1585067998.291370 16.884699 0.011770
1585067998.390371 16.884222 0.012026
1585067998.489371 16.884207 0.012073
1585067998.588371 16.883822 0.012033
1585067998.687371 16.884081 0.011980
1585067998.786372 16.884287 0.012029
1585067998.885372 16.884519 0.012007
1585067999.017372 16.884170 0.012068
1585067999.116373 16.883790 0.011890
1585067999.215373 16.883962 0.012022
1585067999.314373 16.883255 0.011967
1585067999.413373 16.883618 0.011875
1585067999.512373 16.883587 0.012012
1585067999.611374 16.883640 0.012029
1585067999.710374 16.882916 0.011783
1585067999.809374 16.882963 0.011910
1585067999.908375 16.883236 0.011945
1585067999.974375 16.883553 0.011891
1585068000.073375 16.883081 0.011962
1585068000.172375 16.883168 0.012050
1585068000.271375 16.883254 0.012041
1585068000.337375 16.882802 0.011970
1585068000.403376 16.883011 0.012042
1585068000.469376 16.882857 0.011990
1585068000.535376 16.882680 0.012049
1585068000.601376 16.882719 0.012046
1585068000.667376 16.882594 0.012058
1585068000.733376 16.882565 0.012045
1585068000.799376 16.882223 0.011938
1585068000.865377 16.881885 0.011955
1585068000.964377 16.881970 0.012045
1585068001.063377 16.882360 0.012004
1585068001.129377 16.881998 0.012049
1585068001.195377 16.881728 0.011882
1585068001.261378 16.881255 0.011922
1585068001.327378 16.881495 0.011932
1585068001.393378 16.881830 0.012038
1585068001.459378 16.881414 0.011912
1585068001.525378 16.881240 0.011930
1585068001.591378 16.881266 0.012042
1585068001.657379 16.881676 0.012035
1585068001.723379 16.881818 0.012030
1585068001.789379 16.881307 0.011994
1585068001.855379 16.880933 0.011644
1585068001.921379 16.881062 0.011866
1585068001.987380 16.881242 0.011816
1585068002.053380 16.881163 0.011901
1585068002.119380 16.881030 0.011751
1585068002.218380 16.880482 0.011622
1585068002.284380 16.881079 0.011904
1585068002.350380 16.880944 0.011805
1585068002.449380 16.881094 0.011310
1585068002.515381 16.881030 0.011952
1585068002.581381 16.880920 0.011867
1585068002.647381 16.880403 0.011977
1585068002.713381 16.880821 0.011818
1585068002.779381 16.880395 0.011691
1585068002.845381 16.881134 0.011859
1585068002.911381 16.881037 0.011926
1585068002.977382 16.880528 0.012047
1585068003.076382 16.880436 0.011869
1585068003.142382 16.881026 0.011910
1585068003.208382 16.880761 0.012037
1585068003.274382 16.880395 0.011973
1585068003.340383 16.880761 0.012046
1585068003.406383 16.880613 0.011916
1585068003.472383 16.880361 0.011991
1585068003.538383 16.880015 0.011952
1585068003.604383 16.880322 0.011982
1585068003.670383 16.880340 0.012015
1585068003.736383 16.880342 0.012023
1585068003.802384 16.880428 0.012030
1585068003.868384 16.880152 0.011882
1585068003.934384 16.880201 0.012016
1585068004.000384 16.880182 0.012000
1585068004.066384 16.880135 0.011791
1585068004.132385 16.880383 0.011975
1585068004.198385 16.880357 0.011991
1585068004.264385 16.880207 0.011984
1585068004.363385 16.880255 0.012021
1585068004.462385 16.880125 0.011966
1585068004.561385 16.879882 0.011989
1585068004.693386 16.879685 0.012026
1585068004.825386 16.879108 0.011933
1585068004.957386 16.879301 0.011908
1585068005.089387 16.879105 0.012025
1585068005.221387 16.879433 0.011932
1585068005.320387 16.879174 0.012004
1585068005.419387 16.879210 0.012035
1585068005.485388 16.879184 0.012032
1585068005.551388 16.879324 0.012029
1585068005.617388 16.879136 0.012029
1585068005.683388 16.879200 0.012022
1585068005.749388 16.879192 0.011922
1585068005.815388 16.879285 0.012028
1585068005.881388 16.879040 0.011877
1585068005.947389 16.878935 0.011963
1585068006.046389 16.878945 0.011969
1585068006.112389 16.878828 0.012007
1585068006.178389 16.878774 0.012015
1585068006.244389 16.878523 0.011955
1585068006.310390 16.878508 0.011925
1585068006.376390 16.878760 0.012036
1585068006.442390 16.878214 0.011901
1585068006.541390 16.878349 0.012034
1585068006.607390 16.878340 0.012033
1585068006.673391 16.878354 0.011952
1585068006.739391 16.878484 0.012005
1585068006.805391 16.878516 0.012021
1585068006.871391 16.878499 0.012009
1585068006.937391 16.878234 0.012040
1585068007.003391 16.877962 0.012032
1585068007.069391 16.878243 0.012027
1585068007.135391 16.878066 0.011996
1585068007.201392 16.878136 0.011992
1585068007.267392 16.878028 0.011871
1585068007.366392 16.878237 0.012016
1585068007.465392 16.878235 0.012006
1585068007.564393 16.878328 0.011906
1585068007.663393 16.877839 0.012024
1585068007.729393 16.877460 0.011967
1585068007.795393 16.877733 0.011995
1585068007.861393 16.877794 0.011753
1585068007.927393 16.877443 0.012034
1585068007.993394 16.877264 0.012021
1585068008.059394 16.877236 0.011842
1585068008.125394 16.877189 0.012027
1585068008.191394 16.877103 0.012037
1585068008.257394 16.877095 0.011980
1585068008.323395 16.877194 0.011995
1585068008.389395 16.877314 0.012014
1585068008.455395 16.877460 0.012029
1585068008.521395 16.877267 0.012006
1585068008.587395 16.877344 0.012034
1585068008.686395 16.877310 0.011940
1585068008.785395 16.877365 0.011968
1585068008.884396 16.877226 0.012023
1585068008.983396 16.877200 0.011955
1585068009.049396 16.877316 0.011964
1585068009.115396 16.877119 0.012016
1585068009.181396 16.876931 0.011964
1585068009.247397 16.876965 0.011961
1585068009.313397 16.877033 0.011976
1585068009.379397 16.876910 0.012031
1585068009.445397 16.876716 0.011875
1585068009.511397 16.876875 0.011938
1585068009.577398 16.877074 0.011993
1585068009.643398 16.876833 0.012010
1585068009.709398 16.876868 0.011998
1585068009.775398 16.876916 0.011981
1585068009.841398 16.876955 0.011789
1585068009.907398 16.877035 0.012039
1585068009.973398 16.876923 0.012017
1585068010.039399 16.876830 0.012007
1585068010.105399 16.876971 0.011914
1585068010.171399 16.876331 0.011694
1585068010.270399 16.876859 0.012014
1585068010.369399 16.876852 0.012034
1585068010.468400 16.876820 0.011985
1585068010.567400 16.876660 0.011965
1585068010.666400 16.876940 0.011994
1585068010.765400 16.876638 0.012004
1585068010.864400 16.876548 0.012009
1585068010.963401 16.876574 0.011853
1585068011.062401 16.876531 0.011851
1585068011.128401 16.876573 0.012017
1585068011.194401 16.876580 0.011929
1585068011.260401 16.876495 0.011874
1585068011.326401 16.876658 0.011935
1585068011.425402 16.876689 0.011995
1585068011.491402 16.876517 0.011961
1585068011.590402 16.876342 0.012022
1585068011.656402 16.876402 0.011861
1585068011.755403 16.876125 0.012007
1585068011.854403 16.876146 0.011989
1585068011.920403 16.875923 0.011800
1585068011.986403 16.876116 0.012020
1585068012.052403 16.875926 0.012031
1585068012.118404 16.875594 0.011965
1585068012.184404 16.875906 0.012002
1585068012.250404 16.875977 0.012007
1585068012.316404 16.875836 0.011967
1585068012.415404 16.875850 0.012013
1585068012.514404 16.875676 0.011967
1585068012.580405 16.875945 0.012012
1585068012.646405 16.875912 0.011991
1585068012.712405 16.875680 0.011994
1585068012.778405 16.875937 0.012035
1585068012.844405 16.875800 0.012021
1585068012.910405 16.875655 0.012028
1585068012.976406 16.875329 0.011992
1585068013.042406 16.875261 0.011813
1585068013.108406 16.875472 0.011960
1585068013.174406 16.875770 0.012007
1585068013.240406 16.875252 0.011979
1585068013.306406 16.875182 0.012038
1585068013.372406 16.874808 0.011877
1585068013.438407 16.874811 0.011959
1585068013.504407 16.874752 0.012030
1585068013.570407 16.874577 0.012035
1585068013.636407 16.874470 0.012001
1585068013.702407 16.874470 0.012032
1585068013.768407 16.874437 0.012016
1585068013.867408 16.874296 0.012024
1585068013.966408 16.874105 0.012037
1585068014.065408 16.873816 0.011947
1585068014.164408 16.873578 0.012011
1585068014.263409 16.873507 0.012019
1585068014.362409 16.873785 0.012001
1585068014.461409 16.873547 0.011966
1585068014.527409 16.873890 0.012003
1585068014.626410 16.874188 0.012015
1585068014.725410 16.874041 0.012002
1585068014.824410 16.873579 0.012029
1585068014.923410 16.873804 0.011967
1585068015.022410 16.873804 0.012017
1585068015.121411 16.873611 0.011983
1585068015.220411 16.873286 0.011877
1585068015.319411 16.873060 0.012022
1585068015.385411 16.873595 0.011918
1585068015.484411 16.873624 0.012011
1585068015.583412 16.873717 0.012035
1585068015.682412 16.873164 0.012015
1585068015.781412 16.873256 0.011980
1585068015.880412 16.873003 0.011851
1585068015.979413 16.873150 0.011934
1585068016.078413 16.873527 0.011999
1585068016.177413 16.873601 0.011994
1585068016.243413 16.873229 0.011799
1585068016.309414 16.873783 0.012024
1585068016.375414 16.873751 0.012024
1585068016.441414 16.873885 0.012006
1585068016.507414 16.873373 0.012008
1585068016.573414 16.873355 0.012013
1585068016.639414 16.873328 0.012012
1585068016.705414 16.873247 0.011998
1585068016.771415 16.873290 0.011885
1585068016.837415 16.873643 0.012027
1585068016.969415 16.873610 0.012017
1585068017.068415 16.873801 0.011995
1585068017.167416 16.873726 0.011815
1585068017.266416 16.873744 0.011974
1585068017.332416 16.873478 0.011956
1585068017.398416 16.873168 0.011970
1585068017.464416 16.873257 0.012022
1585068017.530416 16.873041 0.012019
1585068017.596416 16.873221 0.012028
1585068017.662417 16.873229 0.011951
1585068017.728417 16.872800 0.011972
1585068017.794417 16.872813 0.012004
1585068017.860417 16.872747 0.011945
1585068017.926417 16.872984 0.012026
1585068017.992418 16.872843 0.011966
1585068018.058418 16.872822 0.012021
1585068018.124418 16.872822 0.012014
1585068018.223418 16.872541 0.011975
1585068018.322418 16.872472 0.011959
1585068018.421418 16.872583 0.011992
1585068018.520419 16.872730 0.011990
1585068018.586419 16.872711 0.011986
1585068018.652419 16.872613 0.011899
1585068018.718419 16.872589 0.011927
1585068018.784419 16.872702 0.011951
1585068018.850420 16.872549 0.011992
1585068018.916420 16.872658 0.011966
1585068018.982420 16.872777 0.012014
1585068019.048420 16.872589 0.011842
1585068019.114420 16.872748 0.012010
1585068019.180420 16.872871 0.011965
1585068019.246420 16.872764 0.011961
1585068019.312421 16.872436 0.011968
1585068019.378421 16.872700 0.012012
1585068019.444421 16.872395 0.011910
1585068019.510421 16.872470 0.012003
1585068019.576421 16.872317 0.011957
1585068019.642421 16.872155 0.011993
1585068019.708422 16.872336 0.012011
1585068019.807422 16.872258 0.012018
1585068019.873422 16.871898 0.011974
1585068019.939422 16.872037 0.011920
1585068020.005422 16.872112 0.012006
1585068020.071423 16.872076 0.011838
1585068020.137423 16.872127 0.011860
1585068020.203423 16.871943 0.011943
1585068020.269423 16.872015 0.011942
1585068020.335423 16.872096 0.011975
1585068020.401423 16.872030 0.011954
1585068020.467423 16.872017 0.012008
1585068020.599424 16.871958 0.011982
1585068020.731424 16.871861 0.012024
1585068020.863425 16.871621 0.011978
1585068020.962425 16.871795 0.012015
1585068021.061425 16.871786 0.012003
1585068021.127425 16.871830 0.011985
1585068021.193425 16.871705 0.012014
1585068021.259426 16.871675 0.012024
1585068021.325426 16.871490 0.012006
1585068021.391426 16.871545 0.012024
1585068021.457426 16.871387 0.012014
1585068021.523426 16.871248 0.012024
1585068021.589427 16.871081 0.012015
1585068021.655427 16.871096 0.011986
1585068021.721427 16.870995 0.011924
1585068021.787427 16.870850 0.012027
1585068021.853427 16.870794 0.012008
1585068021.919427 16.871045 0.011859
1585068021.985427 16.871262 0.011971
1585068022.051427 16.871384 0.012002
1585068022.117427 16.871052 0.012017
1585068022.183428 16.870392 0.011957
1585068022.282428 16.870190 0.012016
1585068022.414428 16.870104 0.012023
1585068022.546429 16.870109 0.011983
1585068022.678429 16.869643 0.011955
1585068022.777429 16.869551 0.011997
1585068022.876429 16.869652 0.011934
1585068022.975430 16.869792 0.012023
1585068023.041430 16.869717 0.011957
1585068023.107430 16.869560 0.012013
1585068023.206430 16.869454 0.011907
1585068023.305430 16.869464 0.012026
1585068023.404431 16.869481 0.011967
1585068023.536431 16.868849 0.011976
1585068023.635431 16.868933 0.011993
1585068023.767431 16.869616 0.012013
1585068023.899432 16.869087 0.011931
1585068023.998432 16.869026 0.012020
1585068024.097432 16.869053 0.012009
1585068024.229433 16.868692 0.012023
1585068024.328433 16.868329 0.011939
1585068024.460433 16.867928 0.011986
1585068024.559433 16.867209 0.012020
1585068024.691434 16.867163 0.011947
1585068024.823434 16.867253 0.011944
1585068024.988434 16.867553 0.011989
1585068025.120435 16.868121 0.011888
1585068025.252435 16.868414 0.011896
1585068025.384435 16.868013 0.011668
1585068025.516436 16.867625 0.011787
1585068025.648436 16.867645 0.011939
1585068025.780436 16.868592 0.011360
1585068025.912437 16.868715 0.011896
1585068026.044437 16.869140 0.011419
1585068026.176437 16.869120 0.011618
1585068026.308438 16.868773 0.011724
1585068026.440438 16.868714 0.011496
1585068026.572438 16.868734 0.011580
1585068026.671438 16.868167 0.011916
1585068026.803439 16.868472 0.011839
1585068026.935439 16.868547 0.011991
1585068027.034439 16.868253 0.011946
1585068027.133440 16.867971 0.011931
1585068027.232440 16.867900 0.011997
1585068027.331440 16.867290 0.011871
1585068027.430440 16.868102 0.011956
1585068027.529440 16.867989 0.011801
1585068027.628441 16.868011 0.011787
1585068027.727441 16.867586 0.012012
1585068027.826441 16.866797 0.011892
1585068027.925442 16.866119 0.011977
1585068028.024442 16.865236 0.012002
1585068028.123442 16.864902 0.012002
1585068028.222442 16.864516 0.012011
1585068028.354443 16.863809 0.011962
1585068028.453443 16.862896 0.011912
1585068028.552443 16.861696 0.011955
1585068028.684443 16.861956 0.011979
1585068028.816444 16.861288 0.012020
1585068028.915444 16.860648 0.011761
1585068029.014444 16.859777 0.011986
1585068029.146444 16.860037 0.012012
1585068029.245445 16.859876 0.011549
1585068029.344445 16.859426 0.011965
1585068029.410445 16.858835 0.012006
1585068029.476445 16.857744 0.011815
1585068029.542445 16.856172 0.011906
1585068029.674446 16.854173 0.011962
1585068029.773446 16.853366 0.011813
1585068029.839446 16.852340 0.011947
1585068029.905446 16.850941 0.011848
1585068029.971446 16.850057 0.011939
1585068030.037446 16.849154 0.011996
1585068030.136447 16.848395 0.011998
1585068030.235447 16.847398 0.012004
1585068030.334447 16.846624 0.012016
1585068030.466447 16.846678 0.011991
1585068030.598448 16.845237 0.011893
1585068030.697448 16.844102 0.011976
1585068030.796448 16.843458 0.012001
1585068030.895449 16.842361 0.011956
1585068031.027449 16.840409 0.011995
1585068031.159449 16.837380 0.011880
1585068031.324450 16.838113 0.011914
1585068031.456450 16.836157 0.011944
1585068031.588450 16.835342 0.011996
1585068031.720451 16.833625 0.011906
1585068031.852451 16.831960 0.011976
1585068031.984451 16.829500 0.011971
1585068032.083452 16.828628 0.011926
1585068032.182452 16.828515 0.011968
1585068032.281452 16.827557 0.011990
1585068032.380452 16.826739 0.011965
1585068032.479452 16.825861 0.011943
1585068032.578453 16.825133 0.011937
1585068032.644453 16.825013 0.011946
1585068032.743453 16.824717 0.011972
1585068032.842453 16.823037 0.011988
1585068032.908453 16.822019 0.011956
1585068032.974453 16.821878 0.011965
1585068033.073454 16.821121 0.011957
1585068033.172454 16.819550 0.011952
1585068033.271454 16.819450 0.011839
1585068033.370455 16.817640 0.011925
1585068033.469455 16.816608 0.011928
1585068033.535455 16.816732 0.011942
1585068033.601455 16.816172 0.011988
1585068033.700455 16.815438 0.011977
1585068033.799455 16.813943 0.011975
1585068033.898456 16.811909 0.011859
1585068033.997456 16.811660 0.011978
1585068034.096456 16.810641 0.011974
1585068034.195457 16.809525 0.011894
1585068034.294457 16.809065 0.011887
1585068034.393457 16.808155 0.011984
1585068034.492457 16.807262 0.011900
1585068034.558457 16.807256 0.011964
1585068034.657458 16.806366 0.011928
1585068034.723458 16.806120 0.011974
1585068034.822458 16.805394 0.011976
1585068034.888458 16.805012 0.011987
1585068034.987458 16.804098 0.011957
1585068035.086459 16.802358 0.011976
1585068035.185459 16.801161 0.011976
1585068035.284459 16.800178 0.011943
1585068035.383459 16.798920 0.011974
1585068035.482460 16.798637 0.011977
1585068035.581460 16.797803 0.011965
1585068035.680460 16.797314 0.011975
1585068035.746460 16.797163 0.011968
1585068035.812460 16.797220 0.011985
1585068035.911461 16.796799 0.011965
1585068035.977461 16.796456 0.011779
1585068036.043461 16.796538 0.011891
1585068036.109461 16.796761 0.011967
1585068036.175461 16.796805 0.011916
1585068036.241461 16.796868 0.011953
1585068036.274462 16.796559 0.011954
1585068036.340461 16.796109 0.011977
1585068036.406462 16.795588 0.011675
1585068036.472462 16.795227 0.011973
1585068036.604462 16.794792 0.011972
1585068036.703462 16.794607 0.011956
1585068036.802463 16.793915 0.011826
1585068036.901463 16.793864 0.011951
1585068036.967463 16.793365 0.011850
1585068037.033463 16.793514 0.011963
1585068037.099463 16.793534 0.011937
1585068037.165463 16.793091 0.011971
1585068037.231464 16.792322 0.011974
1585068037.264464 16.791873 0.011901
1585068037.330464 16.791080 0.011882
1585068037.396464 16.789467 0.011866
1585068037.462464 16.788713 0.011976
1585068037.528464 16.787730 0.011941
1585068037.594465 16.787956 0.011971
1585068037.726465 16.786374 0.011971
1585068037.825465 16.785856 0.011982
1585068037.924465 16.784369 0.011957
1585068038.023466 16.783053 0.011980
1585068038.122466 16.782346 0.011862
1585068038.221466 16.781190 0.011917
1585068038.320467 16.782719 0.011875
1585068038.419466 16.782303 0.011806
1585068038.518467 16.782492 0.011901
1585068038.617467 16.781954 0.011947
1585068038.716467 16.780756 0.011969
1585068038.815468 16.779763 0.011971
1585068038.914468 16.778627 0.011877
1585068039.013468 16.777371 0.011962
1585068039.112468 16.777363 0.011972
1585068039.211468 16.777132 0.011976
1585068039.310469 16.776639 0.011903
1585068039.376469 16.776125 0.011971
1585068039.442469 16.775630 0.011898
1585068039.508469 16.774334 0.011957
1585068039.574469 16.774424 0.011981
1585068039.673470 16.774117 0.011968
1585068039.805470 16.772450 0.011958
1585068039.937470 16.771641 0.011927
1585068040.036470 16.770188 0.011920
1585068040.135471 16.770353 0.011895
1585068040.234471 16.770740 0.011958
1585068040.300471 16.770315 0.011968
1585068040.366471 16.769496 0.011966
1585068040.432472 16.769197 0.011978
1585068040.498472 16.768850 0.011949
1585068040.597472 16.768374 0.011969
1585068040.663472 16.767389 0.011939
1585068040.762472 16.766647 0.011891
1585068040.861473 16.765677 0.011974
1585068040.960473 16.764759 0.011796
1585068041.059473 16.764376 0.011978
1585068041.125473 16.764430 0.011946
1585068041.224473 16.764224 0.011966
1585068041.356474 16.763162 0.011969
1585068041.455474 16.762293 0.011969
1585068041.554474 16.761332 0.011951
1585068041.653474 16.760696 0.011905
1585068041.752475 16.759000 0.011896
1585068041.851475 16.757554 0.011968
1585068041.950475 16.757072 0.011900
1585068042.049475 16.755850 0.011898
1585068042.148476 16.754752 0.011873
1585068042.247476 16.754704 0.011906
1585068042.346476 16.753771 0.011949
1585068042.445476 16.754372 0.011880
1585068042.577477 16.753011 0.011970
1585068042.709477 16.751759 0.011971
1585068042.808477 16.751695 0.011977
1585068042.940477 16.750300 0.011966
1585068043.072478 16.749997 0.011891
1585068043.171478 16.749244 0.011959
1585068043.303478 16.748379 0.011967
1585068043.435478 16.746834 0.011974
1585068043.567479 16.746596 0.011948
1585068043.666479 16.746851 0.011925
1585068043.765479 16.747687 0.011927
1585068043.897480 16.747114 0.011952
1585068044.029480 16.745628 0.011917
1585068044.128480 16.745115 0.011933
1585068044.260480 16.744143 0.011976
1585068044.392481 16.743795 0.011974
1585068044.524481 16.742182 0.011970
1585068044.623481 16.742049 0.011905
1585068044.755482 16.740553 0.011962
1585068044.887482 16.741301 0.011971
1585068045.019482 16.739010 0.011965
1585068045.184483 16.735637 0.011970
1585068045.316483 16.732050 0.011978
1585068045.448483 16.729121 0.011956
1585068045.613484 16.726132 0.011978
1585068045.745484 16.724146 0.011977
1585068045.877485 16.721751 0.011970
1585068046.042485 16.718456 0.011969
1585068046.174485 16.714012 0.011942
1585068046.306485 16.710472 0.011959
1585068046.504486 16.705160 0.011928
1585068046.702487 16.700865 0.011893
1585068046.900487 16.695022 0.011963
1585068047.098487 16.691295 0.011930
1585068047.296488 16.685515 0.011904
1585068047.527488 16.680875 0.011944
