DelayedMarginalization 0.00147383 1.22454e-06 0.0107088 1839
DelayedMarginalizationOnly 0.000722233 6.14951e-07 0.00670207 1839
EF-marginalizeFrame 0.00184932 1.26853e-06 0.0110962 1839
FullSystem::trackNewCoarse 0.00552767 1.57095e-05 0.0364347 7153
FullSystem::trackNewCoarseNoIMU 0.00183499 6.41029e-07 0.00667433 388
FullSystemOptimize 0.141437 0.000402425 0.224006 1845
GraphUnrolling 0.0204746 0.000116537 0.0361891 4
IMUInitAddPose 3.4457e-05 1.65528e-09 0.000919144 1845
IMUInitOptimize 0.0398054 0.000568286 0.0934735 34
IMUIntegration::finishKeyframeOperations 4.95207e-05 1.37111e-09 0.00100733 1806
InitializerFirstFrame 0.0359606 -nan 0.0359606 1
InitializerOtherFrames 0.027503 9.00832e-05 0.0812609 491
MainMarginalization 0.00167519 1.23529e-06 0.0109275 1839
MarginalizationReplacementBuildGraph 0.00222892 -nan 0.00222892 1
MarginalizeMainGraph 0.000749409 4.07818e-07 0.00763999 1839
PGBA 0.0507208 8.19191e-05 0.0607428 4
PGBAFull 0.0453695 0.000681708 0.0665518 5
PrepareGraphForMainOptimization 0.0206014 0.000116549 0.0363004 4
VisualMarginalization 2.99587e-05 4.7264e-09 0.0013372 1839
activatePointsMT 0.00418325 3.66882e-06 0.0165427 1845
addActiveFrame 0.0493215 0.00471032 0.286197 8033
addIMUData 0.00105238 1.27304e-06 0.0151941 7153
addIMUDataToBA 0.000108672 1.01292e-08 0.00248789 8032
addKeyframeToBA 5.13756e-05 5.51201e-10 0.000647732 1845
afterCoarseTracking 3.00525e-07 2.71972e-14 3.887e-06 7541
baIteration 0.0233091 3.49165e-05 0.1038 10472
baMatrixInversion 0.000169964 7.36257e-09 0.0023979 10472
baUpdateBuildHessians 0.000581203 2.89832e-07 0.0120684 10472
coarseTrackingIteration 0.000565654 8.82571e-07 0.0096146 55787
computeBAUpdate 0.000850057 3.072e-07 0.0123323 10472
computeCoarseUpdate 0.000318666 5.57774e-07 0.00857384 53575
computeFactorForCoarseGraphAndMarginalCovariances 0.00227389 6.25001e-07 0.0121506 1806
convertHAndBFromDSO 0.00010454 5.99015e-09 0.00742803 17801
debugPlot 9.98515e-08 3.3312e-15 7.82e-07 1845
debugPlotIDepthMap 3.82457e-07 2.67674e-14 2.304e-06 1845
debugPlotIDepthMapFloat 3.31447e-08 9.92876e-17 3.1e-07 1845
deliverTrackedFrame 0.0426686 0.00490303 0.252807 7542
flagFramesForMarginalization 1.88928e-06 5.76405e-13 1.687e-05 1845
fullCoarseTracking 0.00680873 2.65912e-05 0.0956389 7541
initObjectsAndMakeImage 0.00117721 3.80676e-07 0.0213599 8033
makeKeyframe 0.164269 0.000429631 0.252746 1845
makeKeyframeChangeTrackingRef 0.00179598 7.06157e-08 0.00363435 1845
makeNewTraces 0.00344807 1.81429e-07 0.00635615 1845
makeNonKeyframe 0.003195 2.79522e-06 0.00843904 5697
marginalizeAndRemovePoints 0.00323593 7.73725e-07 0.006617 1845
marginalizeFrame 0.00345346 1.50377e-06 0.0128018 1839
marginalizeFrameOverhead 0.00159991 1.32646e-07 0.00376446 1839
marginalizeFrames 0.00345631 1.54818e-06 0.0128201 1845
newFrameAndNewResidualsForOldPoints 0.000986445 6.50828e-08 0.00286297 1845
printBiases 8.34942e-06 6.28505e-10 0.000943869 1845
printEigenValLine 1.4648e-07 5.44749e-16 3.31e-07 1845
printLogLine 0.000144402 9.16814e-08 0.00366523 1845
publishInMakeKeyframe 1.97204e-07 6.58434e-15 9.02e-07 1845
removeOutliers 0.000152093 3.13956e-09 0.00149246 1845
swapTrackingRef 0.000184052 1.33065e-07 0.00513877 1844
timeMeasurement 1.78318e-06 5.12615e-11 0.00056202 8033
traceNewCoarse 0.00304401 2.26561e-06 0.00842357 7542
updateBAValues 1.09649e-05 7.036e-11 0.000589473 18677
zero 1.58732e-07 1.01555e-12 8.9921e-05 8033
