EF-marginalizeFrame 0.000124681 6.55261e-09 0.00162028 1861
FullSystem::trackNewCoarseNoIMU 0.00249065 3.47463e-05 0.193037 7541
FullSystemOptimize 0.145412 0.00021227 0.30852 1867
IMUInitAddPose 1.6521e-05 -nan 1.6521e-05 1
InitializerFirstFrame 0.0329789 -nan 0.0329789 1
InitializerOtherFrames 0.0274298 7.7526e-05 0.078971 491
VisualMarginalization 3.33623e-05 2.52962e-10 0.000354513 1861
activatePointsMT 0.00439907 4.72609e-06 0.0144808 1867
addActiveFrame 0.0453745 0.004628 0.367223 8033
afterCoarseTracking 2.42142e-07 1.36046e-14 2.885e-06 7541
baIteration 0.0226567 3.37226e-05 0.0640656 11220
coarseTrackingIteration 0.000146043 3.59949e-08 0.0043853 81360
debugPlot 9.14296e-08 3.79301e-15 4.21e-07 1867
debugPlotIDepthMap 4.25047e-07 3.78931e-14 2.475e-06 1867
debugPlotIDepthMapFloat 4.90005e-08 1.38563e-13 1.6091e-05 1867
deliverTrackedFrame 0.0427643 0.00485239 0.322742 7542
flagFramesForMarginalization 2.1793e-06 1.00137e-10 0.000430648 1867
fullCoarseTracking 0.00249719 3.47491e-05 0.193047 7541
initObjectsAndMakeImage 0.00119337 3.0879e-07 0.00516741 8033
makeKeyframe 0.163479 0.000220353 0.322737 1867
makeKeyframeChangeTrackingRef 0.00173568 6.3907e-08 0.00379759 1867
makeNewTraces 0.00346669 2.11228e-07 0.00631762 1867
makeNonKeyframe 0.00303401 2.8275e-06 0.00988548 5675
marginalizeAndRemovePoints 0.00315602 9.07404e-07 0.00767209 1867
marginalizeFrame 0.00153211 1.30354e-07 0.00419375 1861
marginalizeFrameOverhead 0.00140445 1.06811e-07 0.00405749 1861
marginalizeFrames 0.00152841 1.38834e-07 0.00419498 1867
newFrameAndNewResidualsForOldPoints 0.000909621 4.48194e-08 0.00317302 1867
printEigenValLine 1.48891e-07 2.31335e-15 1.132e-06 1867
printLogLine 0.000150553 5.32944e-08 0.00283029 1867
publishInMakeKeyframe 2.6338e-07 1.34171e-14 1.583e-06 1867
removeOutliers 0.00014413 3.54968e-09 0.00136737 1867
swapTrackingRef 4.68043e-07 6.856e-14 2.404e-06 1867
timeMeasurement 2.01202e-06 8.62561e-11 0.000769972 8033
traceNewCoarse 0.00287296 2.28217e-06 0.00987237 7542
zero 1.53371e-07 2.43653e-12 0.000139696 8033
