EF-marginalizeFrame 0.000117492 3.63196e-09 0.00101147 2099
FullSystem::trackNewCoarseNoIMU 0.00274575 2.05175e-06 0.0129641 6709
FullSystemOptimize 0.145373 0.00019094 0.308117 2105
IMUInitAddPose 1.7483e-05 -nan 1.7483e-05 1
InitializerFirstFrame 0.0273209 -nan 0.0273209 1
InitializerOtherFrames 0.0268535 0.000195211 0.0795273 93
VisualMarginalization 3.28768e-05 4.5444e-10 0.00071553 2099
activatePointsMT 0.00447519 4.35811e-06 0.0147413 2105
addActiveFrame 0.0575994 0.0055176 0.367427 6803
afterCoarseTracking 3.39907e-07 1.36031e-12 9.3527e-05 6709
baIteration 0.0225855 3.19357e-05 0.055437 12648
coarseTrackingIteration 0.000167428 3.75074e-08 0.00487687 73762
debugPlot 9.60166e-08 4.28297e-15 7.81e-07 2105
debugPlotIDepthMap 4.60039e-07 8.14707e-12 0.000131128 2105
debugPlotIDepthMapFloat 3.53781e-08 1.04698e-16 1.9e-07 2105
deliverTrackedFrame 0.0541643 0.00557961 0.320781 6710
flagFramesForMarginalization 1.82499e-06 7.81927e-13 2.1892e-05 2105
fullCoarseTracking 0.00275339 2.05839e-06 0.0129771 6709
initObjectsAndMakeImage 0.00108267 9.51427e-08 0.00393486 6803
makeKeyframe 0.164003 0.000195574 0.320775 2105
makeKeyframeChangeTrackingRef 0.00179217 6.13033e-08 0.00424981 2105
makeNewTraces 0.00338128 1.6114e-07 0.00613335 2105
makeNonKeyframe 0.00393174 1.827e-06 0.00811435 4605
marginalizeAndRemovePoints 0.00339308 7.8466e-07 0.00870121 2105
marginalizeFrame 0.00159528 1.10034e-07 0.00442791 2099
marginalizeFrameOverhead 0.0014745 9.24153e-08 0.00429424 2099
marginalizeFrames 0.00159202 1.18074e-07 0.00442967 2105
newFrameAndNewResidualsForOldPoints 0.000886734 3.67227e-08 0.00289501 2105
printEigenValLine 1.43005e-07 1.18966e-15 1.192e-06 2105
printLogLine 0.000151627 6.44431e-08 0.00330204 2105
publishInMakeKeyframe 1.68585e-07 5.65873e-15 9.02e-07 2105
removeOutliers 0.000143634 6.18818e-09 0.00264077 2105
swapTrackingRef 5.01554e-07 8.92639e-14 3.928e-06 2105
timeMeasurement 2.02254e-06 1.91226e-11 0.0002978 6803
traceNewCoarse 0.00352248 1.67817e-06 0.00809704 6710
zero 1.49725e-07 1.40102e-14 4.077e-06 6803
