EF-marginalizeFrame 0.000128228 5.90423e-09 0.00102857 1622
FullSystem::trackNewCoarseNoIMU 0.00283883 3.32987e-05 0.16544 7120
FullSystemOptimize 0.208289 0.000415766 0.456811 1628
IMUInitAddPose 1.7192e-05 -nan 1.7192e-05 1
InitializerFirstFrame 0.0340564 -nan 0.0340564 1
InitializerOtherFrames 0.0709657 0.000436035 0.16645 581
VisualMarginalization 3.69733e-05 1.13373e-09 0.000904337 1622
activatePointsMT 0.00539875 7.05653e-06 0.0252157 1628
addActiveFrame 0.0598544 0.00858249 0.591497 7702
afterCoarseTracking 3.00336e-07 6.53417e-14 1.4768e-05 7120
baIteration 0.0326048 6.52634e-05 0.0884882 9786
coarseTrackingIteration 0.000209294 7.31604e-08 0.00638046 58351
debugPlot 1.16261e-07 4.16747e-15 5.91e-07 1628
debugPlotIDepthMap 4.55149e-07 4.79032e-14 4.318e-06 1628
debugPlotIDepthMapFloat 5.17482e-08 1.20897e-13 1.4036e-05 1628
deliverTrackedFrame 0.0546731 0.00914421 0.471166 7121
flagFramesForMarginalization 2.33983e-06 1.18497e-10 0.000438851 1628
fullCoarseTracking 0.00284735 3.33062e-05 0.165448 7120
initObjectsAndMakeImage 0.00130829 1.65214e-07 0.0139738 7702
makeKeyframe 0.229326 0.000423462 0.471158 1628
makeKeyframeChangeTrackingRef 0.00215018 2.83477e-07 0.00574744 1628
makeNewTraces 0.00390226 5.24543e-07 0.00760425 1628
makeNonKeyframe 0.00288149 4.45411e-06 0.00999792 5493
marginalizeAndRemovePoints 0.00357962 1.3832e-06 0.00984325 1628
marginalizeFrame 0.00168245 2.05083e-07 0.00466861 1622
marginalizeFrameOverhead 0.00155071 1.70505e-07 0.00446047 1622
marginalizeFrames 0.00167742 2.14898e-07 0.00467053 1628
newFrameAndNewResidualsForOldPoints 0.00102141 9.52679e-08 0.00404425 1628
printEigenValLine 2.02916e-07 4.99561e-15 9.62e-07 1628
printLogLine 0.000173473 9.84547e-08 0.00404118 1628
publishInMakeKeyframe 2.76941e-07 7.39761e-12 0.000109881 1628
removeOutliers 0.000168641 8.18869e-09 0.00148238 1628
swapTrackingRef 7.55184e-07 5.72418e-12 9.4604e-05 1627
timeMeasurement 1.9504e-06 8.82982e-12 0.000180464 7702
traceNewCoarse 0.00284923 3.5648e-06 0.00998492 7121
zero 2.68239e-07 4.2405e-12 0.000179132 7702
