EF-marginalizeFrame 0.000117715 4.03628e-09 0.00127724 2094
FullSystem::trackNewCoarseNoIMU 0.00273497 3.91915e-06 0.111008 6709
FullSystemOptimize 0.147246 0.000197969 0.34244 2100
IMUInitAddPose 1.7132e-05 -nan 1.7132e-05 1
InitializerFirstFrame 0.0295605 -nan 0.0295605 1
InitializerOtherFrames 0.0272551 0.000185774 0.0722928 93
VisualMarginalization 3.22578e-05 3.42296e-10 0.00063982 2094
activatePointsMT 0.0045079 4.45718e-06 0.0158626 2100
addActiveFrame 0.0580357 0.00564388 0.358635 6803
afterCoarseTracking 3.15269e-07 1.67977e-12 0.000105869 6709
baIteration 0.0228911 3.2662e-05 0.0601993 12618
coarseTrackingIteration 0.000166783 3.96537e-08 0.0082922 73430
debugPlot 9.24333e-08 5.02743e-15 1.112e-06 2100
debugPlotIDepthMap 5.6996e-07 1.93977e-11 0.000161182 2100
debugPlotIDepthMapFloat 5.26476e-08 2.82634e-15 1.463e-06 2100
deliverTrackedFrame 0.0546167 0.00570278 0.356672 6710
flagFramesForMarginalization 1.97165e-06 9.46798e-12 0.000137688 2100
fullCoarseTracking 0.00274282 3.92712e-06 0.111016 6709
initObjectsAndMakeImage 0.00107774 1.00537e-07 0.0044305 6803
makeKeyframe 0.165854 0.000200198 0.356667 2100
makeKeyframeChangeTrackingRef 0.00178424 5.43265e-08 0.00394063 2100
makeNewTraces 0.00336957 1.62963e-07 0.00607039 2100
makeNonKeyframe 0.0039215 1.87506e-06 0.00872432 4610
marginalizeAndRemovePoints 0.00336623 7.82354e-07 0.00776638 2100
marginalizeFrame 0.00158882 1.03035e-07 0.00358788 2094
marginalizeFrameOverhead 0.00146791 8.48316e-08 0.00337144 2094
marginalizeFrames 0.00158535 1.11427e-07 0.00358948 2100
newFrameAndNewResidualsForOldPoints 0.000881421 3.99818e-08 0.00280385 2100
printEigenValLine 1.58156e-07 1.36004e-15 6.11e-07 2100
printLogLine 0.000155866 5.8874e-08 0.00259601 2100
publishInMakeKeyframe 1.6854e-07 5.37787e-15 6.01e-07 2100
removeOutliers 0.000142536 2.00088e-09 0.000983891 2100
swapTrackingRef 4.56632e-07 7.18517e-14 2.505e-06 2100
timeMeasurement 1.99397e-06 1.20468e-11 0.000146423 6803
traceNewCoarse 0.00351613 1.70716e-06 0.0087138 6710
zero 1.17727e-07 9.79427e-15 2.205e-06 6803
