1620662541.798441 9.731218 0.193791
1620662541.963441 9.752975 0.183450
1620662542.128441 9.748147 0.167607
1620662542.293442 9.709862 0.151550
1620662542.458442 9.670435 0.134343
1620662542.590442 9.651264 0.122603
1620662542.722443 9.663851 0.112271
1620662542.854443 9.682927 0.103026
1620662543.019444 9.677157 0.090283
1620662543.151444 9.685434 0.081225
1620662543.283444 9.674736 0.072873
1620662543.415444 9.664956 0.065164
1620662543.547445 9.663074 0.058479
1620662543.679445 9.656559 0.052534
1620662543.811445 9.651531 0.047201
1620662543.943446 9.649443 0.043273
1620662544.075446 9.628537 0.039387
1620662544.207446 9.622880 0.036060
1620662544.339447 9.610962 0.033104
1620662544.471447 9.625799 0.030607
1620662544.636447 9.610952 0.027982
1620662544.834448 9.614629 0.024742
1620662544.999448 9.620981 0.022426
1620662545.164448 9.593299 0.020174
1620662545.329449 9.567183 0.017767
1620662545.494449 9.567244 0.016071
1620662545.659450 9.575277 0.014355
1620662545.857450 9.551228 0.012472
1620662546.022451 9.537773 0.011238
1620662546.220451 9.544289 0.010622
1620662546.418452 9.558292 0.009969
1620662546.583452 9.565905 0.009528
1620662546.814452 9.566839 0.009107
1620662546.979453 9.582048 0.008917
1620662547.111453 9.583861 0.008751
1620662547.276454 9.586417 0.008638
1620662547.507454 9.596613 0.008569
1620662547.705455 9.608299 0.008487
1620662547.903455 9.618389 0.008413
1620662548.101456 9.626526 0.008336
1620662548.365456 9.628874 0.008191
1620662548.596457 9.632214 0.008016
1620662548.794457 9.632767 0.007913
1620662548.959458 9.622620 0.007871
1620662549.124458 9.612113 0.007822
1620662549.289459 9.626179 0.007739
1620662549.454459 9.626033 0.007659
1620662549.619459 9.624607 0.007573
1620662549.751460 9.621422 0.007528
1620662549.916460 9.624239 0.007421
1620662550.081460 9.630145 0.007244
1620662550.246461 9.652946 0.007157
1620662550.411461 9.665233 0.007018
1620662550.576462 9.681983 0.006938
1620662550.741462 9.699423 0.006834
1620662550.906462 9.714103 0.006738
1620662551.071463 9.732052 0.006653
1620662551.269463 9.749943 0.006379
1620662551.467464 9.778438 0.006302
1620662551.665464 9.800222 0.006220
1620662551.863465 9.822025 0.006152
1620662552.028465 9.834916 0.006106
1620662552.193465 9.845487 0.006050
1620662552.358466 9.857337 0.005990
1620662552.490466 9.856467 0.005948
1620662552.655467 9.850425 0.005896
1620662552.853467 9.850169 0.005827
1620662552.985467 9.837091 0.005777
1620662553.150468 9.824989 0.005716
1620662553.282468 9.813629 0.005665
1620662553.414468 9.802327 0.005611
1620662553.546468 9.796619 0.005554
1620662553.678469 9.786713 0.005509
1620662553.843469 9.768944 0.005465
1620662553.975470 9.756754 0.005416
1620662554.107470 9.736300 0.005378
1620662554.272470 9.728140 0.005331
1620662554.404470 9.718518 0.005298
1620662554.536471 9.710247 0.005271
1620662554.701472 9.702846 0.005235
1620662554.833472 9.699221 0.005203
1620662554.965472 9.695726 0.005172
1620662555.064472 9.693093 0.005150
1620662555.229472 9.691938 0.005122
1620662555.361473 9.690611 0.005097
1620662555.493473 9.688893 0.005076
1620662555.625473 9.687974 0.005056
1620662555.757474 9.687805 0.005037
1620662555.889474 9.687541 0.005015
1620662556.054475 9.688420 0.004992
1620662556.186475 9.690127 0.004979
1620662556.318475 9.690365 0.004960
1620662556.450475 9.691398 0.004947
1620662556.549476 9.693143 0.004940
1620662556.648476 9.694120 0.004935
1620662556.780476 9.695602 0.004926
1620662556.912477 9.696998 0.004915
1620662557.044477 9.699877 0.004904
1620662557.209477 9.701308 0.004885
1620662557.341478 9.704147 0.004872
1620662557.473478 9.705661 0.004859
1620662557.572478 9.706749 0.004850
1620662557.671478 9.708201 0.004838
1620662557.770478 9.709873 0.004825
1620662557.902479 9.711490 0.004808
1620662558.001479 9.712702 0.004797
1620662558.133479 9.715757 0.004784
1620662558.232480 9.718106 0.004769
1620662558.364480 9.719887 0.004755
1620662558.496480 9.721858 0.004738
1620662558.628480 9.723345 0.004726
1620662558.760481 9.724238 0.004712
1620662558.892481 9.726322 0.004701
1620662559.024482 9.727059 0.004689
1620662559.156482 9.729766 0.004679
1620662559.288482 9.731239 0.004667
1620662559.387482 9.731632 0.004660
1620662559.519483 9.732694 0.004650
1620662559.651483 9.733171 0.004639
1620662559.783484 9.734125 0.004631
1620662559.915484 9.735779 0.004622
1620662560.047484 9.735235 0.004613
1620662560.179484 9.735918 0.004606
1620662560.311485 9.737536 0.004596
1620662560.476485 9.737234 0.004586
1620662560.608485 9.738097 0.004579
1620662560.740486 9.739477 0.004572
1620662560.872486 9.740880 0.004566
1620662561.004486 9.743606 0.004557
1620662561.103487 9.744061 0.004550
1620662561.202487 9.745472 0.004542
1620662561.301487 9.746128 0.004535
1620662561.433487 9.748193 0.004528
1620662561.565488 9.749874 0.004519
1620662561.697488 9.751254 0.004508
1620662561.862488 9.752067 0.004493
1620662561.994488 9.753160 0.004482
1620662562.093489 9.754509 0.004473
1620662562.192489 9.756303 0.004463
1620662562.291489 9.757657 0.004453
1620662562.423490 9.759324 0.004436
1620662562.555490 9.762112 0.004424
1620662562.687490 9.764150 0.004410
1620662562.819491 9.766989 0.004400
1620662562.951491 9.768969 0.004383
1620662563.083491 9.770058 0.004370
1620662563.215492 9.772496 0.004358
1620662563.347492 9.773744 0.004349
1620662563.479492 9.773237 0.004339
1620662563.611492 9.775189 0.004333
1620662563.743493 9.776854 0.004322
1620662563.908493 9.778943 0.004303
1620662564.073493 9.783552 0.004286
1620662564.238494 9.784910 0.004258
1620662564.370494 9.791722 0.004236
1620662564.502495 9.795597 0.004208
1620662564.667495 9.801500 0.004172
1620662564.799495 9.802715 0.004132
1620662564.931496 9.807315 0.004099
1620662565.096496 9.814761 0.004051
1620662565.195496 9.818351 0.004021
1620662565.294497 9.822084 0.003993
1620662565.393497 9.824853 0.003963
1620662565.492497 9.828536 0.003927
1620662565.591497 9.832571 0.003902
1620662565.690497 9.837588 0.003879
1620662565.789498 9.838737 0.003839
1620662565.888498 9.842997 0.003814
1620662565.987498 9.847875 0.003789
1620662566.086498 9.849184 0.003768
1620662566.218498 9.851989 0.003737
1620662566.350499 9.855649 0.003716
1620662566.482499 9.859895 0.003697
1620662566.614500 9.862606 0.003677
1620662566.746500 9.865649 0.003658
1620662566.845500 9.869239 0.003645
1620662566.977500 9.871059 0.003634
1620662567.109501 9.871868 0.003621
1620662567.241501 9.872469 0.003611
1620662567.373502 9.872337 0.003602
1620662567.505502 9.872256 0.003595
1620662567.637502 9.872077 0.003588
1620662567.769502 9.871754 0.003583
1620662567.901503 9.871013 0.003579
1620662568.033503 9.871448 0.003578
1620662568.165504 9.871835 0.003575
1620662568.297504 9.870288 0.003572
1620662568.429504 9.869824 0.003572
1620662568.561504 9.870199 0.003571
1620662568.693505 9.870534 0.003571
1620662568.825505 9.869742 0.003569
1620662568.957505 9.869589 0.003570
1620662569.089505 9.869432 0.003570
1620662569.254506 9.868906 0.003569
1620662569.386506 9.868243 0.003568
1620662569.518507 9.867989 0.003568
1620662569.650507 9.867350 0.003568
1620662569.749507 9.867076 0.003567
1620662569.881507 9.866675 0.003566
1620662569.980508 9.866645 0.003565
1620662570.112508 9.866619 0.003564
1620662570.211508 9.866429 0.003563
1620662570.310508 9.866726 0.003563
1620662570.409509 9.867312 0.003562
1620662570.475509 9.867814 0.003561
1620662570.541509 9.868017 0.003559
1620662570.607509 9.867755 0.003559
1620662570.673509 9.867645 0.003558
1620662570.772509 9.867324 0.003557
1620662570.871510 9.867482 0.003555
1620662570.970510 9.867488 0.003554
1620662571.069510 9.867630 0.003553
1620662571.168510 9.868244 0.003551
1620662571.267511 9.869122 0.003549
1620662571.366511 9.869697 0.003549
1620662571.498511 9.870333 0.003547
1620662571.597512 9.871149 0.003546
1620662571.729512 9.872786 0.003544
1620662571.828512 9.873726 0.003541
1620662571.927512 9.874046 0.003539
1620662571.993512 9.873891 0.003538
1620662572.059513 9.874109 0.003538
1620662572.158513 9.874119 0.003537
1620662572.224513 9.873608 0.003538
1620662572.323513 9.873971 0.003537
1620662572.422513 9.873071 0.003536
1620662572.554514 9.872013 0.003534
1620662572.686514 9.871783 0.003534
1620662572.785514 9.870950 0.003532
1620662572.884515 9.870545 0.003532
1620662572.983515 9.870394 0.003532
1620662573.082515 9.870049 0.003531
1620662573.181515 9.869747 0.003530
1620662573.280516 9.869170 0.003530
1620662573.379516 9.868815 0.003530
1620662573.478516 9.868250 0.003529
1620662573.577516 9.868064 0.003528
1620662573.676516 9.867255 0.003528
1620662573.775517 9.867039 0.003527
1620662573.874517 9.866828 0.003527
1620662573.973517 9.866543 0.003527
1620662574.072517 9.866473 0.003526
1620662574.171518 9.866570 0.003526
1620662574.270518 9.866693 0.003524
1620662574.369518 9.866640 0.003525
1620662574.468518 9.866419 0.003524
1620662574.534518 9.866091 0.003524
1620662574.600519 9.866015 0.003524
1620662574.666519 9.865906 0.003524
1620662574.732519 9.866001 0.003522
1620662574.831519 9.865680 0.003523
1620662574.930520 9.865577 0.003521
1620662575.029520 9.865469 0.003521
1620662575.128520 9.865131 0.003520
1620662575.227520 9.864918 0.003519
1620662575.326520 9.864856 0.003520
1620662575.458521 9.865014 0.003519
1620662575.557521 9.864577 0.003518
1620662575.656521 9.864261 0.003519
1620662575.788522 9.864383 0.003517
1620662575.887522 9.864428 0.003517
1620662575.986522 9.864136 0.003516
1620662576.118522 9.863996 0.003516
1620662576.217522 9.863767 0.003515
1620662576.316523 9.863843 0.003515
1620662576.415523 9.864668 0.003514
1620662576.514523 9.864821 0.003513
1620662576.646523 9.864863 0.003512
1620662576.745523 9.865002 0.003511
1620662576.877524 9.865241 0.003511
1620662577.009524 9.865325 0.003509
1620662577.108525 9.865305 0.003510
1620662577.273525 9.865338 0.003509
1620662577.405525 9.865374 0.003508
1620662577.504525 9.865229 0.003507
1620662577.603526 9.865400 0.003507
1620662577.669526 9.865597 0.003507
1620662577.735526 9.865555 0.003507
1620662577.801526 9.865528 0.003505
1620662577.900526 9.865750 0.003506
1620662577.999527 9.865773 0.003505
1620662578.098527 9.865802 0.003505
1620662578.230527 9.866090 0.003504
1620662578.362527 9.865972 0.003504
1620662578.494528 9.866581 0.003503
1620662578.593528 9.866328 0.003503
1620662578.659528 9.866276 0.003503
1620662578.725528 9.866037 0.003502
1620662578.857529 9.866468 0.003502
1620662578.956529 9.866539 0.003501
1620662579.022529 9.866600 0.003501
1620662579.121529 9.866435 0.003501
1620662579.220529 9.866417 0.003500
1620662579.319530 9.866590 0.003500
1620662579.418530 9.866594 0.003500
1620662579.517530 9.866856 0.003500
1620662579.616530 9.866872 0.003498
1620662579.715530 9.866897 0.003499
1620662579.814531 9.867078 0.003499
1620662579.880531 9.867245 0.003498
1620662579.979531 9.867455 0.003498
1620662580.078532 9.867685 0.003498
1620662580.177532 9.867811 0.003498
1620662580.276532 9.868142 0.003497
1620662580.342532 9.868588 0.003496
1620662580.408532 9.868695 0.003497
1620662580.474532 9.868738 0.003496
1620662580.540533 9.869054 0.003496
1620662580.606533 9.869226 0.003496
1620662580.705533 9.869449 0.003496
1620662580.804533 9.869911 0.003496
1620662580.903533 9.870511 0.003495
1620662581.035534 9.871068 0.003495
1620662581.134534 9.871578 0.003495
1620662581.233534 9.872193 0.003494
1620662581.332535 9.872394 0.003493
1620662581.431535 9.873738 0.003493
1620662581.497535 9.874619 0.003492
1620662581.596535 9.874889 0.003492
1620662581.662535 9.875114 0.003491
1620662581.728535 9.875145 0.003490
1620662581.827536 9.876531 0.003489
1620662581.926536 9.877812 0.003488
1620662582.058536 9.879158 0.003486
1620662582.157536 9.879177 0.003486
1620662582.256536 9.880927 0.003485
1620662582.355537 9.883020 0.003485
1620662582.454537 9.883901 0.003484
1620662582.553537 9.885093 0.003481
1620662582.652538 9.885811 0.003481
1620662582.751538 9.887643 0.003480
1620662582.850538 9.889026 0.003478
1620662582.949538 9.888937 0.003477
1620662583.081539 9.889765 0.003477
1620662583.180539 9.889585 0.003476
1620662583.279539 9.890800 0.003474
1620662583.411540 9.892906 0.003472
1620662583.543540 9.894595 0.003470
1620662583.675540 9.898383 0.003469
1620662583.807540 9.900556 0.003468
1620662583.939541 9.902065 0.003467
1620662584.071541 9.902753 0.003463
1620662584.236542 9.905906 0.003463
1620662584.368542 9.907928 0.003461
1620662584.533542 9.908899 0.003460
1620662584.698542 9.910031 0.003459
1620662584.863543 9.911004 0.003456
1620662585.028543 9.911687 0.003456
1620662585.226544 9.913562 0.003454
1620662585.424544 9.914531 0.003454
1620662585.622545 9.914023 0.003453
1620662585.787545 9.913601 0.003451
1620662585.952546 9.913634 0.003450
1620662586.150546 9.913039 0.003452
1620662586.315546 9.913257 0.003453
1620662586.447547 9.912435 0.003452
1620662586.579547 9.910150 0.003453
1620662586.711547 9.909861 0.003452
1620662586.810547 9.909176 0.003453
1620662586.942548 9.908792 0.003452
1620662587.107548 9.909063 0.003453
1620662587.239548 9.907893 0.003452
1620662587.371549 9.908291 0.003453
1620662587.503549 9.907553 0.003452
1620662587.635550 9.905806 0.003452
1620662587.767550 9.905439 0.003452
1620662587.899550 9.905063 0.003452
1620662588.031550 9.905076 0.003453
1620662588.163551 9.904044 0.003452
1620662588.295551 9.903052 0.003451
1620662588.427552 9.902391 0.003450
1620662588.559552 9.902076 0.003451
1620662588.658552 9.901504 0.003451
1620662588.757552 9.900900 0.003451
1620662588.856552 9.900107 0.003451
1620662588.922553 9.899856 0.003450
1620662589.054553 9.899746 0.003451
1620662589.153553 9.898678 0.003449
1620662589.285553 9.898441 0.003450
1620662589.417554 9.899197 0.003451
1620662589.516554 9.898797 0.003450
1620662589.615554 9.898855 0.003450
1620662589.714554 9.898662 0.003449
1620662589.813555 9.898191 0.003448
1620662589.912555 9.898315 0.003446
1620662590.011555 9.898622 0.003448
1620662590.110555 9.898672 0.003448
1620662590.209556 9.898740 0.003449
1620662590.308556 9.898767 0.003449
1620662590.407556 9.898298 0.003448
1620662590.506557 9.898069 0.003448
1620662590.605556 9.897787 0.003448
1620662590.704557 9.896961 0.003448
1620662590.803557 9.896327 0.003448
1620662590.902557 9.895973 0.003448
1620662591.001558 9.896030 0.003448
1620662591.100558 9.894668 0.003447
1620662591.232558 9.893839 0.003446
1620662591.364558 9.893112 0.003446
1620662591.496559 9.892051 0.003447
1620662591.628559 9.891676 0.003447
1620662591.793559 9.891858 0.003447
1620662591.925560 9.891620 0.003447
1620662592.024560 9.891029 0.003447
1620662592.123560 9.891087 0.003447
1620662592.222560 9.890961 0.003447
1620662592.321561 9.890930 0.003447
1620662592.387561 9.890588 0.003447
1620662592.519561 9.890518 0.003447
1620662592.618561 9.890234 0.003447
1620662592.717561 9.890208 0.003446
1620662592.816562 9.890225 0.003447
1620662592.915562 9.889744 0.003447
1620662593.014562 9.889699 0.003447
1620662593.113563 9.889446 0.003446
1620662593.212563 9.889369 0.003447
1620662593.311563 9.889089 0.003447
1620662593.410563 9.888895 0.003447
1620662593.509563 9.888940 0.003447
1620662593.608564 9.888502 0.003445
1620662593.707564 9.888360 0.003446
1620662593.806564 9.888227 0.003446
1620662593.905564 9.888029 0.003445
1620662594.004565 9.888303 0.003445
1620662594.103565 9.888196 0.003446
1620662594.169565 9.887918 0.003446
1620662594.235565 9.887740 0.003446
1620662594.301565 9.887875 0.003446
1620662594.400565 9.887838 0.003446
1620662594.499566 9.887748 0.003447
1620662594.598566 9.887599 0.003444
1620662594.664566 9.887575 0.003446
1620662594.763566 9.887439 0.003446
1620662594.862567 9.887716 0.003445
1620662594.961567 9.887512 0.003446
1620662595.060567 9.887599 0.003446
1620662595.159567 9.887520 0.003447
1620662595.225568 9.887414 0.003445
1620662595.324568 9.887325 0.003446
1620662595.423568 9.887051 0.003444
1620662595.522568 9.887128 0.003445
1620662595.621568 9.886975 0.003445
1620662595.720569 9.887145 0.003446
1620662595.819569 9.887110 0.003446
1620662595.918569 9.887081 0.003446
1620662596.017569 9.886921 0.003446
1620662596.116570 9.886927 0.003446
1620662596.215570 9.886856 0.003446
1620662596.314570 9.886774 0.003446
1620662596.413570 9.886851 0.003446
1620662596.512571 9.886707 0.003446
1620662596.611571 9.886780 0.003445
1620662596.710571 9.887102 0.003436
1620662596.809571 9.886641 0.003445
1620662596.908571 9.886708 0.003446
1620662597.007572 9.886641 0.003445
1620662597.106572 9.886432 0.003445
1620662597.205572 9.886458 0.003446
1620662597.304572 9.886394 0.003446
1620662597.403573 9.886354 0.003446
1620662597.502573 9.886415 0.003446
1620662597.601573 9.886397 0.003446
1620662597.667573 9.886236 0.003444
1620662597.733573 9.886394 0.003446
1620662597.799573 9.886632 0.003446
1620662597.865574 9.886618 0.003446
1620662597.931574 9.886443 0.003446
1620662597.997574 9.886338 0.003445
1620662598.063574 9.886260 0.003444
1620662598.129574 9.886389 0.003446
1620662598.195575 9.886534 0.003446
1620662598.261575 9.886478 0.003446
1620662598.327575 9.886373 0.003445
1620662598.426575 9.886453 0.003446
1620662598.525575 9.886840 0.003444
1620662598.624576 9.886808 0.003445
1620662598.723576 9.886690 0.003445
1620662598.822576 9.886645 0.003445
1620662598.921576 9.886632 0.003446
1620662599.020576 9.886544 0.003445
1620662599.119577 9.886691 0.003446
1620662599.218577 9.886871 0.003444
1620662599.350577 9.887117 0.003445
1620662599.449578 9.886943 0.003446
1620662599.548578 9.887569 0.003446
1620662599.647578 9.887667 0.003445
1620662599.746578 9.887711 0.003444
1620662599.845578 9.887566 0.003445
1620662599.911579 9.887325 0.003446
1620662599.977579 9.887513 0.003445
1620662600.043579 9.887595 0.003445
1620662600.109579 9.887964 0.003444
1620662600.175579 9.888221 0.003445
1620662600.241580 9.888275 0.003445
1620662600.307580 9.888302 0.003444
1620662600.373580 9.888777 0.003445
1620662600.439580 9.889342 0.003438
1620662600.505580 9.887988 0.003445
1620662600.571580 9.888210 0.003444
1620662600.637580 9.888439 0.003446
1620662600.703581 9.888478 0.003444
1620662600.769581 9.888499 0.003445
1620662600.835581 9.888475 0.003444
1620662600.901581 9.888473 0.003442
1620662600.967581 9.888465 0.003441
1620662601.033581 9.888502 0.003444
1620662601.099581 9.888289 0.003445
1620662601.165581 9.888195 0.003443
1620662601.264582 9.888092 0.003445
1620662601.363582 9.888262 0.003445
1620662601.462582 9.888480 0.003445
1620662601.528582 9.888274 0.003445
1620662601.627583 9.888703 0.003442
1620662601.726583 9.889406 0.003444
1620662601.825583 9.889120 0.003445
1620662601.891583 9.888260 0.003445
1620662601.957584 9.887719 0.003443
1620662602.023584 9.888011 0.003445
1620662602.089584 9.887905 0.003444
1620662602.155584 9.888360 0.003444
1620662602.221584 9.888133 0.003443
1620662602.287584 9.887991 0.003445
1620662602.353584 9.887518 0.003445
1620662602.419585 9.887570 0.003445
1620662602.485585 9.887922 0.003445
1620662602.584585 9.888273 0.003445
1620662602.683585 9.888634 0.003444
1620662602.782586 9.888969 0.003444
1620662602.848586 9.888807 0.003444
1620662602.914586 9.888091 0.003445
1620662603.013586 9.888174 0.003444
1620662603.112586 9.888466 0.003445
1620662603.211586 9.888650 0.003445
1620662603.310587 9.888747 0.003441
1620662603.376587 9.888806 0.003444
1620662603.475587 9.889009 0.003443
1620662603.607588 9.889321 0.003444
1620662603.706588 9.889007 0.003441
1620662603.772588 9.888867 0.003439
1620662603.838588 9.889116 0.003437
1620662603.904588 9.888656 0.003443
1620662603.970588 9.889027 0.003443
1620662604.069589 9.889916 0.003445
1620662604.168589 9.889866 0.003443
1620662604.267589 9.890548 0.003443
1620662604.333589 9.890170 0.003443
1620662604.432590 9.890433 0.003444
1620662604.498590 9.890511 0.003443
1620662604.597590 9.890674 0.003445
1620662604.696590 9.890883 0.003444
1620662604.795590 9.891162 0.003443
1620662604.894591 9.891352 0.003444
1620662604.993591 9.891562 0.003442
1620662605.092591 9.891933 0.003440
1620662605.158591 9.891795 0.003445
1620662605.224591 9.891740 0.003444
1620662605.290591 9.891700 0.003444
1620662605.356592 9.891982 0.003443
1620662605.422592 9.891773 0.003443
1620662605.488592 9.891764 0.003442
1620662605.587592 9.891880 0.003442
1620662605.686593 9.891927 0.003445
1620662605.785593 9.891592 0.003445
1620662605.884593 9.891806 0.003442
1620662605.983593 9.891750 0.003444
1620662606.082593 9.891696 0.003443
1620662606.181594 9.892061 0.003444
1620662606.280594 9.892089 0.003444
1620662606.379594 9.892013 0.003442
1620662606.478594 9.892198 0.003443
1620662606.610595 9.892334 0.003444
1620662606.742595 9.891670 0.003444
1620662606.874595 9.891620 0.003443
1620662607.006596 9.891228 0.003445
1620662607.138596 9.891680 0.003444
1620662607.237596 9.891776 0.003445
1620662607.336596 9.892480 0.003444
1620662607.435596 9.891965 0.003445
1620662607.534597 9.892167 0.003444
1620662607.666597 9.891610 0.003444
1620662607.765597 9.891927 0.003442
1620662607.897598 9.892726 0.003442
1620662608.029598 9.892707 0.003443
1620662608.161598 9.891977 0.003444
1620662608.293599 9.891210 0.003444
1620662608.425599 9.891176 0.003443
1620662608.557599 9.890167 0.003445
1620662608.656600 9.891696 0.003444
1620662608.788600 9.891474 0.003444
1620662608.887600 9.891155 0.003445
1620662609.019600 9.891555 0.003443
1620662609.118601 9.892067 0.003441
1620662609.250601 9.891559 0.003443
1620662609.382601 9.891667 0.003444
1620662609.514601 9.891981 0.003444
1620662609.646602 9.891695 0.003444
1620662609.778602 9.892026 0.003444
1620662609.910603 9.891595 0.003444
1620662610.075603 9.891707 0.003444
1620662610.207603 9.892304 0.003444
1620662610.339603 9.892704 0.003442
1620662610.438604 9.892900 0.003442
1620662610.537604 9.893312 0.003440
1620662610.669604 9.893580 0.003444
1620662610.834605 9.893884 0.003444
1620662610.966605 9.894423 0.003444
1620662611.098605 9.895216 0.003444
1620662611.230606 9.896272 0.003442
1620662611.395606 9.897121 0.003443
1620662611.560606 9.898124 0.003442
1620662611.758607 9.899991 0.003443
1620662611.956608 9.901562 0.003444
1620662612.154608 9.903237 0.003444
1620662612.385608 9.904902 0.003443
1620662612.649609 9.906009 0.003444
1620662612.847610 9.907523 0.003442
1620662613.144610 9.908481 0.003443
1620662613.474611 9.909628 0.003443
1620662613.771612 9.909850 0.003443
1620662614.035612 9.910641 0.003442
1620662614.299613 9.910652 0.003443
1620662614.530613 9.910813 0.003442
1620662614.761614 9.911029 0.003443
1620662614.992615 9.910774 0.003442
1620662615.223615 9.910540 0.003443
1620662615.421616 9.910152 0.003441
1620662615.619616 9.909943 0.003440
1620662615.817616 9.909528 0.003440
1620662615.982617 9.909164 0.003441
1620662616.147617 9.909027 0.003441
1620662616.312618 9.908037 0.003435
1620662616.477618 9.908010 0.003429
1620662616.642618 9.908327 0.003426
1620662616.807619 9.907827 0.003442
1620662616.939619 9.907645 0.003440
1620662617.071620 9.907668 0.003437
1620662617.236620 9.907544 0.003433
1620662617.401620 9.906965 0.003436
1620662617.566621 9.906773 0.003437
1620662617.731621 9.907081 0.003440
1620662617.896621 9.907332 0.003439
1620662618.061622 9.907147 0.003440
1620662618.259622 9.907046 0.003437
1620662618.490623 9.907219 0.003437
1620662618.721623 9.906940 0.003438
1620662618.985624 9.906193 0.003437
1620662619.216624 9.906020 0.003436
1620662619.414625 9.906193 0.003436
1620662619.579625 9.905911 0.003435
1620662619.744626 9.905381 0.003435
1620662619.876626 9.905559 0.003432
1620662620.041626 9.905572 0.003434
1620662620.206627 9.905587 0.003430
1620662620.338627 9.904738 0.003434
1620662620.470627 9.904943 0.003432
1620662620.602628 9.905676 0.003429
1620662620.734628 9.906004 0.003433
1620662620.866628 9.906274 0.003433
1620662621.031629 9.906430 0.003433
1620662621.163629 9.906307 0.003432
1620662621.394630 9.906551 0.003431
1620662621.592630 9.906934 0.003430
1620662621.757630 9.906791 0.003431
1620662621.889631 9.907130 0.003430
1620662622.021631 9.906926 0.003430
1620662622.153631 9.907587 0.003429
1620662622.285632 9.907646 0.003431
1620662622.450632 9.907551 0.003430
1620662622.582633 9.907661 0.003430
1620662622.714633 9.907422 0.003428
1620662622.879633 9.907273 0.003429
1620662623.011633 9.907426 0.003428
1620662623.176634 9.907365 0.003429
1620662623.341634 9.907269 0.003429
1620662623.506634 9.907151 0.003425
1620662623.671635 9.907288 0.003429
1620662623.803635 9.907505 0.003425
1620662623.935636 9.907496 0.003428
1620662624.067636 9.907655 0.003428
1620662624.199636 9.907587 0.003425
1620662624.364637 9.907882 0.003428
1620662624.562637 9.908182 0.003427
1620662624.760638 9.908546 0.003427
1620662624.958638 9.908855 0.003428
1620662625.123639 9.909305 0.003426
1620662625.288639 9.909633 0.003427
1620662625.420639 9.909707 0.003427
1620662625.552639 9.909859 0.003426
1620662625.717640 9.909972 0.003423
1620662625.882640 9.910141 0.003427
1620662626.047641 9.910153 0.003424
1620662626.212641 9.910082 0.003427
1620662626.344641 9.910204 0.003426
1620662626.476642 9.910380 0.003426
1620662626.608642 9.910794 0.003425
1620662626.740642 9.910810 0.003427
1620662626.872643 9.910673 0.003426
1620662626.971643 9.910896 0.003425
1620662627.070643 9.910900 0.003426
1620662627.169643 9.910416 0.003423
1620662627.301644 9.910561 0.003425
1620662627.433644 9.910406 0.003426
1620662627.565644 9.910539 0.003426
1620662627.697644 9.910400 0.003420
1620662627.829645 9.910461 0.003426
1620662627.928645 9.910607 0.003426
1620662628.027645 9.910490 0.003421
1620662628.126646 9.910326 0.003426
1620662628.258646 9.910232 0.003423
1620662628.357646 9.910370 0.003425
1620662628.489647 9.910613 0.003425
1620662628.621647 9.910592 0.003426
1620662628.753647 9.910355 0.003423
1620662628.885647 9.910443 0.003426
1620662629.017648 9.910638 0.003425
1620662629.149648 9.910494 0.003425
1620662629.281648 9.910356 0.003424
1620662629.446649 9.910174 0.003425
1620662629.578649 9.909977 0.003422
1620662629.710649 9.909962 0.003423
1620662629.875650 9.910185 0.003422
1620662630.007650 9.910357 0.003422
1620662630.106650 9.910253 0.003425
1620662630.205651 9.910224 0.003425
1620662630.304651 9.910099 0.003424
1620662630.403651 9.909871 0.003425
1620662630.502651 9.910089 0.003424
1620662630.601651 9.910161 0.003425
1620662630.733652 9.910452 0.003424
1620662630.865652 9.910484 0.003425
1620662630.997653 9.910504 0.003425
1620662631.129653 9.910429 0.003425
1620662631.261653 9.910399 0.003420
1620662631.393653 9.910563 0.003424
1620662631.525654 9.910413 0.003424
1620662631.624654 9.910549 0.003421
1620662631.723654 9.910390 0.003419
1620662631.855655 9.910457 0.003418
1620662631.987655 9.910324 0.003424
1620662632.086655 9.910076 0.003418
1620662632.218656 9.910047 0.003424
1620662632.350656 9.909900 0.003422
1620662632.482656 9.909833 0.003424
1620662632.614656 9.909742 0.003423
1620662632.746657 9.909676 0.003423
1620662632.878657 9.909657 0.003424
1620662633.043658 9.909761 0.003421
1620662633.208658 9.909669 0.003425
1620662633.373658 9.909770 0.003424
1620662633.505658 9.909988 0.003417
1620662633.637659 9.909980 0.003422
1620662633.736659 9.909927 0.003418
1620662633.835659 9.910217 0.003424
1620662633.967659 9.910445 0.003425
1620662634.165660 9.910909 0.003414
1620662634.363661 9.910998 0.003424
1620662634.528661 9.911190 0.003424
1620662634.693661 9.911400 0.003424
1620662634.858662 9.911463 0.003424
1620662634.990662 9.911444 0.003425
1620662635.155662 9.911514 0.003424
1620662635.287663 9.911518 0.003424
1620662635.419663 9.911468 0.003424
1620662635.617663 9.911514 0.003425
1620662635.782664 9.911782 0.003425
1620662635.914664 9.911712 0.003422
1620662636.079665 9.911817 0.003423
1620662636.277665 9.911856 0.003421
1620662636.475665 9.911654 0.003423
1620662636.673666 9.911543 0.003425
1620662636.904667 9.911299 0.003424
1620662637.135667 9.911011 0.003423
1620662637.366668 9.910937 0.003422
1620662637.564668 9.910740 0.003421
1620662637.729669 9.910752 0.003418
1620662637.927669 9.910825 0.003418
1620662638.158669 9.910725 0.003425
1620662638.356670 9.910421 0.003424
1620662638.554670 9.910333 0.003423
1620662638.818671 9.910187 0.003424
1620662639.016671 9.910106 0.003424
1620662639.181672 9.910052 0.003423
1620662639.346672 9.909882 0.003424
1620662639.511673 9.909796 0.003423
1620662639.709673 9.909689 0.003424
1620662639.907674 9.909767 0.003424
1620662640.105674 9.909425 0.003424
1620662640.270674 9.909402 0.003424
1620662640.435675 9.909332 0.003419
1620662640.600675 9.909128 0.003422
1620662640.732676 9.909303 0.003408
1620662640.897676 9.909042 0.003424
1620662641.062676 9.908875 0.003413
1620662641.194677 9.909275 0.003409
1620662641.326677 9.909168 0.003421
1620662641.458677 9.909040 0.003423
1620662641.590678 9.908998 0.003421
1620662641.722678 9.908968 0.003423
1620662641.821678 9.908995 0.003420
1620662641.920678 9.908944 0.003419
1620662642.052679 9.908527 0.003401
1620662642.184679 9.909350 0.003422
1620662642.283679 9.909519 0.003422
1620662642.415680 9.909504 0.003424
1620662642.547680 9.909718 0.003417
1620662642.679680 9.909754 0.003422
1620662642.811681 9.909413 0.003422
1620662642.943681 9.908827 0.003424
1620662643.075681 9.908572 0.003423
1620662643.207681 9.908964 0.003423
1620662643.339682 9.908604 0.003422
1620662643.471682 9.908480 0.003423
1620662643.603683 9.908457 0.003423
1620662643.768683 9.908778 0.003422
1620662643.900683 9.908663 0.003423
1620662644.032684 9.908404 0.003423
1620662644.164684 9.908618 0.003422
1620662644.296684 9.908802 0.003423
1620662644.395684 9.909030 0.003423
1620662644.494685 9.908712 0.003422
1620662644.593685 9.908506 0.003423
1620662644.692685 9.908253 0.003423
1620662644.791685 9.908196 0.003423
1620662644.890686 9.908347 0.003423
1620662644.956686 9.908431 0.003423
1620662645.022686 9.908321 0.003423
1620662645.121686 9.908185 0.003422
1620662645.253686 9.908046 0.003421
1620662645.385687 9.907974 0.003423
1620662645.517687 9.907720 0.003422
1620662645.649687 9.907762 0.003421
1620662645.781687 9.907460 0.003421
1620662645.880688 9.907324 0.003422
1620662645.979688 9.907534 0.003422
1620662646.045688 9.907438 0.003422
1620662646.144688 9.907431 0.003420
1620662646.243689 9.907226 0.003422
1620662646.342689 9.907270 0.003422
1620662646.408689 9.907107 0.003422
1620662646.474689 9.906957 0.003421
1620662646.540689 9.906968 0.003419
1620662646.606689 9.906833 0.003422
1620662646.705690 9.907033 0.003422
1620662646.837690 9.906847 0.003422
1620662646.969690 9.906684 0.003417
1620662647.101691 9.906451 0.003421
1620662647.233691 9.906276 0.003420
1620662647.332691 9.906171 0.003421
1620662647.431691 9.906139 0.003421
1620662647.497692 9.905892 0.003420
1620662647.596692 9.905770 0.003421
1620662647.662692 9.905602 0.003420
1620662647.761693 9.905340 0.003421
1620662647.827693 9.905251 0.003421
1620662647.893693 9.905125 0.003418
1620662647.992693 9.905202 0.003421
1620662648.091693 9.905130 0.003420
1620662648.256693 9.904881 0.003421
1620662648.355694 9.904796 0.003421
1620662648.454694 9.904832 0.003421
1620662648.520694 9.904866 0.003420
1620662648.586694 9.904720 0.003421
1620662648.652694 9.904740 0.003421
1620662648.718694 9.904631 0.003421
1620662648.784694 9.904439 0.003420
1620662648.883695 9.904292 0.003421
1620662648.982695 9.904125 0.003422
1620662649.048695 9.904146 0.003416
1620662649.114695 9.903975 0.003420
1620662649.180696 9.904111 0.003421
1620662649.246696 9.904022 0.003420
1620662649.312696 9.903941 0.003417
1620662649.378696 9.903981 0.003420
1620662649.444696 9.903743 0.003421
1620662649.510696 9.903701 0.003419
1620662649.576697 9.903563 0.003421
1620662649.642697 9.903466 0.003421
1620662649.708697 9.903367 0.003421
1620662649.774697 9.903312 0.003421
1620662649.840697 9.903253 0.003421
1620662649.906697 9.903348 0.003420
1620662649.972697 9.903266 0.003421
1620662650.038697 9.902993 0.003421
1620662650.104698 9.902992 0.003420
1620662650.170698 9.902623 0.003421
1620662650.236698 9.902399 0.003420
1620662650.335698 9.902129 0.003421
1620662650.401698 9.901954 0.003421
1620662650.467698 9.901797 0.003420
1620662650.533699 9.901754 0.003421
1620662650.599699 9.901589 0.003420
1620662650.665699 9.901507 0.003418
1620662650.731699 9.901382 0.003420
1620662650.797699 9.901377 0.003421
1620662650.896700 9.901156 0.003421
1620662651.028700 9.900864 0.003421
1620662651.127700 9.900597 0.003421
1620662651.226700 9.900543 0.003421
1620662651.325701 9.900327 0.003420
1620662651.424701 9.900259 0.003420
1620662651.523701 9.900166 0.003421
1620662651.622701 9.900046 0.003420
1620662651.721702 9.899830 0.003421
1620662651.820702 9.899606 0.003420
1620662651.919702 9.899402 0.003421
1620662652.018702 9.899192 0.003420
1620662652.117702 9.898878 0.003421
1620662652.216703 9.898659 0.003420
1620662652.315703 9.898350 0.003421
1620662652.414703 9.898176 0.003421
1620662652.513703 9.898028 0.003420
1620662652.612704 9.897961 0.003420
1620662652.678704 9.898016 0.003420
1620662652.744704 9.897720 0.003421
1620662652.810704 9.897719 0.003421
1620662652.876704 9.897629 0.003421
1620662652.942704 9.897375 0.003420
1620662653.008704 9.897380 0.003419
1620662653.107705 9.897218 0.003421
1620662653.173705 9.897082 0.003419
1620662653.239705 9.897060 0.003421
1620662653.305705 9.896977 0.003421
1620662653.371705 9.897088 0.003421
1620662653.437706 9.897100 0.003420
1620662653.503706 9.896979 0.003421
1620662653.602706 9.896665 0.003420
1620662653.701706 9.896368 0.003421
1620662653.800707 9.896163 0.003419
1620662653.866707 9.895776 0.003420
1620662653.932707 9.895599 0.003418
1620662653.998707 9.895677 0.003419
1620662654.064707 9.895647 0.003420
1620662654.163707 9.895602 0.003420
1620662654.262707 9.895493 0.003421
1620662654.361708 9.895262 0.003421
1620662654.460708 9.895056 0.003421
1620662654.559708 9.894779 0.003421
1620662654.658709 9.894502 0.003420
1620662654.757709 9.894136 0.003420
1620662654.856709 9.893928 0.003420
1620662654.988709 9.893797 0.003420
1620662655.120710 9.893318 0.003420
1620662655.252710 9.893099 0.003420
1620662655.417710 9.892185 0.003419
1620662655.582711 9.891880 0.003419
1620662655.747711 9.891380 0.003420
1620662655.912711 9.890657 0.003420
1620662656.077712 9.890057 0.003419
1620662656.242712 9.889383 0.003420
1620662656.407713 9.888933 0.003420
1620662656.572713 9.887996 0.003420
1620662656.737713 9.887532 0.003418
1620662656.902714 9.886775 0.003420
1620662657.067714 9.885879 0.003420
1620662657.199715 9.885589 0.003420
1620662657.364715 9.885458 0.003420
1620662657.529716 9.885130 0.003419
1620662657.661716 9.885245 0.003419
1620662657.793716 9.885078 0.003420
1620662657.925716 9.884894 0.003420
1620662658.090717 9.885148 0.003420
1620662658.255717 9.885269 0.003420
1620662658.387717 9.885253 0.003420
1620662658.519718 9.884973 0.003417
1620662658.651718 9.885158 0.003420
1620662658.783718 9.885220 0.003420
1620662658.882719 9.884936 0.003420
1620662658.981719 9.884994 0.003420
1620662659.080719 9.885000 0.003419
1620662659.179719 9.884940 0.003420
1620662659.278720 9.885079 0.003420
1620662659.377720 9.885011 0.003419
1620662659.476720 9.884968 0.003419
1620662659.575721 9.885077 0.003419
1620662659.674721 9.885007 0.003419
1620662659.773721 9.884936 0.003419
1620662659.872721 9.884847 0.003420
1620662659.971721 9.884945 0.003420
1620662660.070722 9.884868 0.003419
1620662660.169722 9.884993 0.003420
1620662660.268722 9.884929 0.003419
1620662660.367722 9.884893 0.003419
1620662660.466722 9.884971 0.003420
1620662660.565723 9.885000 0.003419
1620662660.664723 9.884965 0.003420
1620662660.763723 9.884919 0.003420
1620662660.862723 9.884803 0.003419
1620662660.961724 9.884841 0.003420
1620662661.060724 9.884859 0.003419
1620662661.159724 9.884768 0.003418
1620662661.258724 9.885026 0.003420
1620662661.357725 9.884963 0.003419
1620662661.456725 9.885039 0.003419
1620662661.555725 9.885117 0.003420
1620662661.654725 9.885193 0.003420
1620662661.753726 9.885178 0.003419
1620662661.852726 9.885126 0.003419
1620662661.951726 9.885122 0.003420
1620662662.050726 9.885043 0.003420
1620662662.149726 9.885035 0.003419
1620662662.248727 9.884942 0.003420
1620662662.347727 9.884913 0.003420
1620662662.446727 9.884960 0.003418
1620662662.545727 9.884948 0.003418
1620662662.644727 9.885201 0.003420
1620662662.743728 9.885071 0.003420
1620662662.842728 9.884986 0.003419
1620662662.941728 9.884937 0.003420
1620662663.040729 9.885381 0.003419
1620662663.139729 9.885945 0.003415
1620662663.238729 9.885187 0.003416
1620662663.337729 9.885105 0.003419
1620662663.436730 9.885010 0.003420
1620662663.535730 9.884936 0.003420
1620662663.634730 9.884687 0.003419
1620662663.733730 9.884826 0.003420
1620662663.832730 9.884725 0.003420
1620662663.931731 9.884837 0.003420
1620662663.997731 9.884867 0.003420
1620662664.096731 9.885109 0.003420
1620662664.195731 9.885122 0.003420
1620662664.294732 9.885025 0.003420
1620662664.393732 9.884818 0.003420
1620662664.492732 9.884552 0.003420
1620662664.591732 9.884535 0.003420
1620662664.690732 9.884842 0.003420
1620662664.822733 9.884588 0.003420
1620662664.954733 9.884610 0.003420
1620662665.086733 9.884026 0.003420
1620662665.218734 9.883046 0.003420
1620662665.350734 9.880846 0.003420
1620662665.482734 9.881830 0.003420
1620662665.647735 9.882602 0.003420
1620662665.812735 9.882358 0.003420
1620662665.977736 9.881711 0.003420
1620662666.208736 9.883107 0.003420
1620662666.439737 9.877764 0.003420
1620662666.670737 9.878023 0.003420
1620662666.901738 9.877171 0.003420
1620662667.099738 9.876035 0.003420
1620662667.297739 9.875735 0.003420
1620662667.528739 9.874179 0.003420
1620662667.759740 9.872785 0.003419
1620662667.957740 9.871737 0.003420
1620662668.155741 9.870994 0.003420
1620662668.353741 9.869809 0.003420
1620662668.518742 9.868556 0.003420
1620662668.683742 9.868182 0.003420
1620662668.881742 9.866867 0.003420
1620662669.046743 9.865575 0.003420
1620662669.211743 9.860145 0.003408
1620662669.376744 9.861050 0.003418
1620662669.541744 9.861748 0.003417
1620662669.706744 9.858348 0.003409
1620662669.871745 9.859432 0.003416
1620662670.036745 9.859588 0.003417
1620662670.168746 9.859754 0.003418
1620662670.300746 9.859526 0.003417
1620662670.432746 9.858091 0.003417
1620662670.564746 9.858154 0.003418
1620662670.696747 9.857292 0.003420
1620662670.828747 9.856775 0.003418
1620662670.960747 9.855501 0.003418
1620662671.092748 9.855764 0.003420
1620662671.224748 9.855120 0.003420
1620662671.356748 9.855017 0.003420
1620662671.488749 9.854859 0.003420
1620662671.620749 9.854687 0.003420
1620662671.785749 9.854440 0.003420
1620662671.917749 9.854426 0.003420
1620662672.082750 9.854287 0.003420
1620662672.247750 9.854448 0.003420
1620662672.379751 9.854433 0.003420
1620662672.544751 9.853171 0.003420
1620662672.676751 9.853650 0.003420
1620662672.808752 9.853351 0.003420
1620662672.940752 9.853866 0.003420
1620662673.039752 9.852781 0.003398
1620662673.138752 9.852574 0.003419
1620662673.237753 9.852126 0.003415
1620662673.336753 9.851793 0.003414
1620662673.435753 9.852156 0.003419
1620662673.534754 9.851403 0.003417
1620662673.633754 9.851621 0.003420
1620662673.732754 9.851746 0.003419
1620662673.831754 9.851866 0.003419
1620662673.930754 9.851786 0.003420
1620662674.062755 9.851877 0.003419
1620662674.194755 9.851004 0.003418
1620662674.293755 9.850573 0.003417
1620662674.425756 9.850283 0.003419
1620662674.557756 9.849835 0.003418
1620662674.656756 9.848955 0.003419
1620662674.788756 9.849280 0.003419
1620662674.887757 9.851270 0.003419
1620662674.986757 9.851164 0.003419
1620662675.085757 9.850969 0.003419
1620662675.184757 9.850741 0.003419
1620662675.283758 9.849784 0.003418
1620662675.415758 9.849192 0.003419
1620662675.547758 9.848814 0.003419
1620662675.646758 9.848814 0.003419
1620662675.745759 9.848526 0.003416
1620662675.844759 9.848874 0.003419
1620662675.943759 9.848664 0.003418
1620662676.042759 9.848371 0.003419
1620662676.141760 9.847986 0.003420
1620662676.273760 9.848049 0.003419
1620662676.405760 9.847752 0.003419
1620662676.537760 9.847600 0.003419
1620662676.636761 9.847495 0.003419
1620662676.735761 9.847050 0.003419
1620662676.834761 9.846520 0.003419
1620662676.933762 9.846834 0.003419
1620662677.032762 9.847209 0.003419
1620662677.131762 9.846966 0.003418
1620662677.230762 9.846613 0.003418
1620662677.296762 9.846665 0.003418
1620662677.395763 9.846618 0.003418
1620662677.494763 9.846432 0.003417
1620662677.593763 9.846064 0.003419
1620662677.692763 9.845938 0.003419
1620662677.791764 9.845748 0.003418
1620662677.857764 9.845547 0.003418
1620662677.923764 9.845468 0.003419
1620662677.989764 9.845785 0.003419
1620662678.055764 9.845196 0.003419
1620662678.121764 9.845188 0.003419
1620662678.187764 9.845233 0.003418
1620662678.253765 9.844906 0.003418
1620662678.319765 9.845348 0.003419
1620662678.385765 9.845628 0.003417
1620662678.451765 9.845920 0.003419
1620662678.517765 9.845795 0.003418
1620662678.583766 9.845743 0.003418
1620662678.649766 9.845812 0.003419
1620662678.715766 9.845000 0.003417
1620662678.781766 9.844724 0.003417
1620662678.847766 9.845110 0.003418
1620662678.913766 9.845212 0.003418
1620662678.979767 9.845106 0.003419
1620662679.078767 9.845485 0.003418
1620662679.144767 9.845003 0.003418
1620662679.210767 9.845044 0.003418
1620662679.276767 9.844972 0.003418
1620662679.342767 9.845308 0.003418
1620662679.408767 9.844870 0.003418
1620662679.507768 9.844811 0.003417
1620662679.639768 9.845377 0.003418
1620662679.738768 9.845074 0.003419
1620662679.870769 9.845095 0.003419
1620662679.969769 9.845089 0.003418
1620662680.068769 9.844878 0.003418
1620662680.167769 9.844812 0.003418
1620662680.266769 9.845063 0.003410
1620662680.365770 9.845052 0.003416
1620662680.464770 9.845038 0.003418
1620662680.563770 9.844997 0.003418
1620662680.662771 9.844847 0.003418
1620662680.728770 9.845256 0.003418
1620662680.794771 9.845429 0.003418
1620662680.860771 9.845819 0.003418
1620662680.926771 9.845894 0.003418
1620662680.992771 9.845099 0.003418
1620662681.058771 9.844641 0.003417
1620662681.124772 9.845337 0.003417
1620662681.190772 9.845872 0.003418
1620662681.256772 9.845690 0.003418
1620662681.322772 9.845726 0.003418
1620662681.388772 9.845399 0.003418
1620662681.454772 9.845418 0.003418
1620662681.520772 9.845119 0.003418
1620662681.586773 9.845268 0.003416
1620662681.652773 9.845645 0.003417
1620662681.718773 9.845535 0.003417
1620662681.817773 9.845758 0.003418
1620662681.883773 9.845919 0.003415
1620662681.949774 9.845870 0.003417
1620662682.015774 9.845283 0.003418
1620662682.081774 9.845545 0.003417
1620662682.147774 9.845993 0.003418
1620662682.213774 9.845631 0.003418
1620662682.312774 9.845923 0.003418
1620662682.411775 9.845783 0.003418
1620662682.510775 9.846137 0.003418
1620662682.609775 9.845285 0.003418
1620662682.675775 9.845707 0.003418
1620662682.741775 9.845824 0.003417
1620662682.807775 9.846110 0.003416
1620662682.873776 9.845898 0.003418
1620662682.939776 9.845809 0.003418
1620662683.005776 9.844987 0.003418
1620662683.071776 9.844923 0.003418
1620662683.170776 9.844721 0.003418
1620662683.269777 9.844879 0.003417
1620662683.368777 9.845427 0.003418
1620662683.467777 9.845139 0.003418
1620662683.566777 9.845342 0.003418
1620662683.698778 9.845531 0.003418
1620662683.797778 9.845350 0.003418
1620662683.896778 9.845624 0.003418
1620662684.028779 9.845106 0.003418
1620662684.127779 9.845336 0.003418
1620662684.226779 9.845289 0.003417
1620662684.292779 9.845733 0.003418
1620662684.358779 9.845410 0.003417
1620662684.424779 9.845431 0.003418
1620662684.490780 9.845843 0.003418
1620662684.556780 9.845902 0.003418
1620662684.622780 9.845909 0.003415
1620662684.688780 9.846268 0.003418
1620662684.754780 9.846657 0.003418
1620662684.853781 9.846504 0.003418
1620662684.952780 9.846618 0.003417
1620662685.051781 9.846808 0.003417
1620662685.150781 9.847024 0.003417
1620662685.282781 9.846588 0.003418
1620662685.414782 9.846659 0.003418
1620662685.513782 9.846536 0.003418
1620662685.612782 9.846733 0.003417
1620662685.744783 9.847320 0.003418
1620662685.876783 9.847372 0.003418
1620662685.975783 9.847498 0.003418
1620662686.074783 9.847740 0.003418
1620662686.206784 9.847780 0.003418
1620662686.338784 9.848060 0.003418
1620662686.470784 9.847569 0.003418
1620662686.602784 9.847554 0.003418
1620662686.734785 9.847364 0.003417
1620662686.899785 9.847451 0.003418
1620662687.031785 9.845890 0.003418
1620662687.130785 9.845553 0.003417
1620662687.229786 9.846976 0.003412
1620662687.328786 9.846202 0.003416
1620662687.427786 9.846468 0.003418
1620662687.526787 9.845846 0.003417
1620662687.625787 9.845724 0.003417
1620662687.724787 9.845516 0.003414
1620662687.823787 9.845578 0.003416
1620662687.922788 9.845813 0.003418
1620662688.054788 9.846094 0.003416
1620662688.153788 9.846481 0.003418
1620662688.252788 9.846644 0.003417
1620662688.351789 9.847193 0.003417
1620662688.483789 9.847385 0.003416
1620662688.582789 9.847496 0.003417
1620662688.681789 9.847337 0.003418
1620662688.780790 9.847113 0.003418
1620662688.912790 9.847531 0.003418
1620662689.011790 9.847454 0.003415
1620662689.110790 9.847766 0.003418
1620662689.209790 9.847733 0.003415
1620662689.275791 9.848152 0.003417
1620662689.341791 9.847930 0.003418
1620662689.407791 9.848263 0.003417
1620662689.473791 9.848453 0.003418
1620662689.572791 9.848434 0.003414
1620662689.671792 9.848693 0.003418
1620662689.770792 9.849053 0.003418
1620662689.902792 9.849000 0.003416
1620662690.001792 9.849212 0.003418
1620662690.067793 9.849220 0.003415
1620662690.166793 9.849532 0.003416
1620662690.232793 9.849657 0.003417
1620662690.298793 9.849142 0.003417
1620662690.364793 9.849039 0.003417
1620662690.430794 9.849038 0.003417
1620662690.496794 9.849292 0.003418
1620662690.562794 9.849257 0.003416
1620662690.628794 9.849245 0.003417
1620662690.694794 9.849426 0.003414
1620662690.793794 9.849730 0.003418
1620662690.892795 9.849744 0.003418
1620662690.991795 9.849606 0.003418
1620662691.090795 9.850672 0.003416
1620662691.156795 9.850887 0.003418
1620662691.222795 9.851252 0.003417
1620662691.288795 9.851274 0.003417
1620662691.354796 9.850828 0.003416
1620662691.420796 9.850964 0.003418
1620662691.486796 9.850736 0.003413
1620662691.552796 9.850435 0.003418
1620662691.618796 9.850230 0.003416
1620662691.684796 9.850169 0.003417
1620662691.783797 9.850075 0.003418
1620662691.882797 9.850308 0.003418
1620662691.981797 9.850575 0.003417
1620662692.047797 9.850492 0.003416
1620662692.146798 9.850855 0.003417
1620662692.245798 9.850881 0.003417
1620662692.344798 9.851065 0.003418
1620662692.443798 9.851185 0.003417
1620662692.542798 9.851299 0.003415
1620662692.608799 9.851190 0.003418
1620662692.674799 9.851038 0.003417
1620662692.740799 9.851439 0.003417
1620662692.806799 9.851702 0.003414
1620662692.872799 9.851948 0.003416
1620662692.938799 9.852379 0.003413
1620662693.004800 9.851652 0.003417
1620662693.070800 9.851551 0.003413
1620662693.136800 9.850818 0.003416
1620662693.235800 9.850793 0.003416
1620662693.334800 9.850392 0.003416
1620662693.433801 9.850117 0.003417
1620662693.532801 9.849663 0.003416
1620662693.598801 9.849999 0.003416
1620662693.697801 9.850525 0.003413
1620662693.796802 9.849870 0.003416
1620662693.895802 9.850219 0.003418
1620662693.994802 9.849949 0.003416
1620662694.093802 9.849162 0.003417
1620662694.192802 9.848970 0.003416
1620662694.291803 9.848743 0.003414
1620662694.390803 9.848756 0.003416
1620662694.489803 9.849147 0.003414
1620662694.588803 9.849324 0.003417
1620662694.753804 9.849984 0.003417
1620662694.918804 9.850697 0.003418
1620662695.083804 9.851590 0.003417
1620662695.347805 9.852913 0.003416
1620662695.677806 9.854358 0.003407
1620662695.974807 9.855897 0.003418
1620662696.304807 9.857080 0.003416
1620662696.634808 9.859863 0.003415
1620662696.964809 9.861577 0.003408
1620662697.228809 9.861754 0.003414
1620662697.459810 9.861774 0.003415
1620662697.657811 9.862017 0.003417
1620662697.855811 9.862139 0.003416
1620662698.020812 9.861739 0.003416
1620662698.185812 9.861095 0.003415
1620662698.350812 9.860674 0.003409
1620662698.515813 9.860159 0.003407
1620662698.647813 9.860898 0.003414
1620662698.779813 9.860730 0.003418
1620662698.911814 9.860588 0.003418
1620662699.043814 9.860399 0.003415
1620662699.175814 9.860274 0.003416
1620662699.307814 9.859751 0.003415
1620662699.439815 9.858596 0.003417
1620662699.571815 9.859271 0.003416
1620662699.670815 9.859209 0.003415
1620662699.769815 9.858922 0.003417
1620662699.901816 9.858873 0.003410
1620662700.000816 9.858658 0.003417
1620662700.099817 9.858726 0.003415
1620662700.198817 9.859073 0.003416
1620662700.297817 9.857639 0.003418
1620662700.396817 9.857043 0.003418
1620662700.495817 9.856714 0.003418
1620662700.594818 9.856756 0.003417
1620662700.693818 9.858389 0.003417
1620662700.792818 9.858652 0.003418
1620662700.891818 9.858764 0.003418
1620662700.990819 9.858793 0.003418
1620662701.089819 9.859124 0.003417
1620662701.188819 9.859150 0.003417
1620662701.287819 9.859598 0.003418
1620662701.386820 9.859421 0.003418
1620662701.485820 9.859839 0.003418
1620662701.617820 9.859681 0.003417
1620662701.749820 9.859571 0.003418
1620662701.848820 9.859207 0.003417
1620662701.947821 9.858693 0.003417
1620662702.046821 9.858926 0.003418
1620662702.145821 9.859082 0.003418
1620662702.244822 9.859020 0.003417
1620662702.343822 9.859126 0.003417
1620662702.475822 9.858648 0.003418
1620662702.607822 9.859607 0.003418
1620662702.739823 9.859756 0.003418
1620662702.838823 9.859722 0.003417
1620662702.937823 9.859995 0.003417
1620662703.036823 9.860054 0.003417
1620662703.135824 9.860138 0.003417
1620662703.234824 9.860063 0.003417
1620662703.333824 9.859932 0.003418
1620662703.432824 9.860068 0.003416
1620662703.531825 9.860227 0.003416
1620662703.597825 9.860243 0.003417
1620662703.663825 9.860289 0.003417
1620662703.729825 9.860276 0.003418
1620662703.795825 9.860429 0.003416
1620662703.861825 9.860947 0.003414
1620662703.960826 9.860678 0.003417
1620662704.059826 9.860398 0.003417
1620662704.158826 9.860088 0.003418
1620662704.257826 9.860195 0.003417
1620662704.356827 9.860727 0.003418
1620662704.455827 9.861053 0.003418
1620662704.554827 9.860810 0.003416
1620662704.653827 9.860996 0.003418
1620662704.752827 9.861202 0.003417
1620662704.851828 9.861352 0.003417
1620662704.950828 9.861893 0.003417
1620662705.049828 9.861937 0.003417
1620662705.148829 9.862013 0.003417
1620662705.247829 9.862118 0.003418
1620662705.346829 9.862130 0.003417
1620662705.445829 9.862242 0.003417
1620662705.544829 9.861859 0.003416
1620662705.643830 9.862149 0.003417
1620662705.742830 9.862778 0.003417
1620662705.841830 9.862386 0.003417
1620662705.907830 9.862767 0.003417
1620662705.973830 9.862590 0.003417
1620662706.039830 9.862793 0.003417
1620662706.105831 9.863281 0.003415
1620662706.171831 9.863230 0.003417
1620662706.237831 9.863356 0.003416
1620662706.303831 9.863184 0.003417
1620662706.369831 9.863008 0.003417
1620662706.435831 9.863122 0.003417
1620662706.501832 9.863371 0.003414
1620662706.600832 9.863481 0.003417
1620662706.699832 9.863525 0.003417
1620662706.798832 9.863538 0.003417
1620662706.897832 9.863370 0.003417
1620662706.996833 9.863245 0.003417
1620662707.062833 9.863174 0.003417
1620662707.161833 9.863416 0.003417
1620662707.260833 9.863432 0.003417
1620662707.392834 9.863384 0.003417
1620662707.491834 9.862447 0.003416
1620662707.623834 9.863275 0.003417
1620662707.755835 9.863226 0.003417
1620662707.887835 9.863300 0.003417
1620662708.019835 9.863498 0.003417
1620662708.118835 9.863803 0.003417
1620662708.217836 9.863495 0.003417
1620662708.316836 9.863572 0.003416
1620662708.415836 9.863641 0.003416
1620662708.514837 9.863677 0.003417
1620662708.613837 9.863609 0.003417
1620662708.712837 9.863814 0.003417
1620662708.811837 9.863896 0.003417
1620662708.910837 9.863912 0.003416
1620662709.009838 9.862925 0.003416
1620662709.108838 9.863123 0.003417
1620662709.207838 9.863246 0.003416
1620662709.306838 9.863729 0.003417
1620662709.405838 9.863847 0.003416
1620662709.504839 9.863977 0.003416
1620662709.603839 9.863797 0.003417
1620662709.702839 9.863926 0.003417
1620662709.801840 9.863391 0.003416
1620662709.933840 9.863951 0.003416
1620662710.065840 9.863858 0.003417
1620662710.164840 9.864260 0.003416
1620662710.296841 9.864375 0.003417
1620662710.395841 9.863947 0.003417
1620662710.494841 9.863443 0.003417
1620662710.593841 9.864356 0.003416
1620662710.692842 9.864365 0.003417
1620662710.791842 9.864348 0.003417
1620662710.890842 9.864137 0.003416
1620662710.989842 9.864345 0.003417
1620662711.088842 9.864472 0.003415
1620662711.187843 9.864544 0.003417
1620662711.286843 9.864093 0.003417
1620662711.385843 9.863825 0.003417
1620662711.517844 9.863711 0.003417
1620662711.616844 9.864513 0.003417
1620662711.715844 9.864406 0.003416
1620662711.814844 9.863857 0.003417
1620662711.913845 9.864368 0.003417
1620662712.012845 9.864424 0.003416
1620662712.111845 9.864449 0.003415
1620662712.210845 9.864534 0.003417
1620662712.309845 9.864501 0.003417
1620662712.408846 9.864668 0.003416
1620662712.507846 9.865415 0.003417
1620662712.606846 9.864952 0.003417
1620662712.705847 9.864170 0.003417
1620662712.804847 9.864618 0.003417
1620662712.936847 9.864657 0.003417
1620662713.035847 9.864859 0.003417
1620662713.134847 9.864829 0.003417
1620662713.233848 9.864593 0.003417
1620662713.332848 9.864761 0.003416
1620662713.431848 9.864863 0.003416
1620662713.530848 9.865246 0.003415
1620662713.629848 9.865366 0.003416
1620662713.728849 9.865111 0.003416
1620662713.860849 9.865000 0.003417
1620662713.992849 9.864654 0.003415
1620662714.124850 9.865071 0.003417
1620662714.256850 9.865165 0.003417
1620662714.388850 9.865477 0.003417
1620662714.487851 9.865858 0.003417
1620662714.586851 9.865832 0.003416
1620662714.685851 9.865304 0.003416
1620662714.784852 9.865381 0.003414
1620662714.883852 9.865774 0.003415
1620662714.982852 9.865452 0.003416
1620662715.114852 9.865580 0.003416
1620662715.246853 9.865357 0.003417
1620662715.378853 9.865602 0.003417
1620662715.510853 9.865326 0.003417
1620662715.642853 9.865538 0.003417
1620662715.774854 9.865723 0.003416
1620662715.873854 9.865864 0.003416
1620662715.972854 9.866003 0.003417
1620662716.071854 9.865231 0.003416
1620662716.170855 9.865606 0.003416
1620662716.269855 9.865011 0.003416
1620662716.401855 9.866098 0.003416
1620662716.533855 9.866324 0.003416
1620662716.665856 9.866312 0.003417
1620662716.797856 9.866434 0.003416
1620662716.929857 9.866578 0.003416
1620662717.094857 9.867232 0.003416
1620662717.259857 9.866556 0.003416
1620662717.457858 9.867558 0.003415
1620662717.655858 9.868282 0.003416
1620662717.853859 9.867958 0.003416
1620662718.051859 9.866974 0.003414
1620662718.249860 9.867596 0.003415
1620662718.447860 9.868301 0.003415
1620662718.645861 9.868442 0.003417
1620662718.876861 9.868507 0.003417
1620662719.074862 9.868054 0.003415
1620662719.305862 9.868061 0.003416
1620662719.536863 9.868166 0.003416
1620662719.734863 9.868457 0.003415
1620662719.932864 9.868193 0.003416
1620662720.097864 9.868552 0.003416
1620662720.262864 9.868818 0.003414
1620662720.427865 9.869132 0.003412
1620662720.592865 9.869920 0.003413
1620662720.724865 9.869447 0.003414
1620662720.856866 9.868871 0.003416
1620662720.988866 9.868693 0.003413
1620662721.120867 9.868729 0.003415
1620662721.219867 9.868443 0.003415
1620662721.318867 9.868671 0.003417
1620662721.417867 9.869714 0.003415
1620662721.516867 9.870197 0.003416
1620662721.615868 9.869949 0.003413
1620662721.714868 9.869531 0.003411
1620662721.813868 9.869438 0.003415
1620662721.912868 9.868886 0.003415
1620662722.011869 9.868832 0.003416
1620662722.110869 9.869374 0.003416
1620662722.209869 9.870038 0.003413
1620662722.308869 9.869928 0.003415
1620662722.407869 9.869258 0.003414
1620662722.506870 9.868719 0.003416
1620662722.605870 9.868858 0.003416
1620662722.704870 9.868692 0.003416
1620662722.803870 9.868745 0.003415
1620662722.902870 9.868543 0.003416
1620662723.001871 9.868861 0.003416
1620662723.100871 9.868601 0.003416
1620662723.199872 9.868690 0.003416
1620662723.298872 9.868657 0.003414
1620662723.397872 9.868318 0.003417
1620662723.529872 9.868823 0.003417
1620662723.628872 9.868611 0.003417
1620662723.727873 9.867597 0.003413
1620662723.826873 9.866998 0.003417
1620662723.925873 9.867500 0.003417
1620662724.024873 9.867570 0.003416
1620662724.123873 9.867803 0.003416
1620662724.222874 9.867152 0.003416
1620662724.321874 9.867371 0.003415
1620662724.420874 9.867610 0.003416
1620662724.519875 9.866732 0.003416
1620662724.618875 9.866704 0.003417
1620662724.717875 9.866500 0.003416
1620662724.816875 9.866616 0.003416
1620662724.915875 9.866946 0.003416
1620662725.014876 9.866501 0.003417
1620662725.113876 9.866670 0.003416
1620662725.212876 9.866847 0.003416
1620662725.344877 9.866908 0.003416
1620662725.443877 9.866707 0.003416
1620662725.542877 9.867151 0.003416
1620662725.641877 9.866765 0.003416
1620662725.773878 9.866753 0.003416
1620662725.905878 9.866472 0.003416
1620662726.004878 9.866567 0.003416
1620662726.103878 9.866655 0.003416
1620662726.235879 9.866550 0.003416
1620662726.334879 9.866758 0.003416
1620662726.433879 9.866715 0.003416
1620662726.532879 9.866757 0.003416
1620662726.631879 9.866564 0.003416
1620662726.730880 9.866554 0.003416
1620662726.862880 9.866426 0.003416
1620662726.961880 9.866338 0.003416
1620662727.060881 9.865970 0.003416
1620662727.159881 9.866411 0.003416
1620662727.291881 9.865875 0.003416
1620662727.390881 9.865680 0.003416
1620662727.489882 9.865820 0.003415
1620662727.588882 9.865224 0.003416
1620662727.687882 9.865497 0.003416
1620662727.786882 9.865341 0.003415
1620662727.885883 9.864605 0.003416
1620662727.951883 9.864584 0.003416
1620662728.050883 9.865084 0.003416
1620662728.149883 9.865107 0.003416
1620662728.248883 9.864971 0.003416
1620662728.347884 9.864986 0.003416
1620662728.446884 9.864834 0.003416
1620662728.545884 9.864950 0.003416
1620662728.644885 9.864692 0.003414
1620662728.743885 9.864570 0.003416
1620662728.809885 9.864620 0.003415
1620662728.908885 9.864298 0.003414
1620662729.007885 9.864657 0.003415
1620662729.139886 9.863990 0.003414
1620662729.238886 9.863758 0.003415
1620662729.337886 9.863478 0.003416
1620662729.403886 9.863145 0.003416
1620662729.502886 9.863434 0.003416
1620662729.601887 9.863388 0.003416
1620662729.700887 9.863177 0.003416
1620662729.799887 9.863515 0.003416
1620662729.898887 9.863121 0.003416
1620662729.997887 9.862526 0.003415
1620662730.096888 9.862461 0.003416
1620662730.195888 9.862021 0.003415
1620662730.294888 9.862048 0.003416
1620662730.393888 9.861269 0.003416
1620662730.459889 9.862281 0.003415
1620662730.525889 9.861743 0.003416
1620662730.591889 9.861588 0.003414
1620662730.657889 9.861683 0.003416
1620662730.723889 9.861555 0.003416
1620662730.789890 9.861474 0.003416
1620662730.888890 9.861449 0.003416
1620662730.987890 9.861340 0.003416
1620662731.086890 9.861361 0.003415
1620662731.185890 9.860695 0.003416
1620662731.284891 9.861309 0.003415
1620662731.416891 9.861753 0.003416
1620662731.515891 9.859897 0.003415
1620662731.647892 9.859423 0.003416
1620662731.779892 9.858779 0.003415
1620662731.911892 9.858483 0.003414
1620662732.043892 9.858133 0.003415
1620662732.142893 9.857527 0.003416
1620662732.241893 9.856296 0.003414
1620662732.373893 9.855236 0.003416
1620662732.505894 9.854912 0.003416
1620662732.670894 9.856338 0.003416
1620662732.868895 9.851945 0.003415
1620662733.099895 9.850803 0.003416
1620662733.330896 9.852222 0.003416
1620662733.528896 9.851425 0.003416
1620662733.693897 9.849272 0.003414
1620662733.891897 9.847159 0.003416
1620662734.089897 9.851343 0.003416
1620662734.287898 9.852101 0.003416
1620662734.452898 9.852314 0.003416
1620662734.617898 9.852148 0.003416
1620662734.749899 9.850633 0.003416
1620662734.881899 9.850192 0.003415
1620662735.013900 9.850868 0.003416
1620662735.145900 9.849775 0.003416
1620662735.277900 9.851323 0.003416
1620662735.409900 9.849085 0.003415
1620662735.508901 9.849457 0.003416
1620662735.607901 9.849848 0.003415
1620662735.706901 9.849521 0.003415
1620662735.805901 9.849361 0.003416
1620662735.904902 9.849576 0.003415
1620662736.036902 9.849909 0.003416
1620662736.135902 9.849171 0.003415
1620662736.234902 9.850307 0.003415
1620662736.300903 9.848854 0.003415
1620662736.366903 9.850941 0.003415
1620662736.432903 9.851503 0.003415
1620662736.498903 9.850881 0.003415
1620662736.564903 9.851604 0.003415
1620662736.630903 9.851497 0.003415
1620662736.696903 9.852017 0.003415
1620662736.762903 9.851910 0.003415
1620662736.828904 9.851954 0.003415
1620662736.894904 9.852029 0.003415
1620662736.960904 9.852051 0.003415
1620662737.026904 9.852232 0.003415
1620662737.092904 9.851471 0.003415
1620662737.158905 9.850808 0.003414
1620662737.224905 9.850840 0.003415
1620662737.290905 9.851506 0.003415
1620662737.356905 9.851364 0.003415
1620662737.422905 9.851484 0.003415
1620662737.521905 9.851417 0.003415
1620662737.587906 9.851460 0.003415
1620662737.653906 9.851601 0.003415
1620662737.719906 9.852029 0.003415
1620662737.785906 9.851538 0.003415
1620662737.851906 9.851642 0.003415
1620662737.950907 9.851928 0.003416
1620662738.082907 9.851671 0.003415
1620662738.214907 9.851855 0.003415
1620662738.313907 9.852028 0.003415
1620662738.412907 9.852276 0.003415
1620662738.511908 9.852578 0.003415
1620662738.610908 9.852864 0.003415
1620662738.709908 9.853018 0.003415
1620662738.808908 9.853797 0.003415
1620662738.907909 9.853137 0.003415
1620662739.006909 9.853269 0.003415
1620662739.138909 9.853318 0.003415
1620662739.237909 9.853363 0.003416
1620662739.336910 9.852901 0.003415
1620662739.402910 9.853288 0.003416
1620662739.501910 9.853819 0.003415
1620662739.600910 9.853963 0.003416
1620662739.732911 9.854108 0.003416
1620662739.831911 9.852990 0.003415
1620662739.963911 9.852952 0.003415
1620662740.095912 9.853003 0.003415
1620662740.227912 9.852379 0.003416
1620662740.359912 9.852885 0.003415
1620662740.458912 9.852958 0.003415
1620662740.557913 9.852979 0.003415
1620662740.722913 9.853763 0.003415
1620662740.887913 9.852434 0.003415
1620662741.019913 9.852467 0.003415
1620662741.151914 9.852455 0.003415
1620662741.250914 9.852123 0.003415
1620662741.382915 9.851502 0.003416
1620662741.481915 9.852509 0.003415
1620662741.613915 9.852363 0.003415
1620662741.778915 9.851697 0.003415
1620662741.910916 9.852867 0.003414
1620662742.042916 9.853049 0.003415
1620662742.174916 9.853031 0.003415
1620662742.306917 9.853018 0.003415
1620662742.438917 9.853032 0.003415
1620662742.570917 9.852913 0.003415
1620662742.702918 9.852776 0.003415
1620662742.834918 9.852671 0.003415
1620662742.966918 9.852759 0.003415
1620662743.098919 9.852467 0.003414
1620662743.197919 9.852388 0.003414
1620662743.296919 9.852538 0.003415
1620662743.395919 9.852118 0.003415
1620662743.494920 9.852810 0.003415
1620662743.593920 9.852974 0.003415
1620662743.692920 9.852827 0.003415
1620662743.791920 9.852485 0.003415
1620662743.890920 9.852767 0.003415
1620662743.989921 9.852931 0.003415
1620662744.088921 9.852910 0.003415
1620662744.187921 9.853017 0.003415
1620662744.319921 9.852867 0.003415
1620662744.451922 9.852757 0.003415
1620662744.583922 9.853029 0.003415
1620662744.682922 9.853651 0.003415
1620662744.814923 9.854022 0.003415
1620662744.946923 9.854248 0.003415
1620662745.045923 9.854485 0.003415
1620662745.144923 9.854421 0.003415
1620662745.276924 9.855093 0.003415
1620662745.375924 9.854865 0.003415
1620662745.474924 9.853989 0.003416
1620662745.573924 9.854628 0.003415
1620662745.705925 9.854768 0.003415
1620662745.837925 9.855000 0.003416
1620662745.969925 9.854962 0.003415
1620662746.068926 9.855169 0.003415
1620662746.167926 9.855076 0.003415
1620662746.266926 9.855152 0.003415
1620662746.365927 9.855446 0.003415
1620662746.464927 9.854933 0.003415
1620662746.563927 9.855140 0.003412
1620662746.695927 9.855620 0.003415
1620662746.827928 9.855793 0.003415
1620662746.926928 9.855675 0.003415
1620662747.058928 9.856129 0.003416
1620662747.190928 9.856278 0.003415
1620662747.322929 9.856655 0.003415
1620662747.454929 9.856873 0.003415
1620662747.619929 9.857377 0.003415
1620662747.784930 9.857574 0.003415
1620662747.916930 9.858272 0.003415
1620662748.081930 9.858076 0.003415
1620662748.246931 9.858119 0.003415
1620662748.477931 9.858220 0.003415
1620662748.708932 9.857556 0.003414
1620662748.972933 9.858241 0.003415
1620662749.269933 9.858010 0.003415
1620662749.632934 9.857791 0.003415
1620662750.061935 9.857256 0.003415
1620662750.424936 9.856624 0.003415
1620662750.721937 9.856710 0.003415
1620662751.018937 9.856818 0.003415
1620662751.315938 9.857621 0.003415
1620662751.546939 9.857871 0.003415
1620662751.744939 9.857841 0.003415
1620662751.942940 9.858480 0.003415
1620662752.107940 9.858702 0.003415
1620662752.272940 9.859436 0.003415
1620662752.437941 9.860148 0.003415
1620662752.569941 9.859921 0.003415
1620662752.701941 9.859805 0.003415
1620662752.833942 9.859148 0.003415
1620662752.965942 9.859497 0.003413
1620662753.130943 9.859515 0.003415
1620662753.229943 9.859766 0.003412
1620662753.328943 9.859038 0.003414
1620662753.427943 9.859093 0.003415
1620662753.526943 9.858674 0.003415
1620662753.625944 9.857700 0.003415
1620662753.724944 9.857969 0.003415
1620662753.823944 9.856266 0.003415
1620662753.922944 9.856402 0.003415
1620662754.021945 9.855791 0.003415
1620662754.153945 9.855615 0.003415
1620662754.285945 9.855311 0.003414
1620662754.417945 9.856078 0.003415
1620662754.516946 9.855209 0.003414
1620662754.615946 9.855440 0.003415
1620662754.747946 9.855896 0.003415
1620662754.879946 9.856483 0.003415
1620662755.011947 9.856947 0.003415
1620662755.143947 9.857198 0.003415
1620662755.275948 9.857323 0.003415
1620662755.374948 9.857533 0.003415
1620662755.506948 9.857387 0.003415
1620662755.572948 9.856819 0.003415
1620662755.638948 9.856567 0.003415
1620662755.737949 9.855840 0.003415
1620662755.836949 9.856006 0.003415
1620662755.935949 9.856037 0.003415
1620662756.034949 9.855619 0.003415
1620662756.133950 9.856212 0.003415
1620662756.232950 9.856330 0.003415
1620662756.331950 9.856201 0.003415
1620662756.430950 9.856603 0.003415
1620662756.529950 9.856934 0.003415
1620662756.628951 9.856868 0.003415
1620662756.727951 9.857291 0.003415
1620662756.859951 9.858243 0.003414
1620662756.991952 9.858807 0.003414
1620662757.123952 9.860069 0.003414
1620662757.255952 9.859604 0.003415
1620662757.354952 9.859776 0.003415
1620662757.453953 9.860007 0.003415
1620662757.552953 9.859751 0.003415
1620662757.651953 9.859592 0.003415
1620662757.750953 9.859396 0.003415
1620662757.849954 9.859478 0.003415
1620662757.948954 9.859262 0.003415
1620662758.047954 9.859183 0.003415
1620662758.146955 9.859175 0.003415
1620662758.245955 9.859167 0.003415
1620662758.344955 9.859011 0.003415
1620662758.443955 9.858120 0.003415
1620662758.542955 9.858522 0.003415
1620662758.641956 9.857533 0.003415
1620662758.740956 9.858765 0.003415
1620662758.839956 9.858420 0.003415
1620662758.938956 9.858566 0.003415
1620662759.037956 9.858419 0.003415
1620662759.136957 9.858158 0.003415
1620662759.268957 9.857905 0.003415
1620662759.400957 9.858704 0.003415
1620662759.532958 9.858813 0.003415
1620662759.631958 9.858161 0.003414
1620662759.730958 9.857330 0.003414
1620662759.829958 9.858452 0.003415
1620662759.928959 9.859051 0.003415
1620662760.027959 9.859286 0.003415
1620662760.159959 9.859561 0.003415
1620662760.291960 9.859573 0.003415
1620662760.423960 9.859093 0.003414
1620662760.555960 9.859571 0.003415
1620662760.687960 9.859955 0.003414
1620662760.786961 9.859550 0.003415
1620662760.918961 9.858545 0.003415
1620662761.050961 9.856181 0.003415
1620662761.149961 9.856013 0.003414
1620662761.248962 9.856055 0.003415
1620662761.347962 9.858474 0.003415
1620662761.446962 9.857766 0.003415
1620662761.545963 9.858139 0.003415
1620662761.644963 9.857145 0.003415
1620662761.743963 9.856889 0.003415
1620662761.842963 9.856883 0.003414
1620662761.908963 9.857554 0.003414
1620662761.974963 9.857271 0.003414
1620662762.040964 9.857237 0.003415
1620662762.106964 9.857502 0.003415
1620662762.172964 9.857583 0.003415
1620662762.271964 9.857921 0.003414
1620662762.370965 9.858199 0.003415
1620662762.469965 9.857892 0.003414
1620662762.568965 9.857804 0.003414
1620662762.667965 9.858273 0.003415
1620662762.766965 9.857736 0.003414
1620662762.865966 9.857525 0.003414
1620662762.964966 9.857371 0.003414
1620662763.063966 9.858022 0.003415
1620662763.162966 9.858474 0.003415
1620662763.261967 9.857900 0.003414
1620662763.360967 9.858238 0.003415
1620662763.459967 9.857619 0.003415
1620662763.558967 9.857353 0.003414
1620662763.657967 9.855275 0.003414
1620662763.756968 9.855172 0.003415
1620662763.855968 9.855552 0.003414
1620662763.954968 9.855437 0.003415
1620662764.053968 9.856382 0.003415
1620662764.152969 9.856237 0.003414
1620662764.251969 9.856567 0.003413
1620662764.317969 9.857033 0.003415
1620662764.383969 9.857518 0.003414
1620662764.482969 9.857231 0.003414
1620662764.581970 9.856868 0.003414
1620662764.680970 9.856824 0.003415
1620662764.779970 9.857118 0.003415
1620662764.878970 9.856079 0.003415
1620662764.977971 9.856305 0.003415
1620662765.076971 9.858848 0.003395
1620662765.175971 9.858749 0.003415
1620662765.274971 9.858537 0.003414
1620662765.373971 9.858674 0.003415
1620662765.472972 9.859704 0.003413
1620662765.571972 9.859693 0.003414
1620662765.670972 9.860907 0.003414
1620662765.769973 9.860206 0.003414
1620662765.835973 9.860119 0.003414
1620662765.901973 9.859888 0.003415
1620662765.967973 9.860907 0.003414
1620662766.033973 9.861175 0.003414
1620662766.099973 9.860170 0.003414
1620662766.165973 9.858431 0.003414
1620662766.231974 9.859667 0.003413
1620662766.297974 9.859781 0.003414
1620662766.363974 9.859718 0.003414
1620662766.429974 9.859607 0.003414
1620662766.495974 9.859759 0.003414
1620662766.594975 9.859742 0.003414
1620662766.693975 9.860078 0.003415
1620662766.792975 9.860109 0.003414
1620662766.891975 9.861495 0.003414
1620662766.990975 9.861470 0.003414
1620662767.089976 9.860984 0.003413
1620662767.188976 9.861017 0.003414
1620662767.287976 9.860978 0.003414
1620662767.452976 9.861033 0.003415
1620662767.584977 9.860301 0.003414
1620662767.716977 9.861250 0.003414
1620662767.848977 9.861731 0.003413
1620662767.980978 9.861226 0.003415
1620662768.112978 9.861897 0.003414
1620662768.244978 9.862007 0.003414
1620662768.343979 9.862585 0.003414
1620662768.442979 9.862640 0.003414
1620662768.574979 9.864732 0.003414
1620662768.706980 9.864846 0.003414
1620662768.838980 9.865497 0.003414
1620662768.970980 9.867472 0.003413
1620662769.102980 9.865841 0.003414
1620662769.234981 9.866241 0.003414
1620662769.366981 9.866688 0.003414
1620662769.531981 9.867714 0.003414
1620662769.696982 9.868465 0.003413
1620662769.894982 9.869699 0.003414
1620662770.059983 9.871060 0.003414
1620662770.257983 9.875181 0.003413
1620662770.455984 9.875466 0.003414
1620662770.686984 9.876265 0.003414
1620662770.884985 9.877006 0.003414
1620662771.082985 9.876306 0.003414
1620662771.280986 9.876615 0.003413
1620662771.478986 9.877054 0.003414
