DelayedMarginalization 0.00147463 1.05837e-06 0.0108687 1993
DelayedMarginalizationOnly 0.000714059 5.30315e-07 0.00657965 1993
EF-marginalizeFrame 0.0018483 1.10342e-06 0.0113542 1993
FullSystem::trackNewCoarse 0.0061967 1.90047e-05 0.0389 6903
FullSystem::trackNewCoarseNoIMU 0.0018267 4.81125e-07 0.00511748 162
FullSystemOptimize 0.150595 0.000354464 0.230932 1999
GraphUnrolling 0.0208642 0.000390986 0.0432126 3
IMUInitAddPose 3.60518e-05 4.81197e-09 0.00194724 1999
IMUInitOptimize 0.0301747 0.00017511 0.0587776 19
IMUIntegration::finishKeyframeOperations 5.04583e-05 2.60205e-09 0.00137288 1975
InitializerFirstFrame 0.0259702 -nan 0.0259702 1
InitializerOtherFrames 0.0288535 0.000223908 0.0860527 119
MainMarginalization 0.00167308 1.06897e-06 0.0110659 1993
MarginalizationReplacementBuildGraph 0.00122577 2.20112e-07 0.00155751 2
MarginalizationReplacementReplaceGraph 0.0286329 0.000436228 0.0434015 2
MarginalizeMainGraph 0.00075838 3.35422e-07 0.00791995 1993
PGBA 0.0426733 -nan 0.0426733 1
PGBAFull 0.015666 0.000686548 0.0459211 3
PrepareGraphForMainOptimization 0.0209631 0.000392704 0.0433585 3
VisualMarginalization 2.78288e-05 3.03829e-09 0.00109912 1993
activatePointsMT 0.00439178 4.1804e-06 0.0203112 1999
addActiveFrame 0.0602256 0.00591544 0.265762 7185
addIMUData 0.00105158 1.18988e-06 0.0164787 6903
addIMUDataToBA 0.000107967 8.43164e-09 0.00209864 7184
addKeyframeToBA 5.21209e-05 2.98603e-10 0.000399428 1999
afterCoarseTracking 3.12341e-07 1.16045e-11 0.00027136 7065
baIteration 0.0242958 3.52445e-05 0.0824821 11582
baMatrixInversion 0.000174056 1.30786e-08 0.00306696 11582
baUpdateBuildHessians 0.000589277 3.09788e-07 0.00993833 11582
coarseTrackingIteration 0.000555858 8.51268e-07 0.0115493 61769
computeBAUpdate 0.000864007 3.52492e-07 0.0117955 11582
computeCoarseUpdate 0.000305246 5.14628e-07 0.00993109 60537
computeFactorForCoarseGraphAndMarginalCovariances 0.00228197 6.2259e-07 0.0109908 1975
convertHAndBFromDSO 0.000104681 3.3689e-09 0.00380071 19542
debugPlot 8.44637e-08 3.62854e-15 7.01e-07 1999
debugPlotIDepthMap 4.19641e-07 1.93735e-13 1.8575e-05 1999
debugPlotIDepthMapFloat 3.33472e-08 3.24537e-16 3.8e-07 1999
deliverTrackedFrame 0.0521527 0.00599625 0.257133 7066
flagFramesForMarginalization 2.12575e-06 1.45587e-11 0.000113537 1999
fullCoarseTracking 0.00749699 2.34286e-05 0.0612111 7065
initObjectsAndMakeImage 0.00107669 1.09833e-07 0.00511076 7185
makeKeyframe 0.174238 0.0003715 0.257071 1999
makeKeyframeChangeTrackingRef 0.00188082 7.5473e-08 0.00386906 1999
makeNewTraces 0.0034312 2.3766e-07 0.0157213 1999
makeNonKeyframe 0.00388012 1.958e-06 0.0346796 5067
marginalizeAndRemovePoints 0.00353221 7.77495e-07 0.00691962 1999
marginalizeFrame 0.0036546 1.42343e-06 0.013063 1993
marginalizeFrameOverhead 0.00180244 1.7147e-07 0.00526135 1993
marginalizeFrames 0.00365884 1.4649e-06 0.0130818 1999
newFrameAndNewResidualsForOldPoints 0.000985685 5.21536e-08 0.00305147 1999
printBiases 8.41579e-06 6.39223e-10 0.000953585 1999
printEigenValLine 1.67944e-07 3.30621e-13 2.5779e-05 1999
printLogLine 0.000141041 7.43761e-08 0.00289025 1999
publishInMakeKeyframe 1.65806e-07 7.05045e-15 1.223e-06 1999
removeOutliers 0.000166882 4.26011e-09 0.00162115 1999
swapTrackingRef 0.000167818 9.30222e-08 0.00404733 1999
timeMeasurement 1.60177e-06 1.41737e-11 0.000177142 7185
traceNewCoarse 0.00354484 1.76463e-06 0.0346658 7066
updateBAValues 1.10858e-05 1.03713e-10 0.00105879 21588
zero 2.42179e-07 4.34235e-12 0.000132841 7185
