1602075239.566307 20.650983 0.407251
1602075239.797308 20.672969 0.378600
1602075240.061309 20.700361 0.360856
1602075240.358309 20.717867 0.350277
1602075240.556310 20.741411 0.342702
1602075240.787310 20.703571 0.335845
1602075241.018311 20.711254 0.311302
1602075241.183311 20.753208 0.276369
1602075241.348312 20.867472 0.239531
1602075241.513312 21.019092 0.210475
1602075241.678313 21.202357 0.184075
1602075241.810313 21.355774 0.169630
1602075241.942313 21.604601 0.160666
1602075242.074313 21.876890 0.147821
1602075242.206314 22.070961 0.145628
1602075242.338314 22.246185 0.139012
1602075242.437314 22.359119 0.138707
1602075242.536314 22.485145 0.138142
1602075242.668315 22.654329 0.137986
1602075242.800315 22.823634 0.130551
1602075242.932315 22.977252 0.127785
1602075243.031316 23.106436 0.125214
1602075243.163316 23.316027 0.119958
1602075243.295316 23.511531 0.108359
1602075243.427316 23.698931 0.102513
1602075243.559317 23.851408 0.097374
1602075243.691317 24.002553 0.089904
1602075243.823318 24.145623 0.086435
1602075243.988318 24.325289 0.081182
1602075244.120318 24.485008 0.076941
1602075244.252318 24.577451 0.069578
1602075244.384319 24.674048 0.065945
1602075244.549319 24.766265 0.060251
1602075244.714320 24.856741 0.054401
1602075244.879320 24.909635 0.049323
1602075245.044321 24.931043 0.045606
1602075245.209321 24.915675 0.042188
1602075245.341321 24.860581 0.039526
1602075245.473321 24.802515 0.036702
1602075245.605322 24.659057 0.034055
1602075245.737322 24.507649 0.031651
1602075245.902323 24.275948 0.028776
1602075246.034323 24.046701 0.027543
1602075246.166323 23.832120 0.026127
1602075246.298323 23.632372 0.025380
1602075246.430324 23.323306 0.023664
1602075246.562324 22.989600 0.023563
1602075246.661324 22.781274 0.023005
1602075246.760324 22.555073 0.023159
1602075246.859325 22.345204 0.022526
1602075246.958325 22.154063 0.021723
1602075247.057325 21.987095 0.021911
1602075247.189326 21.798696 0.021083
1602075247.321326 21.612673 0.020274
1602075247.453326 21.456759 0.020544
1602075247.585326 21.343216 0.019848
1602075247.717327 21.191120 0.019106
1602075247.849327 21.064647 0.018441
1602075248.014327 20.936985 0.018389
1602075248.146328 20.850113 0.017732
1602075248.278328 20.781757 0.017024
1602075248.377328 20.730723 0.016548
1602075248.509329 20.702659 0.015962
1602075248.641329 20.684790 0.015447
1602075248.773329 20.667533 0.014987
1602075248.872329 20.657012 0.014683
1602075249.004330 20.646007 0.014283
1602075249.136330 20.638832 0.014460
1602075249.268331 20.635249 0.014117
1602075249.367331 20.628204 0.013872
1602075249.466331 20.627545 0.013674
1602075249.565331 20.634755 0.013463
1602075249.664331 20.644401 0.013271
1602075249.763332 20.646362 0.013076
1602075249.862332 20.648800 0.012863
1602075249.961332 20.657937 0.012672
1602075250.060332 20.660916 0.012456
1602075250.159333 20.657119 0.012240
1602075250.258333 20.659745 0.012042
1602075250.357333 20.675444 0.011894
1602075250.456333 20.675216 0.011726
1602075250.555333 20.686655 0.011549
1602075250.687334 20.699412 0.011299
1602075250.819334 20.710127 0.011090
1602075250.951334 20.711833 0.010855
1602075251.083335 20.716992 0.010633
1602075251.215335 20.725350 0.010429
1602075251.347335 20.743233 0.010300
1602075251.479336 20.743063 0.010146
1602075251.611336 20.749734 0.009994
1602075251.743336 20.758035 0.009815
1602075251.875336 20.760659 0.009643
1602075251.974337 20.768205 0.009529
1602075252.073337 20.767790 0.009422
1602075252.172337 20.777379 0.009326
1602075252.271338 20.781495 0.009247
1602075252.370338 20.784578 0.009162
1602075252.469338 20.788503 0.009070
1602075252.568338 20.791493 0.008969
1602075252.700338 20.784654 0.008828
1602075252.832339 20.783284 0.008691
1602075252.964339 20.783055 0.008568
1602075253.096339 20.788637 0.008456
1602075253.228340 20.796817 0.008336
1602075253.360340 20.799317 0.008219
1602075253.492341 20.801871 0.008088
1602075253.624341 20.804245 0.007971
1602075253.756341 20.803946 0.007871
1602075253.888341 20.818829 0.007771
1602075254.020341 20.819449 0.007723
1602075254.119342 20.823634 0.007631
1602075254.251342 20.834648 0.007504
1602075254.383343 20.838845 0.007373
1602075254.515343 20.841007 0.007246
1602075254.647343 20.838238 0.007133
1602075254.812344 20.847585 0.006976
1602075254.977344 20.847244 0.006808
1602075255.142344 20.854672 0.006650
1602075255.307345 20.875250 0.006530
1602075255.472345 20.887917 0.006395
1602075255.604345 20.893057 0.006278
1602075255.736346 20.907292 0.006170
1602075255.868346 20.911779 0.006068
1602075256.000346 20.924445 0.005966
1602075256.132347 20.923539 0.005859
1602075256.264347 20.932096 0.005762
1602075256.396347 20.929562 0.005655
1602075256.528348 20.931932 0.005577
1602075256.660348 20.932845 0.005506
1602075256.792348 20.931571 0.005419
1602075256.924348 20.942405 0.005348
1602075257.023349 20.938169 0.005275
1602075257.122349 20.935932 0.005227
1602075257.221349 20.935381 0.005167
1602075257.320349 20.932647 0.005108
1602075257.419350 20.936497 0.005072
1602075257.518350 20.938924 0.005028
1602075257.617350 20.940175 0.004983
1602075257.716351 20.941281 0.004952
1602075257.815351 20.945802 0.004904
1602075257.914351 20.946435 0.004859
1602075258.013351 20.943612 0.004816
1602075258.112351 20.943618 0.004776
1602075258.211352 20.944515 0.004745
1602075258.310352 20.946856 0.004725
1602075258.409352 20.946251 0.004684
1602075258.508352 20.948742 0.004665
1602075258.607352 20.946888 0.004624
1602075258.706353 20.946371 0.004606
1602075258.805353 20.942270 0.004576
1602075258.904353 20.937307 0.004558
1602075259.003354 20.935919 0.004535
1602075259.102354 20.934610 0.004508
1602075259.201354 20.936271 0.004487
1602075259.300354 20.938049 0.004466
1602075259.399354 20.939802 0.004446
1602075259.498355 20.937337 0.004414
1602075259.597355 20.938540 0.004392
1602075259.729355 20.936817 0.004353
1602075259.861356 20.939663 0.004327
1602075259.993356 20.935950 0.004284
1602075260.125356 20.932819 0.004250
1602075260.257357 20.927634 0.004211
1602075260.389357 20.921358 0.004178
1602075260.554357 20.919487 0.004134
1602075260.653357 20.914992 0.004122
1602075260.752357 20.909674 0.004099
1602075260.851358 20.904460 0.004074
1602075260.950358 20.899956 0.004052
1602075261.049358 20.898432 0.004028
1602075261.148358 20.897411 0.004006
1602075261.247359 20.893418 0.003983
1602075261.346359 20.889572 0.003959
1602075261.445359 20.884323 0.003943
1602075261.544359 20.882509 0.003923
1602075261.643359 20.880149 0.003905
1602075261.742360 20.875210 0.003883
1602075261.841360 20.868652 0.003864
1602075261.940360 20.863250 0.003846
1602075262.006361 20.861095 0.003835
1602075262.072361 20.858143 0.003824
1602075262.138361 20.856581 0.003813
1602075262.204361 20.853499 0.003800
1602075262.270361 20.851283 0.003788
1602075262.369361 20.845373 0.003771
1602075262.468361 20.839592 0.003755
1602075262.567362 20.833274 0.003737
1602075262.666362 20.830798 0.003725
1602075262.765362 20.825042 0.003715
1602075262.864362 20.822272 0.003704
1602075262.996363 20.818703 0.003688
1602075263.128363 20.817594 0.003675
1602075263.260364 20.819406 0.003664
1602075263.359364 20.818084 0.003654
1602075263.458364 20.814142 0.003641
1602075263.557364 20.811870 0.003631
1602075263.656364 20.811485 0.003621
1602075263.755365 20.809026 0.003612
1602075263.854365 20.807131 0.003604
1602075263.953365 20.805153 0.003596
1602075264.052365 20.802847 0.003587
1602075264.151366 20.801295 0.003580
1602075264.250366 20.799154 0.003570
1602075264.316366 20.798605 0.003566
1602075264.415366 20.797037 0.003559
1602075264.481366 20.795235 0.003554
1602075264.580367 20.793789 0.003548
1602075264.646367 20.793743 0.003543
1602075264.712367 20.793676 0.003538
1602075264.778367 20.792891 0.003534
1602075264.844367 20.790602 0.003531
1602075264.943367 20.791318 0.003526
1602075265.042368 20.788811 0.003518
1602075265.141368 20.788700 0.003514
1602075265.240368 20.785131 0.003508
1602075265.339368 20.784493 0.003503
1602075265.471369 20.778686 0.003495
1602075265.603369 20.775162 0.003489
1602075265.702369 20.773819 0.003484
1602075265.834369 20.771501 0.003479
1602075265.966370 20.770459 0.003474
1602075266.065370 20.770567 0.003469
1602075266.164370 20.769657 0.003464
1602075266.263371 20.768262 0.003462
1602075266.362371 20.769483 0.003458
1602075266.461371 20.768020 0.003454
1602075266.560371 20.764922 0.003451
1602075266.626371 20.763883 0.003449
1602075266.725372 20.761488 0.003446
1602075266.857372 20.761547 0.003441
1602075266.956372 20.759530 0.003438
1602075267.055372 20.757387 0.003435
1602075267.154373 20.756224 0.003433
1602075267.253373 20.757036 0.003430
1602075267.352373 20.754122 0.003428
1602075267.451373 20.750677 0.003424
1602075267.550374 20.749395 0.003422
1602075267.649374 20.746120 0.003420
1602075267.748374 20.750233 0.003417
1602075267.847374 20.749580 0.003414
1602075267.946375 20.748903 0.003413
1602075268.045375 20.748768 0.003411
1602075268.144375 20.747719 0.003409
1602075268.276375 20.749227 0.003406
1602075268.375376 20.748905 0.003404
1602075268.474376 20.747942 0.003402
1602075268.573376 20.745695 0.003402
1602075268.672376 20.745112 0.003400
1602075268.771377 20.744830 0.003398
1602075268.837377 20.743404 0.003396
1602075268.936377 20.742546 0.003396
1602075269.035377 20.741371 0.003394
1602075269.134377 20.741746 0.003392
1602075269.233377 20.741561 0.003392
1602075269.332378 20.741091 0.003389
1602075269.431378 20.739689 0.003389
1602075269.563378 20.737863 0.003386
1602075269.695379 20.737587 0.003385
1602075269.794379 20.736613 0.003384
1602075269.893379 20.737767 0.003383
1602075270.025380 20.737314 0.003382
1602075270.124380 20.738104 0.003382
1602075270.223380 20.738404 0.003380
1602075270.322380 20.739124 0.003379
1602075270.421380 20.739638 0.003378
1602075270.520381 20.739718 0.003377
1602075270.619381 20.740070 0.003377
1602075270.718381 20.740910 0.003376
1602075270.817381 20.739989 0.003375
1602075270.916381 20.739262 0.003375
1602075271.015382 20.740240 0.003374
1602075271.114382 20.740654 0.003373
1602075271.213382 20.741077 0.003372
1602075271.279382 20.741254 0.003372
1602075271.345383 20.741145 0.003371
1602075271.444383 20.740266 0.003371
1602075271.543383 20.740596 0.003370
1602075271.642383 20.741002 0.003368
1602075271.741383 20.741073 0.003369
1602075271.840384 20.739964 0.003367
1602075271.939384 20.737883 0.003366
1602075272.071384 20.737415 0.003365
1602075272.203385 20.737948 0.003365
1602075272.335385 20.736642 0.003365
1602075272.467385 20.738224 0.003363
1602075272.599385 20.738388 0.003362
1602075272.731386 20.737478 0.003361
1602075272.863386 20.738053 0.003362
1602075272.995387 20.738342 0.003362
1602075273.094387 20.738836 0.003360
1602075273.193387 20.738127 0.003360
1602075273.292387 20.737895 0.003360
1602075273.391387 20.738805 0.003359
1602075273.490388 20.738398 0.003359
1602075273.589388 20.739257 0.003359
1602075273.688388 20.739949 0.003359
1602075273.787388 20.739149 0.003357
1602075273.886389 20.740266 0.003358
1602075273.985389 20.739064 0.003357
1602075274.084389 20.739385 0.003358
1602075274.183389 20.739376 0.003356
1602075274.282389 20.738578 0.003356
1602075274.381390 20.737468 0.003356
1602075274.480390 20.737250 0.003355
1602075274.579390 20.737342 0.003355
1602075274.678391 20.737212 0.003355
1602075274.777391 20.738037 0.003355
1602075274.876391 20.736838 0.003355
1602075274.975391 20.736023 0.003354
1602075275.041391 20.734647 0.003354
1602075275.107392 20.734387 0.003354
1602075275.173392 20.733574 0.003354
1602075275.272392 20.734476 0.003354
1602075275.371392 20.734531 0.003354
1602075275.470392 20.734813 0.003354
1602075275.569393 20.735231 0.003353
1602075275.635393 20.734999 0.003353
1602075275.701393 20.734377 0.003353
1602075275.800393 20.734745 0.003353
1602075275.899393 20.734770 0.003352
1602075275.998394 20.734545 0.003350
1602075276.097394 20.736280 0.003351
1602075276.196394 20.735987 0.003351
1602075276.295394 20.735888 0.003351
1602075276.394395 20.736937 0.003348
1602075276.493395 20.737555 0.003349
1602075276.592395 20.738130 0.003349
1602075276.691395 20.738039 0.003349
1602075276.790395 20.738451 0.003348
1602075276.889396 20.739371 0.003348
1602075276.988396 20.739264 0.003348
1602075277.087396 20.738930 0.003348
1602075277.186396 20.738799 0.003348
1602075277.285397 20.738544 0.003348
1602075277.384397 20.739105 0.003347
1602075277.450397 20.739005 0.003346
1602075277.549397 20.740509 0.003346
1602075277.648398 20.738652 0.003345
1602075277.747398 20.737896 0.003346
1602075277.846398 20.737362 0.003345
1602075277.945398 20.735960 0.003345
1602075278.044399 20.736135 0.003344
1602075278.110399 20.737264 0.003344
1602075278.176399 20.737269 0.003344
1602075278.242399 20.736724 0.003344
1602075278.308399 20.737224 0.003344
1602075278.374399 20.737329 0.003344
1602075278.440399 20.737336 0.003343
1602075278.506399 20.737406 0.003344
1602075278.572400 20.737437 0.003343
1602075278.638400 20.737360 0.003344
1602075278.704400 20.736974 0.003343
1602075278.770400 20.736826 0.003343
1602075278.836400 20.736871 0.003343
1602075278.935401 20.736825 0.003342
1602075279.034401 20.736646 0.003342
1602075279.133401 20.736769 0.003340
1602075279.232401 20.736846 0.003340
1602075279.331402 20.737763 0.003341
1602075279.430402 20.738380 0.003342
1602075279.496402 20.738245 0.003338
1602075279.562402 20.737465 0.003339
1602075279.628402 20.737279 0.003340
1602075279.694402 20.736780 0.003340
1602075279.760403 20.737675 0.003341
1602075279.826403 20.737803 0.003339
1602075279.892403 20.740464 0.003340
1602075279.991403 20.738646 0.003336
1602075280.123404 20.735236 0.003340
1602075280.255404 20.733813 0.003339
1602075280.387404 20.732563 0.003340
1602075280.519405 20.732295 0.003340
1602075280.618405 20.731063 0.003339
1602075280.717405 20.729690 0.003340
1602075280.816405 20.729575 0.003339
1602075280.915405 20.729807 0.003339
1602075281.014406 20.728808 0.003339
1602075281.113406 20.729338 0.003338
1602075281.212406 20.728811 0.003338
1602075281.311406 20.728415 0.003338
1602075281.410407 20.728747 0.003337
1602075281.509407 20.728800 0.003338
1602075281.608407 20.729290 0.003335
1602075281.740407 20.728352 0.003337
1602075281.839408 20.728546 0.003337
1602075281.938408 20.729039 0.003336
1602075282.037408 20.728995 0.003337
1602075282.136408 20.730585 0.003337
1602075282.235409 20.729456 0.003337
1602075282.334409 20.728684 0.003336
1602075282.466409 20.727842 0.003336
1602075282.565409 20.728489 0.003331
1602075282.664410 20.727010 0.003335
1602075282.763410 20.727888 0.003333
1602075282.862410 20.728745 0.003335
1602075282.961410 20.729847 0.003333
1602075283.060410 20.728795 0.003329
1602075283.126410 20.725781 0.003334
1602075283.192411 20.725247 0.003333
1602075283.291411 20.725999 0.003335
1602075283.390411 20.725764 0.003332
1602075283.489412 20.725013 0.003335
1602075283.588412 20.725135 0.003335
1602075283.654412 20.724786 0.003334
1602075283.720412 20.723955 0.003334
1602075283.786412 20.722644 0.003334
1602075283.852412 20.723349 0.003332
1602075283.951412 20.723495 0.003332
1602075284.017413 20.723371 0.003333
1602075284.083413 20.723620 0.003333
1602075284.182413 20.722665 0.003333
1602075284.281413 20.723674 0.003331
1602075284.380414 20.724002 0.003331
1602075284.446414 20.721704 0.003333
1602075284.512414 20.721863 0.003332
1602075284.611414 20.720133 0.003332
1602075284.710414 20.719301 0.003330
1602075284.809415 20.719357 0.003331
1602075284.908415 20.719830 0.003330
1602075285.007415 20.717223 0.003327
1602075285.106415 20.716802 0.003327
1602075285.205416 20.717658 0.003328
1602075285.304416 20.718091 0.003331
1602075285.403416 20.718643 0.003331
1602075285.502416 20.718146 0.003330
1602075285.601416 20.718517 0.003331
1602075285.700417 20.719425 0.003327
1602075285.799417 20.719573 0.003328
1602075285.898417 20.719982 0.003330
1602075285.997417 20.720619 0.003329
1602075286.096418 20.720687 0.003329
1602075286.195418 20.721109 0.003325
1602075286.294418 20.720364 0.003329
1602075286.393418 20.719496 0.003326
1602075286.492419 20.720459 0.003328
1602075286.591419 20.720969 0.003328
1602075286.690419 20.718828 0.003329
1602075286.789419 20.718942 0.003328
1602075286.888420 20.718784 0.003327
1602075286.987420 20.720217 0.003327
1602075287.086420 20.721142 0.003328
1602075287.185420 20.721354 0.003327
1602075287.284420 20.721532 0.003324
1602075287.350421 20.720684 0.003326
1602075287.416421 20.722778 0.003327
1602075287.482421 20.722334 0.003327
1602075287.581421 20.722175 0.003327
1602075287.680421 20.724919 0.003326
1602075287.779422 20.723278 0.003326
1602075287.878422 20.719468 0.003326
1602075287.977422 20.718527 0.003326
1602075288.076422 20.718271 0.003326
1602075288.175422 20.718192 0.003323
1602075288.274423 20.718504 0.003325
1602075288.373423 20.720407 0.003323
1602075288.472423 20.719245 0.003324
1602075288.571424 20.719907 0.003322
1602075288.670424 20.719635 0.003323
1602075288.769424 20.721357 0.003323
1602075288.868424 20.721397 0.003320
1602075288.967424 20.723592 0.003322
1602075289.099425 20.721921 0.003320
1602075289.198425 20.722100 0.003320
1602075289.330425 20.722963 0.003319
1602075289.462426 20.725555 0.003317
1602075289.561426 20.727358 0.003318
1602075289.693426 20.729102 0.003317
1602075289.792426 20.731532 0.003317
1602075289.891427 20.736328 0.003315
1602075289.990427 20.741034 0.003315
1602075290.089427 20.744131 0.003315
1602075290.188427 20.749424 0.003313
1602075290.287428 20.748889 0.003311
1602075290.386428 20.750437 0.003312
1602075290.485428 20.748331 0.003311
1602075290.584428 20.749477 0.003309
1602075290.683428 20.747431 0.003308
1602075290.782429 20.740475 0.003307
1602075290.881429 20.744880 0.003307
1602075290.980429 20.742209 0.003305
1602075291.079429 20.743332 0.003305
1602075291.178430 20.744826 0.003305
1602075291.277430 20.744674 0.003305
1602075291.409430 20.745205 0.003304
1602075291.541430 20.747976 0.003303
1602075291.673431 20.747685 0.003301
1602075291.772431 20.747756 0.003302
1602075291.871431 20.748129 0.003302
1602075291.970432 20.747507 0.003300
1602075292.069432 20.748833 0.003301
1602075292.168432 20.746710 0.003299
1602075292.300432 20.746484 0.003299
1602075292.432433 20.746155 0.003297
1602075292.531433 20.745319 0.003298
1602075292.630433 20.743071 0.003298
1602075292.762433 20.744190 0.003299
1602075292.894433 20.743050 0.003298
1602075293.026434 20.741782 0.003298
1602075293.158434 20.742422 0.003297
1602075293.257434 20.741002 0.003297
1602075293.356435 20.739969 0.003297
1602075293.455435 20.739539 0.003296
1602075293.554435 20.739783 0.003297
1602075293.686436 20.739756 0.003297
1602075293.785436 20.739853 0.003295
1602075293.884436 20.739622 0.003297
1602075293.983436 20.740066 0.003296
1602075294.082436 20.740065 0.003296
1602075294.181437 20.739782 0.003295
1602075294.280437 20.739801 0.003295
1602075294.379437 20.739510 0.003295
1602075294.511438 20.738808 0.003296
1602075294.610438 20.737743 0.003295
1602075294.742438 20.736970 0.003295
1602075294.874438 20.737217 0.003295
1602075295.006439 20.737049 0.003295
1602075295.138439 20.736374 0.003296
1602075295.270439 20.736539 0.003294
1602075295.402440 20.735306 0.003295
1602075295.534440 20.735176 0.003295
1602075295.666440 20.735053 0.003294
1602075295.798440 20.736920 0.003293
1602075295.930441 20.738353 0.003292
1602075296.062441 20.737799 0.003292
1602075296.194442 20.737916 0.003292
1602075296.326442 20.738104 0.003292
1602075296.458442 20.740791 0.003290
1602075296.557442 20.741898 0.003289
1602075296.689443 20.743552 0.003291
1602075296.821443 20.742097 0.003290
1602075296.920443 20.743063 0.003290
1602075297.019444 20.744083 0.003290
1602075297.118444 20.743098 0.003289
1602075297.217444 20.744252 0.003289
1602075297.316444 20.745614 0.003289
1602075297.415444 20.744684 0.003289
1602075297.514445 20.744098 0.003288
1602075297.646445 20.744601 0.003289
1602075297.778445 20.744256 0.003287
1602075297.910445 20.745324 0.003288
1602075298.042446 20.745592 0.003288
1602075298.141446 20.744888 0.003288
1602075298.240446 20.745662 0.003288
1602075298.339447 20.746243 0.003287
1602075298.438447 20.747053 0.003287
1602075298.537447 20.747676 0.003288
1602075298.636447 20.747033 0.003287
1602075298.735448 20.746662 0.003287
1602075298.834448 20.746801 0.003287
1602075298.933448 20.745876 0.003287
1602075299.065449 20.746775 0.003287
1602075299.197449 20.746601 0.003287
1602075299.329449 20.746148 0.003287
1602075299.461449 20.746389 0.003286
1602075299.593450 20.746808 0.003287
1602075299.725450 20.744935 0.003286
1602075299.824450 20.744754 0.003286
1602075299.923450 20.744885 0.003287
1602075300.055451 20.745412 0.003286
1602075300.187451 20.744984 0.003287
1602075300.319451 20.744953 0.003287
1602075300.451452 20.744277 0.003286
1602075300.583452 20.743634 0.003286
1602075300.715452 20.743394 0.003286
1602075300.814452 20.742736 0.003286
1602075300.946453 20.741830 0.003287
1602075301.078453 20.741704 0.003286
1602075301.177453 20.741479 0.003286
1602075301.309454 20.740882 0.003285
1602075301.441454 20.741755 0.003286
1602075301.573454 20.742607 0.003285
1602075301.705455 20.742704 0.003286
1602075301.837455 20.743522 0.003287
1602075301.969455 20.744555 0.003286
1602075302.101456 20.745889 0.003285
1602075302.299456 20.748114 0.003286
1602075302.497456 20.750697 0.003285
1602075302.695457 20.759076 0.003284
1602075302.893457 20.759039 0.003284
1602075303.124458 20.763832 0.003285
1602075303.322459 20.767013 0.003286
1602075303.553459 20.771693 0.003285
1602075303.784460 20.777763 0.003283
1602075303.982460 20.781895 0.003284
1602075304.213460 20.785723 0.003285
1602075304.411461 20.791944 0.003284
1602075304.675462 20.798786 0.003284
1602075304.939462 20.803670 0.003284
1602075305.236463 20.808782 0.003284
1602075305.467463 20.811560 0.003284
1602075305.731464 20.814459 0.003284
1602075305.995465 20.815064 0.003284
1602075306.226465 20.815761 0.003284
1602075306.490466 20.815942 0.003284
1602075306.820467 20.816503 0.003282
1602075307.117467 20.816365 0.003283
1602075307.414468 20.815085 0.003283
1602075307.711469 20.814959 0.003283
1602075307.975470 20.814931 0.003283
1602075308.272470 20.815033 0.003284
1602075308.569471 20.813794 0.003283
1602075308.899472 20.813319 0.003283
1602075309.295473 20.813423 0.003283
1602075309.691474 20.814132 0.003283
1602075309.988474 20.814826 0.003283
1602075310.318475 20.814237 0.003283
1602075310.582476 20.813984 0.003283
1602075311.143477 20.814298 0.003283
1602075311.572478 20.815097 0.003284
1602075312.166480 20.816238 0.003284
1602075312.760481 20.815292 0.003283
1602075313.156482 20.813499 0.003282
1602075313.420483 20.811838 0.003281
1602075313.651483 20.811228 0.003279
1602075313.849483 20.810196 0.003278
1602075314.014484 20.808269 0.003274
1602075314.179484 20.807004 0.003272
1602075314.344485 20.807127 0.003274
1602075314.509485 20.807070 0.003273
1602075314.674485 20.806716 0.003276
1602075314.806486 20.807515 0.003274
1602075314.938486 20.808381 0.003270
1602075315.070487 20.809569 0.003271
1602075315.202487 20.810006 0.003271
1602075315.334487 20.808687 0.003269
1602075315.466487 20.807437 0.003260
1602075315.598488 20.806644 0.003260
1602075315.730488 20.804647 0.003261
1602075315.862488 20.804162 0.003262
1602075315.994488 20.804037 0.003259
1602075316.126489 20.804067 0.003260
1602075316.258489 20.805093 0.003259
1602075316.423490 20.804779 0.003249
1602075316.588490 20.805209 0.003249
1602075316.720490 20.806783 0.003246
1602075316.852490 20.807845 0.003240
1602075317.017491 20.808715 0.003243
1602075317.215491 20.807649 0.003237
1602075317.413492 20.807791 0.003231
1602075317.578492 20.808549 0.003227
1602075317.776493 20.808929 0.003221
1602075317.974493 20.809661 0.003216
1602075318.172493 20.808365 0.003205
1602075318.337494 20.807607 0.003201
1602075318.502495 20.806902 0.003200
1602075318.667495 20.804989 0.003195
1602075318.766495 20.803903 0.003192
1602075318.865495 20.803751 0.003191
1602075318.964495 20.803143 0.003188
1602075319.063496 20.802826 0.003184
1602075319.129496 20.801282 0.003182
1602075319.195496 20.801218 0.003179
1602075319.261496 20.801348 0.003179
1602075319.327497 20.801778 0.003178
1602075319.393497 20.802163 0.003176
1602075319.459497 20.801378 0.003169
1602075319.558497 20.800067 0.003171
1602075319.690497 20.799743 0.003170
1602075319.822498 20.798750 0.003163
1602075319.954498 20.796964 0.003163
1602075320.086498 20.795479 0.003159
1602075320.185498 20.794427 0.003154
1602075320.284499 20.794360 0.003154
1602075320.383499 20.794766 0.003150
1602075320.449499 20.794656 0.003152
1602075320.515499 20.794074 0.003150
1602075320.581499 20.794406 0.003148
1602075320.647500 20.795020 0.003145
1602075320.746500 20.793719 0.003145
1602075320.845500 20.794330 0.003144
1602075320.944500 20.793568 0.003139
1602075321.109501 20.793319 0.003140
1602075321.274501 20.794285 0.003139
1602075321.439501 20.794092 0.003134
1602075321.604502 20.795104 0.003131
1602075321.736502 20.795537 0.003128
1602075321.868502 20.794477 0.003127
1602075322.033503 20.794495 0.003126
1602075322.198503 20.794944 0.003122
1602075322.363504 20.792415 0.003115
1602075322.528504 20.793100 0.003116
1602075322.693504 20.792459 0.003118
1602075322.825505 20.791972 0.003117
1602075322.957505 20.792916 0.003115
1602075323.089505 20.793526 0.003114
1602075323.188506 20.793138 0.003113
1602075323.287506 20.793511 0.003113
1602075323.386506 20.794391 0.003110
1602075323.518506 20.794080 0.003110
1602075323.650507 20.793993 0.003109
1602075323.749507 20.793665 0.003108
1602075323.848507 20.794061 0.003108
1602075323.947507 20.793836 0.003106
1602075324.046508 20.793741 0.003107
1602075324.145508 20.794368 0.003107
1602075324.244508 20.794652 0.003106
1602075324.343508 20.795122 0.003105
1602075324.475508 20.794757 0.003102
1602075324.574509 20.794123 0.003097
1602075324.673509 20.794162 0.003100
1602075324.772509 20.794197 0.003100
1602075324.904510 20.794104 0.003101
1602075325.036510 20.794014 0.003099
1602075325.135510 20.793747 0.003097
1602075325.267510 20.793672 0.003099
1602075325.366511 20.793316 0.003098
1602075325.465511 20.792914 0.003097
1602075325.564511 20.793303 0.003096
1602075325.663511 20.793929 0.003095
1602075325.762512 20.794395 0.003094
1602075325.861512 20.794224 0.003096
1602075325.960512 20.794505 0.003095
1602075326.059512 20.793800 0.003094
1602075326.158513 20.793869 0.003092
1602075326.257513 20.793962 0.003093
1602075326.356513 20.793385 0.003093
1602075326.455513 20.793419 0.003092
1602075326.587514 20.793408 0.003092
1602075326.719514 20.792958 0.003092
1602075326.818514 20.792664 0.003089
1602075326.917514 20.792154 0.003089
1602075327.016515 20.792861 0.003090
1602075327.115515 20.792762 0.003088
1602075327.181515 20.792061 0.003090
1602075327.247515 20.791853 0.003089
1602075327.346515 20.792160 0.003090
1602075327.445516 20.792386 0.003088
1602075327.544516 20.792355 0.003088
1602075327.643516 20.792358 0.003087
1602075327.742516 20.792816 0.003085
1602075327.841516 20.793508 0.003088
1602075327.940517 20.793637 0.003087
1602075328.006517 20.793700 0.003087
1602075328.072517 20.794136 0.003085
1602075328.138517 20.794213 0.003087
1602075328.204517 20.794023 0.003085
1602075328.270518 20.794394 0.003084
1602075328.336518 20.794383 0.003082
1602075328.402518 20.794135 0.003086
1602075328.468518 20.794419 0.003085
1602075328.534518 20.793904 0.003081
1602075328.633518 20.793383 0.003070
1602075328.732519 20.793970 0.003084
1602075328.831519 20.794768 0.003084
1602075328.930519 20.794947 0.003080
1602075329.095520 20.794792 0.003084
1602075329.260520 20.794130 0.003083
1602075329.425520 20.794230 0.003081
1602075329.557521 20.794790 0.003083
1602075329.689521 20.795394 0.003083
1602075329.788521 20.795498 0.003083
1602075329.920521 20.796385 0.003082
1602075330.052522 20.796815 0.003083
1602075330.184522 20.796803 0.003080
1602075330.316523 20.796431 0.003082
1602075330.415523 20.796899 0.003079
1602075330.514523 20.796729 0.003078
1602075330.613523 20.796804 0.003081
1602075330.712523 20.796168 0.003082
1602075330.844524 20.795922 0.003079
1602075330.976524 20.796100 0.003081
1602075331.108524 20.796562 0.003080
1602075331.207525 20.796695 0.003080
1602075331.306525 20.797148 0.003081
1602075331.405525 20.797653 0.003081
1602075331.504525 20.797530 0.003081
1602075331.603526 20.797072 0.003080
1602075331.702526 20.797045 0.003081
1602075331.801526 20.797445 0.003080
1602075331.933526 20.797296 0.003079
1602075332.098527 20.796823 0.003076
1602075332.263527 20.797681 0.003079
1602075332.395527 20.797541 0.003080
1602075332.560528 20.797448 0.003080
1602075332.725528 20.797326 0.003080
1602075332.890528 20.798206 0.003072
1602075333.055529 20.798862 0.003077
1602075333.220529 20.799068 0.003079
1602075333.385530 20.799713 0.003078
1602075333.550530 20.799381 0.003076
1602075333.715530 20.799935 0.003079
1602075333.880531 20.800703 0.003079
1602075334.045531 20.801617 0.003079
1602075334.210532 20.802417 0.003078
1602075334.375532 20.803222 0.003077
1602075334.540533 20.803969 0.003077
1602075334.705533 20.804590 0.003079
1602075334.837533 20.805570 0.003079
1602075334.969533 20.805530 0.003078
1602075335.101534 20.805910 0.003077
1602075335.266534 20.804703 0.003078
1602075335.398535 20.806452 0.003070
1602075335.530535 20.807115 0.003078
1602075335.662535 20.806658 0.003077
1602075335.794535 20.808352 0.003073
1602075335.926536 20.809816 0.003073
1602075336.058536 20.810295 0.003076
1602075336.190536 20.810525 0.003074
1602075336.322537 20.810466 0.003075
1602075336.421537 20.810880 0.003077
1602075336.520537 20.810476 0.003075
1602075336.619537 20.811944 0.003075
1602075336.718538 20.811948 0.003076
1602075336.817538 20.811201 0.003067
1602075336.916538 20.811688 0.003076
1602075337.015538 20.811404 0.003073
1602075337.114539 20.811191 0.003077
1602075337.213539 20.810364 0.003073
1602075337.312539 20.811723 0.003075
1602075337.411540 20.810547 0.003074
1602075337.510540 20.808985 0.003074
1602075337.642540 20.808148 0.003075
1602075337.741540 20.807361 0.003076
1602075337.840540 20.807745 0.003075
1602075337.939541 20.807251 0.003075
1602075338.038541 20.806996 0.003074
1602075338.137541 20.805636 0.003074
1602075338.236541 20.805555 0.003073
1602075338.335541 20.804485 0.003070
1602075338.434542 20.805695 0.003072
1602075338.533542 20.804705 0.003073
1602075338.632542 20.804185 0.003072
1602075338.731543 20.801267 0.003073
1602075338.830543 20.800568 0.003072
1602075338.929543 20.799490 0.003072
1602075339.028543 20.797371 0.003070
1602075339.127543 20.796959 0.003070
1602075339.226544 20.796156 0.003071
1602075339.325544 20.794094 0.003070
1602075339.424544 20.792661 0.003069
1602075339.523545 20.792329 0.003070
1602075339.622545 20.791663 0.003070
1602075339.688545 20.791601 0.003067
1602075339.787545 20.792750 0.003068
1602075339.886545 20.791714 0.003069
1602075339.985545 20.790798 0.003068
1602075340.084546 20.789468 0.003067
1602075340.183546 20.788569 0.003068
1602075340.249546 20.788629 0.003065
1602075340.315546 20.787403 0.003064
1602075340.381546 20.786848 0.003067
1602075340.480547 20.785504 0.003065
1602075340.612547 20.784857 0.003067
1602075340.711547 20.784438 0.003066
1602075340.810547 20.784579 0.003067
1602075340.909548 20.783415 0.003066
1602075341.008548 20.782126 0.003064
1602075341.107548 20.781845 0.003065
1602075341.206548 20.781528 0.003065
1602075341.305548 20.780600 0.003065
1602075341.404549 20.780515 0.003065
1602075341.503549 20.779345 0.003064
1602075341.602549 20.779053 0.003064
1602075341.701550 20.778169 0.003065
1602075341.800550 20.777391 0.003064
1602075341.899550 20.777236 0.003064
1602075341.998550 20.776486 0.003064
1602075342.097551 20.775938 0.003064
1602075342.196551 20.775189 0.003063
1602075342.262551 20.773760 0.003063
1602075342.328551 20.773520 0.003061
1602075342.394551 20.773174 0.003063
1602075342.460552 20.772640 0.003062
1602075342.526551 20.772433 0.003063
1602075342.592552 20.772060 0.003062
1602075342.658552 20.771630 0.003062
1602075342.724552 20.771596 0.003062
1602075342.790552 20.771070 0.003062
1602075342.856552 20.770749 0.003062
1602075342.955553 20.770036 0.003061
1602075343.021553 20.769682 0.003062
1602075343.087553 20.769169 0.003061
1602075343.153553 20.768719 0.003062
1602075343.219553 20.768324 0.003062
1602075343.285553 20.768161 0.003061
1602075343.351553 20.767868 0.003061
1602075343.417553 20.767220 0.003061
1602075343.516554 20.766709 0.003060
1602075343.582554 20.766245 0.003061
1602075343.648554 20.766232 0.003061
1602075343.714554 20.765869 0.003061
1602075343.780554 20.765649 0.003061
1602075343.846555 20.764773 0.003061
1602075343.912555 20.764455 0.003060
1602075343.978555 20.763936 0.003060
1602075344.077555 20.763344 0.003060
1602075344.176555 20.762838 0.003059
1602075344.242555 20.762409 0.003060
1602075344.308556 20.761982 0.003060
1602075344.374556 20.762007 0.003060
1602075344.440556 20.761571 0.003060
1602075344.539556 20.761828 0.003059
1602075344.605556 20.761345 0.003060
1602075344.671556 20.760952 0.003060
1602075344.770557 20.760775 0.003060
1602075344.836557 20.760457 0.003060
1602075344.902557 20.760687 0.003058
1602075344.968557 20.760227 0.003059
1602075345.034557 20.759675 0.003059
1602075345.100558 20.759448 0.003060
1602075345.166558 20.759006 0.003059
1602075345.265558 20.758403 0.003059
1602075345.364558 20.757945 0.003059
1602075345.463558 20.757040 0.003058
1602075345.562558 20.756541 0.003059
1602075345.661559 20.755800 0.003059
1602075345.760559 20.755240 0.003059
1602075345.859559 20.754770 0.003057
1602075345.958560 20.754031 0.003058
1602075346.057560 20.753168 0.003058
1602075346.123560 20.751954 0.003057
1602075346.222560 20.752070 0.003058
1602075346.288560 20.751338 0.003058
1602075346.387560 20.750704 0.003058
1602075346.453561 20.750415 0.003058
1602075346.552561 20.749763 0.003058
1602075346.651561 20.749047 0.003058
1602075346.750561 20.748374 0.003057
1602075346.849562 20.747635 0.003058
1602075346.948562 20.747027 0.003058
1602075347.047562 20.746744 0.003058
1602075347.146562 20.745864 0.003055
1602075347.245563 20.745223 0.003057
1602075347.344563 20.744310 0.003057
1602075347.443563 20.743198 0.003056
1602075347.542563 20.742623 0.003057
1602075347.674564 20.741991 0.003056
1602075347.806564 20.741678 0.003055
1602075347.938564 20.740527 0.003055
1602075348.070565 20.739705 0.003056
1602075348.202565 20.738746 0.003056
1602075348.334565 20.738378 0.003055
1602075348.466565 20.737898 0.003054
1602075348.565566 20.737088 0.003056
1602075348.664566 20.736381 0.003056
1602075348.763566 20.735572 0.003056
1602075348.862566 20.735151 0.003056
1602075348.961567 20.734736 0.003056
1602075349.060567 20.734619 0.003056
1602075349.126567 20.734112 0.003055
1602075349.192567 20.733887 0.003056
1602075349.291567 20.733228 0.003056
1602075349.390568 20.733310 0.003056
1602075349.489568 20.732537 0.003055
1602075349.588568 20.731936 0.003056
1602075349.687568 20.731465 0.003054
1602075349.819569 20.730829 0.003054
1602075349.918569 20.730429 0.003056
1602075350.017569 20.729722 0.003055
1602075350.116569 20.728705 0.003055
1602075350.215570 20.727920 0.003055
1602075350.314570 20.727378 0.003056
1602075350.413570 20.727130 0.003056
1602075350.512570 20.726853 0.003055
1602075350.611571 20.726805 0.003055
1602075350.710571 20.726420 0.003055
1602075350.809571 20.725252 0.003055
1602075350.908571 20.724661 0.003055
1602075351.007571 20.724297 0.003055
1602075351.106572 20.724067 0.003055
1602075351.205572 20.723756 0.003055
1602075351.304572 20.723562 0.003055
1602075351.403573 20.723007 0.003055
1602075351.502573 20.723062 0.003055
1602075351.601573 20.722972 0.003055
1602075351.700573 20.722849 0.003055
1602075351.799573 20.722591 0.003055
1602075351.898574 20.722420 0.003055
1602075351.997574 20.722077 0.003055
1602075352.096574 20.721928 0.003054
1602075352.195574 20.721872 0.003055
1602075352.261575 20.721607 0.003055
1602075352.327574 20.721588 0.003055
1602075352.393575 20.720970 0.003053
1602075352.492575 20.721119 0.003055
1602075352.591575 20.720881 0.003054
1602075352.690576 20.720772 0.003055
1602075352.756576 20.720527 0.003055
1602075352.855576 20.720415 0.003055
1602075352.954576 20.719882 0.003055
1602075353.053576 20.719662 0.003055
1602075353.152576 20.719644 0.003055
1602075353.251577 20.718980 0.003053
1602075353.350577 20.719383 0.003055
1602075353.449577 20.718705 0.003054
1602075353.548578 20.718727 0.003054
1602075353.647578 20.718693 0.003055
1602075353.713578 20.718168 0.003055
1602075353.812578 20.718084 0.003054
1602075353.878578 20.717789 0.003055
1602075353.977578 20.717385 0.003054
1602075354.043579 20.716838 0.003054
1602075354.142579 20.716430 0.003054
1602075354.241579 20.716357 0.003055
1602075354.340579 20.716057 0.003055
1602075354.439580 20.715832 0.003055
1602075354.538580 20.716144 0.003055
1602075354.637580 20.715822 0.003052
1602075354.736580 20.715376 0.003054
1602075354.835581 20.715083 0.003054
1602075354.901581 20.714820 0.003055
1602075355.000581 20.714705 0.003055
1602075355.099581 20.714143 0.003054
1602075355.198581 20.713942 0.003054
1602075355.297582 20.713702 0.003054
1602075355.396582 20.712596 0.003054
1602075355.495582 20.712697 0.003054
1602075355.594583 20.712258 0.003054
1602075355.726583 20.711386 0.003054
1602075355.825583 20.710983 0.003054
1602075355.957583 20.710151 0.003054
1602075356.089584 20.710045 0.003054
1602075356.221584 20.709240 0.003054
1602075356.353584 20.708335 0.003054
1602075356.485585 20.706993 0.003054
1602075356.617585 20.706712 0.003053
1602075356.749585 20.705541 0.003053
1602075356.881585 20.703664 0.003053
1602075357.079586 20.702696 0.003052
1602075357.277586 20.702146 0.003053
1602075357.442587 20.700689 0.003052
1602075357.607587 20.700810 0.003050
1602075357.772588 20.699599 0.003051
1602075357.937588 20.698346 0.003052
1602075358.102588 20.696390 0.003053
1602075358.234589 20.695601 0.003053
1602075358.399589 20.695570 0.003052
1602075358.564590 20.694186 0.003053
1602075358.729590 20.692673 0.003050
1602075358.894590 20.690542 0.003053
1602075359.026591 20.690967 0.003050
1602075359.191591 20.689918 0.003047
1602075359.323591 20.688403 0.003049
1602075359.455592 20.691550 0.003053
1602075359.587592 20.688342 0.003054
1602075359.719592 20.693001 0.003054
1602075359.851593 20.688709 0.003051
1602075359.983593 20.687443 0.003054
1602075360.115593 20.688043 0.003054
1602075360.214594 20.686449 0.003053
1602075360.346594 20.685488 0.003054
1602075360.445594 20.687195 0.003054
1602075360.544594 20.685912 0.003054
1602075360.643595 20.684795 0.003053
1602075360.742594 20.684456 0.003053
1602075360.874595 20.682430 0.003054
1602075361.006595 20.680674 0.003052
1602075361.105596 20.679416 0.003048
1602075361.204596 20.678792 0.003049
1602075361.303596 20.677327 0.003048
1602075361.402596 20.676413 0.003049
1602075361.534597 20.675066 0.003049
1602075361.666597 20.673935 0.003051
1602075361.798597 20.673630 0.003053
1602075361.930598 20.672494 0.003053
1602075362.062598 20.671651 0.003052
1602075362.194598 20.670774 0.003052
1602075362.293598 20.670089 0.003052
1602075362.392599 20.670105 0.003052
1602075362.491599 20.668998 0.003049
1602075362.590599 20.669178 0.003051
1602075362.689599 20.669358 0.003052
1602075362.788599 20.669195 0.003051
1602075362.887600 20.669599 0.003051
1602075362.986600 20.669379 0.003051
1602075363.085600 20.669022 0.003051
1602075363.184601 20.669129 0.003051
1602075363.283601 20.668892 0.003050
1602075363.382601 20.668611 0.003050
1602075363.481601 20.668732 0.003050
1602075363.580601 20.668450 0.003049
1602075363.679602 20.668257 0.003050
1602075363.778602 20.668271 0.003049
1602075363.877602 20.668611 0.003049
1602075363.976602 20.668627 0.003049
1602075364.075603 20.668365 0.003048
1602075364.174603 20.668498 0.003047
1602075364.273603 20.668781 0.003048
1602075364.372603 20.668703 0.003048
1602075364.471603 20.668553 0.003047
1602075364.570604 20.668539 0.003047
1602075364.669604 20.668430 0.003048
1602075364.768604 20.668044 0.003048
1602075364.867604 20.668386 0.003047
1602075364.966605 20.669040 0.003046
1602075365.065605 20.668412 0.003043
1602075365.164605 20.668233 0.003045
1602075365.296605 20.669077 0.003045
1602075365.428606 20.668850 0.003046
1602075365.560606 20.668910 0.003045
1602075365.692606 20.668388 0.003046
1602075365.824607 20.668991 0.003045
1602075365.956607 20.669561 0.003045
1602075366.055607 20.669821 0.003041
1602075366.154608 20.669145 0.003039
1602075366.253608 20.668850 0.003044
1602075366.352608 20.669775 0.003041
1602075366.418608 20.669656 0.003042
1602075366.484608 20.668743 0.003044
1602075366.550608 20.668614 0.003044
1602075366.616609 20.668734 0.003044
1602075366.682609 20.669310 0.003043
1602075366.748609 20.669386 0.003044
1602075366.814609 20.669719 0.003044
1602075366.880609 20.670179 0.003044
1602075366.946609 20.670296 0.003043
1602075367.012609 20.670294 0.003044
1602075367.078610 20.670564 0.003042
1602075367.144610 20.671268 0.003043
1602075367.210610 20.672040 0.003043
1602075367.276610 20.671745 0.003041
1602075367.342610 20.671637 0.003041
1602075367.408611 20.671862 0.003044
1602075367.474611 20.672332 0.003043
1602075367.540611 20.672365 0.003043
1602075367.606611 20.672762 0.003044
1602075367.705611 20.673236 0.003044
1602075367.804612 20.673464 0.003043
1602075367.870612 20.674024 0.003039
1602075367.936612 20.673915 0.003041
1602075368.002612 20.673687 0.003043
1602075368.068612 20.674313 0.003043
1602075368.134612 20.674475 0.003043
1602075368.233613 20.674904 0.003042
1602075368.332613 20.675047 0.003042
1602075368.431613 20.674794 0.003040
1602075368.563613 20.674732 0.003037
1602075368.662613 20.674171 0.003043
1602075368.761614 20.674709 0.003043
1602075368.860614 20.674259 0.003042
1602075368.926614 20.675439 0.003042
1602075369.025614 20.675782 0.003043
1602075369.124614 20.676117 0.003043
1602075369.223615 20.675680 0.003043
1602075369.289615 20.675697 0.003042
1602075369.355615 20.675591 0.003043
1602075369.421615 20.675233 0.003043
1602075369.487615 20.675529 0.003042
1602075369.553615 20.676386 0.003042
1602075369.619616 20.676747 0.003039
1602075369.685616 20.676406 0.003042
1602075369.751616 20.676712 0.003043
1602075369.817616 20.676735 0.003042
1602075369.883616 20.676961 0.003041
1602075369.949616 20.676605 0.003042
1602075370.015616 20.676533 0.003043
1602075370.081617 20.676840 0.003042
1602075370.147617 20.676843 0.003041
1602075370.213617 20.677058 0.003042
1602075370.279617 20.677270 0.003042
1602075370.345617 20.677874 0.003041
1602075370.444618 20.677249 0.003042
1602075370.510617 20.677388 0.003032
1602075370.576618 20.677635 0.003042
1602075370.642618 20.678854 0.003041
1602075370.741618 20.677527 0.003043
1602075370.840619 20.676513 0.003041
1602075370.939619 20.676784 0.003041
1602075371.038619 20.676615 0.003041
1602075371.137619 20.676316 0.003042
1602075371.236619 20.676913 0.003042
1602075371.302620 20.676257 0.003041
1602075371.368620 20.675348 0.003042
1602075371.434620 20.675094 0.003042
1602075371.500620 20.676114 0.003041
1602075371.566620 20.675985 0.003042
1602075371.632621 20.675094 0.003042
1602075371.698621 20.675380 0.003042
1602075371.764621 20.674215 0.003042
1602075371.830621 20.674691 0.003042
1602075371.896621 20.674675 0.003042
1602075371.962621 20.675038 0.003041
1602075372.061621 20.672859 0.003042
1602075372.160622 20.672730 0.003041
1602075372.259622 20.672115 0.003042
1602075372.391622 20.673760 0.003042
1602075372.490623 20.672615 0.003042
1602075372.589623 20.671554 0.003042
1602075372.655623 20.669183 0.003042
1602075372.721623 20.667518 0.003041
1602075372.787623 20.667625 0.003042
1602075372.853623 20.666712 0.003042
1602075372.919623 20.666160 0.003042
1602075372.985624 20.665392 0.003042
1602075373.051624 20.664630 0.003042
1602075373.117624 20.660994 0.003041
1602075373.183624 20.662031 0.003041
1602075373.249624 20.660830 0.003042
1602075373.348625 20.666085 0.003039
1602075373.447625 20.667264 0.003041
1602075373.546625 20.669560 0.003040
1602075373.645625 20.670479 0.003040
1602075373.777626 20.670977 0.003041
1602075373.876626 20.670183 0.003042
1602075374.008626 20.670374 0.003041
1602075374.140626 20.668882 0.003042
1602075374.239627 20.669084 0.003042
1602075374.338627 20.667814 0.003042
1602075374.437627 20.668788 0.003041
1602075374.569627 20.667633 0.003042
1602075374.701628 20.664528 0.003041
1602075374.800628 20.659048 0.003040
1602075374.899628 20.656958 0.003040
1602075375.031629 20.656782 0.003034
1602075375.163629 20.655414 0.003038
1602075375.262629 20.653678 0.003039
1602075375.361629 20.653014 0.003040
1602075375.460629 20.652334 0.003042
1602075375.559630 20.653989 0.003042
1602075375.658630 20.654398 0.003042
1602075375.757630 20.654631 0.003042
1602075375.823630 20.654027 0.003041
1602075375.889631 20.655323 0.003041
1602075375.988631 20.655433 0.003042
1602075376.087631 20.655583 0.003041
1602075376.186631 20.656046 0.003042
1602075376.285631 20.653101 0.003041
1602075376.351632 20.655329 0.003042
1602075376.450632 20.656973 0.003042
1602075376.549632 20.654284 0.003041
1602075376.648632 20.656478 0.003041
1602075376.747633 20.658595 0.003041
1602075376.813633 20.659783 0.003041
1602075376.879633 20.660480 0.003041
1602075376.945633 20.661947 0.003041
1602075377.044633 20.663477 0.003040
1602075377.143634 20.664539 0.003040
1602075377.242634 20.667739 0.003041
1602075377.341634 20.669287 0.003041
1602075377.407634 20.670606 0.003035
1602075377.506634 20.672757 0.003034
1602075377.572635 20.672683 0.003033
1602075377.638635 20.672981 0.003038
1602075377.737635 20.675284 0.003042
1602075377.836635 20.677210 0.003041
1602075377.935636 20.677982 0.003040
1602075378.001636 20.678219 0.003037
1602075378.067636 20.678423 0.003040
1602075378.133636 20.679217 0.003036
1602075378.199636 20.680656 0.003041
1602075378.265636 20.681138 0.003040
1602075378.331636 20.679675 0.003000
1602075378.397637 20.683574 0.003039
1602075378.463637 20.682158 0.003040
1602075378.529637 20.682442 0.003042
1602075378.595637 20.682257 0.003041
1602075378.661637 20.682873 0.003017
1602075378.760638 20.684538 0.003040
1602075378.859637 20.685235 0.003040
1602075378.925638 20.685546 0.003026
1602075378.991638 20.686661 0.003041
1602075379.057638 20.685898 0.003027
1602075379.123638 20.686055 0.003039
1602075379.189638 20.686872 0.003041
1602075379.255639 20.687923 0.003042
1602075379.321639 20.689084 0.003042
1602075379.387639 20.688835 0.003042
1602075379.453639 20.688736 0.003040
1602075379.519639 20.687715 0.003041
1602075379.585639 20.687235 0.003039
1602075379.651639 20.687061 0.003041
1602075379.717640 20.687532 0.003042
1602075379.783640 20.687744 0.003041
1602075379.849640 20.687807 0.003041
1602075379.915640 20.687288 0.003042
1602075379.981640 20.686781 0.003041
1602075380.047640 20.686747 0.003041
1602075380.146641 20.687110 0.003042
1602075380.245641 20.686318 0.003039
1602075380.344641 20.686310 0.003041
1602075380.443641 20.685448 0.003039
1602075380.542642 20.685781 0.003035
1602075380.641642 20.685887 0.003041
1602075380.740642 20.686836 0.003040
1602075380.839642 20.687405 0.003039
1602075380.938643 20.687664 0.003038
1602075381.037643 20.687923 0.003038
1602075381.136643 20.689206 0.003038
1602075381.235643 20.690004 0.003037
1602075381.334643 20.690796 0.003033
1602075381.433644 20.691382 0.003040
1602075381.532644 20.692360 0.003041
1602075381.631644 20.693078 0.003038
1602075381.763644 20.693083 0.003039
1602075381.895645 20.691898 0.003042
1602075381.994645 20.689635 0.003041
1602075382.126645 20.689219 0.003041
1602075382.258646 20.686377 0.003042
1602075382.423646 20.685437 0.003041
1602075382.621647 20.685547 0.003041
1602075382.819647 20.687208 0.003038
1602075383.050647 20.688859 0.003038
1602075383.347648 20.692910 0.003039
1602075383.644649 20.702026 0.003040
1602075383.908649 20.709416 0.003041
1602075384.205650 20.713349 0.003041
1602075384.469651 20.706009 0.003041
1602075384.733651 20.701785 0.003041
1602075384.997652 20.702519 0.003040
1602075385.195653 20.703052 0.003036
1602075385.360653 20.707754 0.003031
1602075385.525654 20.712245 0.003017
1602075385.657654 20.713488 0.003035
1602075385.789654 20.715531 0.003031
1602075385.921654 20.714901 0.003027
1602075386.020655 20.715485 0.003030
1602075386.119655 20.717828 0.003034
1602075386.218655 20.715886 0.003037
1602075386.317655 20.716847 0.003038
1602075386.416656 20.719253 0.003036
1602075386.515656 20.718760 0.003040
1602075386.614656 20.721134 0.003041
1602075386.680656 20.713565 0.003039
1602075386.746656 20.713895 0.003038
1602075386.845657 20.713901 0.003041
1602075386.911657 20.715024 0.003037
1602075386.977657 20.715285 0.003040
1602075387.043657 20.712341 0.003037
1602075387.109657 20.711176 0.003040
1602075387.175657 20.711471 0.003041
1602075387.241657 20.709298 0.003040
1602075387.307658 20.709453 0.003041
1602075387.373658 20.709075 0.003041
1602075387.439658 20.708565 0.003040
1602075387.505658 20.707775 0.003041
1602075387.571658 20.708167 0.003041
1602075387.637658 20.709072 0.003041
1602075387.736659 20.711107 0.003041
1602075387.835659 20.709970 0.003041
1602075387.934659 20.708548 0.003041
1602075388.033659 20.708200 0.003041
1602075388.132660 20.707709 0.003040
1602075388.231660 20.706265 0.003041
1602075388.330660 20.704686 0.003040
1602075388.429660 20.704342 0.003041
1602075388.528661 20.702456 0.003040
1602075388.627661 20.700958 0.003041
1602075388.726661 20.699739 0.003041
1602075388.825661 20.699463 0.003041
1602075388.924661 20.698441 0.003041
1602075389.023662 20.697531 0.003039
1602075389.122662 20.691937 0.003018
1602075389.221662 20.691892 0.003016
1602075389.320662 20.692184 0.003016
1602075389.419663 20.689865 0.003013
1602075389.518663 20.689625 0.003040
1602075389.617663 20.689228 0.003040
1602075389.716664 20.687912 0.003039
1602075389.815664 20.687676 0.003036
1602075389.881664 20.687567 0.003040
1602075389.947664 20.687288 0.003039
1602075390.013664 20.686988 0.003040
1602075390.079664 20.687179 0.003041
1602075390.145664 20.687798 0.003041
1602075390.244665 20.688093 0.003040
1602075390.343665 20.688082 0.003040
1602075390.442665 20.687694 0.003039
1602075390.541665 20.690772 0.003038
1602075390.640666 20.691130 0.003040
1602075390.739666 20.691718 0.003036
1602075390.838666 20.692328 0.003040
1602075390.937666 20.693370 0.003039
1602075391.036667 20.693325 0.003039
1602075391.135667 20.693936 0.003040
1602075391.234667 20.693809 0.003039
1602075391.300667 20.694772 0.003036
1602075391.366667 20.694366 0.003040
1602075391.432667 20.694584 0.003039
1602075391.498667 20.695076 0.003040
1602075391.564668 20.696258 0.003037
1602075391.630668 20.697061 0.003029
1602075391.696668 20.697583 0.003026
1602075391.762668 20.697599 0.003040
1602075391.795668 20.697896 0.003036
1602075391.861669 20.698897 0.003039
1602075391.927669 20.699491 0.003031
1602075391.993669 20.700778 0.003040
1602075392.059669 20.699896 0.003038
1602075392.125669 20.699537 0.003036
1602075392.191669 20.699709 0.003038
1602075392.257669 20.699053 0.003040
1602075392.323669 20.699108 0.003040
1602075392.422670 20.699840 0.003040
1602075392.488670 20.698006 0.003038
1602075392.554670 20.698068 0.003039
1602075392.620670 20.698760 0.003033
1602075392.686671 20.699890 0.003031
1602075392.752671 20.700006 0.003040
1602075392.818671 20.701522 0.003040
1602075392.884671 20.702740 0.003037
1602075392.950671 20.703206 0.003039
1602075393.016671 20.703594 0.003039
1602075393.082671 20.700979 0.003028
1602075393.148671 20.700210 0.003036
1602075393.214672 20.697747 0.003034
1602075393.280672 20.696139 0.003037
1602075393.346672 20.696554 0.003039
1602075393.412672 20.693782 0.003039
1602075393.478672 20.695262 0.003038
1602075393.544672 20.694066 0.003039
1602075393.610673 20.692388 0.003034
1602075393.676673 20.693277 0.003039
1602075393.742673 20.692741 0.003038
1602075393.808673 20.691719 0.003033
1602075393.907673 20.692377 0.003038
1602075393.973674 20.691828 0.003039
1602075394.072674 20.692151 0.003036
1602075394.138674 20.688379 0.003021
1602075394.204674 20.686520 0.003022
1602075394.270674 20.685475 0.003027
1602075394.336674 20.685771 0.003037
1602075394.402674 20.686252 0.003039
1602075394.468675 20.685879 0.003039
1602075394.534675 20.684259 0.003037
1602075394.600675 20.681827 0.003039
1602075394.666675 20.681694 0.003035
1602075394.732675 20.680433 0.003038
1602075394.798676 20.680418 0.003038
1602075394.864676 20.680684 0.003038
1602075394.930676 20.681349 0.003036
1602075394.996676 20.679578 0.003034
1602075395.095676 20.678702 0.003036
1602075395.161676 20.678062 0.003032
1602075395.260677 20.678327 0.003038
1602075395.326677 20.678204 0.003033
1602075395.392677 20.677098 0.003038
1602075395.458677 20.676225 0.003038
1602075395.557677 20.677526 0.003038
1602075395.623677 20.676985 0.003038
1602075395.689677 20.678772 0.003039
1602075395.755678 20.676616 0.003036
1602075395.821678 20.675958 0.003038
1602075395.887678 20.676400 0.003038
1602075395.953678 20.675145 0.003038
1602075396.019678 20.674679 0.003036
1602075396.085679 20.675589 0.003038
1602075396.151679 20.675632 0.003038
1602075396.217679 20.674556 0.003037
1602075396.283679 20.674827 0.003038
1602075396.349679 20.674356 0.003037
1602075396.415679 20.674435 0.003038
1602075396.481679 20.674725 0.003037
1602075396.547680 20.674945 0.003036
1602075396.613680 20.675810 0.003037
1602075396.712680 20.675546 0.003037
1602075396.778680 20.674769 0.003037
1602075396.877680 20.674172 0.003035
1602075396.976681 20.674251 0.003037
1602075397.075681 20.674293 0.003037
1602075397.174681 20.673409 0.003036
1602075397.240681 20.673515 0.003035
1602075397.339682 20.674819 0.003037
1602075397.438682 20.674550 0.003036
1602075397.504682 20.673354 0.003036
1602075397.570682 20.673495 0.003036
1602075397.636682 20.672758 0.003025
1602075397.702682 20.671782 0.003036
1602075397.768682 20.672720 0.003037
1602075397.834683 20.673029 0.003036
1602075397.900683 20.672918 0.003035
1602075397.966683 20.672685 0.003037
1602075398.032683 20.671385 0.003037
1602075398.098683 20.671655 0.003037
1602075398.164684 20.672657 0.003036
1602075398.230684 20.671924 0.003037
1602075398.296684 20.671659 0.003037
1602075398.362684 20.671494 0.003037
1602075398.461684 20.670959 0.003037
1602075398.560684 20.670846 0.003037
1602075398.659685 20.670996 0.003032
1602075398.758685 20.671494 0.003031
1602075398.857685 20.670557 0.003034
1602075398.956685 20.671081 0.003036
1602075399.055685 20.669495 0.003037
1602075399.154686 20.670073 0.003037
1602075399.319686 20.670371 0.003035
1602075399.451686 20.671555 0.003032
1602075399.616687 20.672883 0.003032
1602075399.781687 20.674878 0.003034
1602075399.946687 20.673093 0.003035
1602075400.111688 20.672082 0.003029
1602075400.243688 20.673305 0.003033
1602075400.408689 20.674012 0.003035
1602075400.573689 20.674116 0.003036
1602075400.705689 20.673308 0.003036
1602075400.837690 20.674654 0.003034
1602075400.969690 20.674349 0.003036
1602075401.101690 20.674224 0.003035
1602075401.233691 20.674882 0.003034
1602075401.332691 20.675239 0.003036
1602075401.431691 20.676530 0.003036
1602075401.530691 20.677690 0.003030
1602075401.629692 20.678535 0.003027
1602075401.728692 20.677890 0.003030
1602075401.827692 20.678064 0.003028
1602075401.926692 20.677783 0.003034
1602075402.025692 20.678820 0.003031
1602075402.124693 20.678931 0.003033
1602075402.223693 20.680034 0.003027
1602075402.322693 20.681458 0.003036
1602075402.388693 20.682100 0.003035
1602075402.487694 20.682456 0.003035
1602075402.586694 20.681840 0.003036
1602075402.685694 20.682365 0.003029
1602075402.784694 20.681275 0.003032
1602075402.883695 20.681711 0.003034
1602075402.982695 20.682390 0.003034
1602075403.081695 20.681429 0.003035
1602075403.147695 20.681990 0.003034
1602075403.246696 20.680551 0.003035
1602075403.345695 20.679956 0.003034
1602075403.444696 20.680085 0.003034
1602075403.543696 20.678621 0.003032
1602075403.642696 20.679017 0.003035
1602075403.741697 20.678355 0.003034
1602075403.840697 20.679015 0.003035
1602075403.939697 20.679011 0.003035
1602075404.005697 20.678181 0.003034
1602075404.071697 20.679141 0.003035
1602075404.137697 20.679268 0.003034
1602075404.203698 20.679792 0.003034
1602075404.302698 20.679119 0.003035
1602075404.401698 20.678924 0.003034
1602075404.467698 20.679251 0.003034
1602075404.566699 20.679512 0.003034
1602075404.665699 20.679613 0.003034
1602075404.764699 20.679969 0.003034
1602075404.863699 20.679650 0.003034
1602075404.962699 20.679722 0.003034
1602075405.061700 20.679913 0.003034
1602075405.127700 20.679995 0.003034
1602075405.193700 20.680128 0.003034
1602075405.292700 20.680343 0.003034
1602075405.391701 20.680501 0.003033
1602075405.490700 20.680657 0.003034
1602075405.589701 20.681191 0.003033
1602075405.688701 20.681008 0.003033
1602075405.787702 20.681454 0.003033
1602075405.919702 20.681769 0.003033
1602075406.051702 20.682259 0.003033
1602075406.150702 20.682372 0.003033
1602075406.249702 20.682560 0.003033
1602075406.348703 20.682321 0.003033
1602075406.447703 20.682850 0.003032
1602075406.546703 20.683096 0.003032
1602075406.612704 20.683134 0.003032
1602075406.678703 20.682946 0.003032
1602075406.777704 20.682830 0.003032
1602075406.876704 20.682890 0.003032
1602075406.975704 20.682184 0.003032
1602075407.074704 20.682978 0.003032
1602075407.173705 20.682829 0.003030
1602075407.272705 20.681921 0.003031
1602075407.371705 20.681802 0.003032
1602075407.437705 20.681337 0.003031
1602075407.503705 20.680936 0.003031
1602075407.569705 20.681505 0.003031
1602075407.635706 20.681930 0.003031
1602075407.734706 20.681924 0.003029
1602075407.833706 20.681264 0.003025
1602075407.932707 20.680489 0.003030
1602075407.998707 20.680518 0.003029
1602075408.064707 20.680550 0.003031
1602075408.130707 20.680424 0.003030
1602075408.196707 20.680506 0.003031
1602075408.295707 20.680580 0.003031
1602075408.394707 20.680526 0.003030
1602075408.460708 20.680854 0.003029
1602075408.559708 20.680968 0.003031
1602075408.658708 20.680340 0.003031
1602075408.757708 20.680369 0.003031
1602075408.856709 20.679917 0.003031
1602075408.955709 20.679866 0.003030
1602075409.054709 20.680035 0.003030
1602075409.153710 20.680330 0.003030
1602075409.252710 20.680075 0.003030
1602075409.384710 20.678830 0.003030
1602075409.516710 20.676980 0.003030
1602075409.615710 20.677502 0.003030
1602075409.681711 20.677546 0.003030
1602075409.780711 20.677527 0.003030
1602075409.879711 20.678730 0.003029
1602075409.978711 20.677184 0.003030
1602075410.077712 20.677146 0.003030
1602075410.176712 20.677765 0.003029
1602075410.275712 20.677762 0.003030
1602075410.374712 20.678601 0.003030
1602075410.473713 20.679825 0.003029
1602075410.605713 20.679673 0.003030
1602075410.704713 20.680052 0.003030
1602075410.803713 20.677462 0.003030
1602075410.869714 20.676574 0.003029
1602075410.935714 20.679508 0.003007
1602075411.001714 20.677510 0.003029
1602075411.067714 20.674186 0.002992
1602075411.133714 20.674621 0.003026
1602075411.232714 20.673810 0.003026
1602075411.331715 20.673381 0.003029
1602075411.397715 20.675012 0.003029
1602075411.463715 20.674296 0.003028
1602075411.529715 20.673970 0.003029
1602075411.628715 20.673393 0.003027
1602075411.727715 20.672562 0.003029
1602075411.826716 20.672183 0.003028
1602075411.925716 20.671658 0.003029
1602075412.024716 20.674036 0.003029
1602075412.156717 20.673231 0.003028
1602075412.255717 20.672509 0.003027
1602075412.387717 20.671774 0.003028
1602075412.486717 20.672900 0.003028
1602075412.585718 20.668724 0.003026
1602075412.717718 20.669766 0.003029
1602075412.882718 20.669988 0.003028
1602075413.047719 20.668763 0.003028
1602075413.245719 20.668262 0.003028
1602075413.410719 20.668344 0.003027
1602075413.575720 20.667952 0.003029
1602075413.707720 20.667951 0.003029
1602075413.872721 20.667750 0.003029
1602075414.037721 20.668118 0.003029
1602075414.202722 20.669321 0.003028
1602075414.367722 20.669547 0.003029
1602075414.499722 20.669709 0.003029
1602075414.631722 20.671292 0.003029
1602075414.763723 20.672544 0.003029
1602075414.895723 20.669274 0.003029
1602075415.027723 20.670311 0.003029
1602075415.159724 20.669254 0.003029
1602075415.258724 20.669235 0.003029
1602075415.357724 20.667880 0.003029
1602075415.489724 20.667970 0.003028
1602075415.621725 20.667683 0.003028
1602075415.720725 20.668421 0.003028
1602075415.819725 20.670424 0.003028
1602075415.885725 20.672259 0.003029
1602075415.951725 20.672594 0.003029
1602075416.017726 20.673066 0.003029
1602075416.083726 20.672934 0.003029
1602075416.149726 20.673443 0.003029
1602075416.215726 20.674123 0.003028
1602075416.281726 20.674517 0.003028
1602075416.347727 20.674665 0.003028
1602075416.413727 20.674615 0.003028
1602075416.479727 20.674881 0.003026
1602075416.545727 20.674709 0.003028
1602075416.611727 20.678677 0.003028
1602075416.677727 20.677492 0.003029
1602075416.743727 20.673895 0.003028
1602075416.809727 20.674206 0.003029
1602075416.875728 20.674416 0.003028
1602075416.941728 20.674252 0.003028
1602075417.007728 20.674739 0.003028
1602075417.073728 20.674922 0.003028
1602075417.139728 20.675456 0.003029
1602075417.205729 20.675741 0.003029
1602075417.271729 20.675798 0.003028
1602075417.337729 20.675905 0.003029
1602075417.403729 20.675729 0.003029
1602075417.469729 20.675618 0.003029
1602075417.568729 20.675726 0.003029
1602075417.667730 20.675828 0.003029
1602075417.766730 20.676296 0.003029
1602075417.832730 20.676436 0.003029
1602075417.898730 20.676682 0.003029
1602075417.964730 20.676804 0.003028
1602075418.030730 20.676832 0.003029
1602075418.096731 20.676998 0.003028
1602075418.162731 20.677260 0.003028
1602075418.261731 20.677070 0.003027
1602075418.360731 20.677799 0.003028
1602075418.459731 20.678407 0.003028
1602075418.591732 20.679241 0.003029
1602075418.690732 20.678275 0.003029
1602075418.789732 20.678620 0.003029
1602075418.888733 20.678768 0.003028
1602075418.987733 20.679420 0.003029
1602075419.086733 20.680037 0.003029
1602075419.185733 20.680003 0.003028
1602075419.284734 20.679939 0.003028
1602075419.416734 20.680016 0.003026
1602075419.548734 20.679261 0.003028
1602075419.647735 20.679524 0.003028
1602075419.746735 20.679824 0.003029
1602075419.845735 20.679909 0.003028
1602075419.944735 20.679321 0.003028
1602075420.043735 20.679009 0.003029
1602075420.142736 20.678921 0.003028
1602075420.241736 20.678902 0.003028
1602075420.340736 20.678498 0.003028
1602075420.472737 20.679330 0.003028
1602075420.604737 20.678243 0.003029
1602075420.736737 20.678105 0.003029
1602075420.835737 20.677774 0.003029
1602075420.934737 20.676849 0.003029
1602075421.033738 20.676438 0.003028
1602075421.132738 20.678262 0.003029
1602075421.198738 20.678362 0.003029
1602075421.264738 20.676796 0.003028
1602075421.330739 20.675540 0.003028
1602075421.396739 20.674024 0.003029
1602075421.462739 20.674705 0.003029
1602075421.528739 20.675367 0.003029
1602075421.594739 20.675914 0.003028
1602075421.660739 20.673132 0.003012
1602075421.726739 20.673481 0.003027
1602075421.792740 20.673715 0.003028
1602075421.891740 20.673667 0.003028
1602075421.990740 20.673455 0.003029
1602075422.122740 20.672468 0.003028
1602075422.221740 20.671651 0.003028
1602075422.353741 20.671194 0.003028
1602075422.485741 20.670597 0.003029
1602075422.617742 20.669972 0.003029
1602075422.749742 20.670627 0.003028
1602075422.848742 20.671051 0.003028
1602075422.947742 20.671955 0.003028
1602075423.079742 20.671527 0.003028
1602075423.211743 20.672551 0.003029
1602075423.310743 20.672843 0.003025
1602075423.409743 20.673157 0.003028
1602075423.508744 20.672985 0.003028
1602075423.607744 20.675220 0.003028
1602075423.706744 20.675541 0.003028
1602075423.772744 20.675304 0.003027
1602075423.871744 20.674732 0.003029
1602075424.003745 20.674829 0.003028
1602075424.135745 20.676133 0.003028
1602075424.267745 20.676239 0.003028
1602075424.366746 20.675474 0.003028
1602075424.465746 20.675076 0.003028
1602075424.597746 20.675799 0.003028
1602075424.729746 20.674837 0.003028
1602075424.861747 20.674592 0.003027
1602075425.026747 20.674261 0.003027
1602075425.191748 20.674005 0.003028
1602075425.323748 20.672805 0.003028
1602075425.521749 20.673334 0.003028
1602075425.752749 20.669866 0.003027
1602075426.049750 20.668862 0.003028
1602075426.313750 20.668900 0.003028
1602075426.577751 20.669477 0.003028
1602075426.874752 20.669211 0.003028
1602075427.138752 20.668899 0.003028
1602075427.369753 20.669278 0.003028
1602075427.600753 20.670003 0.003029
1602075427.765754 20.671227 0.003028
1602075427.930754 20.671718 0.003028
1602075428.062754 20.672638 0.003028
1602075428.194755 20.672809 0.003027
1602075428.326755 20.672457 0.003027
1602075428.425755 20.674230 0.003028
1602075428.524755 20.676126 0.003027
1602075428.623755 20.675381 0.003027
1602075428.722756 20.674485 0.003027
1602075428.821756 20.675392 0.003028
1602075428.920756 20.676277 0.003028
1602075429.019757 20.676773 0.003028
1602075429.118757 20.676206 0.003028
1602075429.217757 20.675133 0.003028
1602075429.316757 20.672891 0.003028
1602075429.415758 20.672884 0.003028
1602075429.514758 20.673956 0.003028
1602075429.613758 20.675976 0.003028
1602075429.712758 20.676690 0.003025
1602075429.811758 20.680457 0.003027
1602075429.910759 20.680001 0.003026
1602075430.009759 20.680530 0.003025
1602075430.108759 20.681150 0.003026
1602075430.207759 20.682883 0.003027
1602075430.306760 20.682836 0.003027
1602075430.405760 20.683192 0.003028
1602075430.537760 20.683361 0.003028
1602075430.669760 20.683811 0.003028
1602075430.801761 20.683857 0.003028
1602075430.900761 20.684533 0.003027
1602075430.999761 20.685324 0.003027
1602075431.098762 20.684575 0.003028
1602075431.197762 20.685048 0.003027
1602075431.296762 20.686497 0.003027
1602075431.395762 20.687772 0.003027
1602075431.494762 20.687742 0.003027
1602075431.593763 20.688153 0.003027
1602075431.692763 20.687629 0.003027
1602075431.791763 20.687518 0.003027
1602075431.890763 20.687479 0.003027
1602075431.989763 20.688193 0.003027
1602075432.121764 20.687196 0.003027
1602075432.220764 20.688078 0.003027
1602075432.319764 20.688451 0.003027
1602075432.418765 20.688249 0.003027
1602075432.517765 20.687408 0.003027
1602075432.616765 20.687082 0.003027
1602075432.715765 20.687744 0.003027
1602075432.814765 20.687139 0.003026
1602075432.913766 20.688628 0.003026
1602075433.012766 20.688393 0.003026
1602075433.111766 20.688693 0.003026
1602075433.210766 20.688982 0.003026
1602075433.309767 20.689052 0.003026
1602075433.408767 20.689242 0.003026
1602075433.507767 20.689433 0.003026
1602075433.606767 20.688980 0.003026
1602075433.705768 20.688781 0.003026
1602075433.804768 20.689231 0.003025
1602075433.903768 20.688856 0.003025
1602075434.002768 20.689746 0.003026
1602075434.101769 20.689926 0.003026
1602075434.233769 20.689693 0.003026
1602075434.332769 20.689373 0.003026
1602075434.431769 20.689720 0.003026
1602075434.530770 20.689923 0.003026
1602075434.629770 20.689345 0.003025
1602075434.695770 20.689941 0.003025
1602075434.761770 20.690411 0.003024
1602075434.827770 20.691125 0.003023
1602075434.893770 20.690056 0.003025
1602075434.959771 20.690049 0.003025
1602075435.025771 20.689839 0.003025
1602075435.091771 20.690095 0.003025
1602075435.190771 20.690614 0.003025
1602075435.256771 20.689835 0.003025
1602075435.355772 20.689798 0.003024
1602075435.421772 20.690264 0.003024
1602075435.487772 20.690158 0.003022
1602075435.553772 20.689582 0.003025
1602075435.619772 20.689094 0.003025
1602075435.685772 20.689608 0.003025
1602075435.751772 20.689714 0.003025
1602075435.817773 20.689815 0.003025
1602075435.916773 20.689951 0.003024
1602075435.982773 20.691498 0.003023
1602075436.081773 20.690294 0.003024
1602075436.147774 20.689593 0.003023
1602075436.246774 20.689382 0.003024
1602075436.345774 20.690383 0.003024
1602075436.444774 20.689598 0.003023
1602075436.510774 20.690311 0.003024
1602075436.609775 20.689539 0.003024
1602075436.675775 20.688998 0.003024
1602075436.774775 20.688937 0.003023
1602075436.840775 20.688319 0.003024
1602075436.906775 20.687889 0.003024
1602075436.972775 20.687772 0.003024
1602075437.038775 20.687936 0.003025
1602075437.104776 20.688176 0.003025
1602075437.170776 20.688605 0.003024
1602075437.236776 20.689112 0.003025
1602075437.302776 20.689465 0.003024
1602075437.368777 20.689597 0.003022
1602075437.434777 20.689413 0.003023
1602075437.533777 20.689281 0.003024
1602075437.665777 20.689325 0.003024
1602075437.764777 20.688639 0.003024
1602075437.863778 20.689253 0.003024
1602075437.962778 20.689165 0.003025
1602075438.061778 20.689112 0.003023
1602075438.160778 20.688301 0.003023
1602075438.259778 20.688740 0.003023
1602075438.325779 20.690100 0.003024
1602075438.391779 20.690133 0.003024
1602075438.457779 20.689268 0.003024
1602075438.523779 20.690084 0.003024
1602075438.589779 20.689425 0.003024
1602075438.655779 20.689296 0.003023
1602075438.721779 20.689166 0.003024
1602075438.787780 20.689311 0.003024
1602075438.853780 20.688514 0.003020
1602075438.952780 20.687879 0.003024
1602075439.018780 20.688555 0.003024
1602075439.084780 20.687829 0.003024
1602075439.150781 20.688043 0.003024
1602075439.216781 20.687856 0.003024
1602075439.282781 20.688220 0.003024
1602075439.348781 20.688497 0.003024
1602075439.414781 20.688718 0.003024
1602075439.480781 20.688610 0.003024
1602075439.546782 20.688639 0.003023
1602075439.612782 20.688544 0.003023
1602075439.678782 20.689171 0.003022
1602075439.744782 20.688897 0.003024
1602075439.810782 20.688492 0.003024
1602075439.909782 20.688478 0.003024
1602075440.041783 20.688799 0.003024
1602075440.173783 20.690373 0.003024
1602075440.305783 20.688959 0.003023
1602075440.437783 20.689480 0.003023
1602075440.569784 20.688529 0.003023
1602075440.668784 20.689366 0.003023
1602075440.767784 20.689928 0.003024
1602075440.833785 20.690317 0.003023
1602075440.899785 20.690690 0.003024
1602075440.965785 20.690649 0.003023
1602075441.064785 20.691605 0.003023
1602075441.163785 20.691789 0.003023
1602075441.262785 20.693843 0.003024
1602075441.361786 20.693737 0.003024
1602075441.460786 20.693718 0.003024
1602075441.559786 20.695343 0.003023
1602075441.658787 20.695388 0.003022
1602075441.757787 20.695491 0.003023
1602075441.856787 20.698310 0.003023
1602075441.955787 20.698708 0.003023
1602075442.054788 20.698316 0.003022
1602075442.186788 20.699726 0.003024
1602075442.285788 20.699714 0.003023
1602075442.417789 20.700277 0.003022
1602075442.549789 20.702522 0.003023
1602075442.681789 20.706597 0.003023
1602075442.813789 20.705467 0.003019
1602075442.945790 20.705924 0.003020
1602075443.110790 20.703696 0.003019
1602075443.275790 20.702635 0.003022
1602075443.440791 20.704196 0.003023
