DelayedMarginalization 0.00142878 9.19978e-07 0.00834172 1919
DelayedMarginalizationOnly 0.000685139 4.85455e-07 0.00671142 1919
EF-marginalizeFrame 0.00181262 9.5791e-07 0.00886328 1919
FullSystem::trackNewCoarse 0.00638989 1.91418e-05 0.0322972 6171
FullSystem::trackNewCoarseNoIMU 0.00184106 6.94159e-07 0.00606019 109
FullSystemOptimize 0.152406 0.000302967 0.215562 1925
GraphUnrolling 0.0223883 0.000178154 0.0413459 15
IMUInitAddPose 3.52344e-05 3.44561e-09 0.00184137 1925
IMUInitOptimize 0.0069517 1.6188e-05 0.014283 7
IMUIntegration::finishKeyframeOperations 5.03284e-05 1.04815e-09 0.00056332 1913
InitializerFirstFrame 0.0242391 -nan 0.0242391 1
InitializerOtherFrames 0.0342657 0.000302954 0.0943239 90
MainMarginalization 0.00162417 9.31162e-07 0.00862288 1919
MarginalizationReplacementBuildGraph 0.00108238 3.26298e-07 0.00262102 14
MarginalizationReplacementReplaceGraph 0.0240262 0.000157507 0.0415371 14
MarginalizeMainGraph 0.000742724 3.24316e-07 0.0053802 1919
PGBA 0.0170943 -nan 0.0170943 1
PGBAFull 0.00182511 2.17616e-05 0.0186272 15
PrepareGraphForMainOptimization 0.02251 0.000178858 0.041488 15
VisualMarginalization 2.80616e-05 2.08617e-09 0.00112419 1919
activatePointsMT 0.00451458 4.3359e-06 0.0164605 1925
addActiveFrame 0.0653302 0.00636093 0.251472 6371
addIMUData 0.0010355 1.17135e-06 0.0161937 6171
addIMUDataToBA 0.000108777 1.05473e-08 0.00236708 6370
addKeyframeToBA 5.17055e-05 1.31371e-09 0.0011422 1925
afterCoarseTracking 2.74602e-07 1.01837e-13 2.1832e-05 6280
baIteration 0.0246467 3.2834e-05 0.0553781 11126
baMatrixInversion 0.000172316 8.70497e-09 0.00227409 11126
baUpdateBuildHessians 0.000600743 3.06499e-07 0.0100675 11126
coarseTrackingIteration 0.000574075 8.82889e-07 0.00999196 54918
computeBAUpdate 0.000874971 3.25842e-07 0.010351 11126
computeCoarseUpdate 0.000314088 5.31678e-07 0.0071755 54158
computeFactorForCoarseGraphAndMarginalCovariances 0.00235908 7.34843e-07 0.0113654 1913
convertHAndBFromDSO 0.000105077 3.56781e-09 0.00270308 18802
debugPlot 1.05352e-07 8.7638e-14 1.2734e-05 1925
debugPlotIDepthMap 3.53259e-07 2.41951e-14 2.073e-06 1925
debugPlotIDepthMapFloat 3.98213e-08 8.99493e-16 3.01e-07 1925
deliverTrackedFrame 0.0569953 0.00644176 0.24424 6281
flagFramesForMarginalization 2.81374e-06 1.17447e-09 0.00150109 1925
fullCoarseTracking 0.00763483 2.16007e-05 0.035413 6280
initObjectsAndMakeImage 0.00111948 1.03931e-07 0.00425879 6371
makeKeyframe 0.1767 0.000319717 0.244233 1925
makeKeyframeChangeTrackingRef 0.00189597 7.44952e-08 0.0037062 1925
makeNewTraces 0.00353829 1.66932e-07 0.00713179 1925
makeNonKeyframe 0.00398285 1.9246e-06 0.00917677 4356
marginalizeAndRemovePoints 0.00364774 8.21633e-07 0.0079667 1925
marginalizeFrame 0.00364981 1.23713e-06 0.0109155 1919
marginalizeFrameOverhead 0.00183295 1.72467e-07 0.00534277 1919
marginalizeFrames 0.00365423 1.28508e-06 0.0109338 1925
newFrameAndNewResidualsForOldPoints 0.000986994 5.8866e-08 0.00381716 1925
printBiases 9.60737e-06 9.9777e-10 0.000889294 1925
printEigenValLine 1.45379e-07 1.44155e-15 1.022e-06 1925
printLogLine 0.000145514 7.15006e-08 0.00277539 1925
publishInMakeKeyframe 1.53306e-07 5.42883e-15 9.72e-07 1925
removeOutliers 0.00017899 3.78972e-09 0.0011281 1925
swapTrackingRef 0.000176493 1.11467e-07 0.00329517 1924
timeMeasurement 1.60349e-06 1.57026e-11 0.000264774 6371
traceNewCoarse 0.00359715 1.75662e-06 0.00916406 6281
updateBAValues 1.1222e-05 9.1871e-11 0.000927281 20434
zero 1.01941e-07 5.04534e-15 1.664e-06 6371
