1602075239.500307 20.490545 0.419234
1602075239.764308 20.560367 0.386297
1602075240.028308 20.617021 0.370020
1602075240.292309 20.598548 0.352322
1602075240.556310 20.585019 0.342597
1602075240.787310 20.609720 0.334343
1602075241.018311 20.633330 0.311531
1602075241.216311 20.699618 0.270922
1602075241.381312 20.832706 0.232875
1602075241.513312 20.948682 0.202931
1602075241.645312 21.095165 0.186584
1602075241.777313 21.296090 0.173923
1602075241.909313 21.509875 0.157979
1602075242.041313 21.749507 0.152530
1602075242.173314 21.897346 0.210385
1602075242.305314 22.110826 0.202238
1602075242.437314 22.346945 0.201047
1602075242.569314 22.487843 0.133545
1602075242.701315 22.653584 0.133396
1602075242.833315 22.817902 0.132284
1602075242.965316 23.006349 0.124900
1602075243.097316 23.180216 0.120914
1602075243.229316 23.406091 0.115229
1602075243.361316 23.556185 0.104456
1602075243.493317 23.717801 0.099263
1602075243.625317 23.853568 0.095093
1602075243.790317 24.048290 0.090360
1602075243.922318 24.254414 0.080590
1602075244.087318 24.411614 0.075601
1602075244.252318 24.525904 0.071101
1602075244.384319 24.635830 0.067915
1602075244.549319 24.756169 0.059532
1602075244.714320 24.848896 0.053451
1602075244.879320 24.896634 0.048528
1602075245.044321 24.924296 0.044621
1602075245.209321 24.909722 0.041010
1602075245.374321 24.828638 0.037512
1602075245.539322 24.703010 0.034289
1602075245.671322 24.614392 0.032340
1602075245.803322 24.453147 0.030231
1602075245.935323 24.281272 0.028369
1602075246.067323 24.066826 0.026824
1602075246.199323 23.848119 0.026626
1602075246.331323 23.599944 0.025109
1602075246.463324 23.312985 0.023127
1602075246.595324 22.955216 0.023559
1602075246.694324 22.727098 0.022946
1602075246.793324 22.510061 0.023501
1602075246.892325 22.333982 0.022601
1602075246.991325 22.163050 0.021844
1602075247.090325 22.000042 0.022405
1602075247.189326 21.875858 0.021728
1602075247.321326 21.710699 0.020722
1602075247.453326 21.553407 0.020507
1602075247.618326 21.344153 0.019576
1602075247.783327 21.149029 0.018548
1602075247.915327 21.043679 0.018695
1602075248.047328 20.927312 0.018065
1602075248.179328 20.892224 0.017497
1602075248.278328 20.836262 0.016945
1602075248.377328 20.796100 0.016450
1602075248.509329 20.737408 0.015870
1602075248.641329 20.710477 0.015495
1602075248.773329 20.676216 0.015630
1602075248.872329 20.670414 0.015331
1602075249.004330 20.650971 0.014959
1602075249.103330 20.641440 0.014638
1602075249.202330 20.632272 0.014354
1602075249.334331 20.642010 0.014036
1602075249.433331 20.638203 0.013851
1602075249.532331 20.652826 0.013677
1602075249.631331 20.660368 0.013467
1602075249.730331 20.648897 0.013302
1602075249.829332 20.647639 0.013071
1602075249.928332 20.648545 0.012870
1602075250.027332 20.650855 0.012657
1602075250.126333 20.652968 0.012446
1602075250.258333 20.661164 0.012208
1602075250.357333 20.663510 0.012042
1602075250.456333 20.674488 0.011870
1602075250.555333 20.673684 0.011666
1602075250.687334 20.682270 0.011405
1602075250.819334 20.684905 0.011170
1602075250.951334 20.688138 0.010952
1602075251.083335 20.686846 0.010788
1602075251.215335 20.671158 0.010669
1602075251.347335 20.686512 0.010488
1602075251.479336 20.689375 0.010326
1602075251.611336 20.694649 0.010149
1602075251.743336 20.697451 0.009973
1602075251.875336 20.704207 0.009816
1602075251.974337 20.713053 0.009695
1602075252.073337 20.710356 0.009586
1602075252.172337 20.722337 0.009494
1602075252.271338 20.726003 0.009415
1602075252.370338 20.729934 0.009326
1602075252.469338 20.727225 0.009230
1602075252.568338 20.727279 0.009133
1602075252.700338 20.731628 0.008999
1602075252.832339 20.739554 0.008882
1602075252.964339 20.739230 0.008757
1602075253.096339 20.741229 0.008636
1602075253.228340 20.750301 0.008499
1602075253.360340 20.758468 0.008385
1602075253.492341 20.759276 0.008260
1602075253.624341 20.761623 0.008147
1602075253.756341 20.770654 0.008051
1602075253.888341 20.779675 0.007944
1602075254.020341 20.784491 0.007814
1602075254.119342 20.794612 0.007736
1602075254.251342 20.778566 0.007732
1602075254.383343 20.781503 0.007596
1602075254.515343 20.788257 0.007461
1602075254.680343 20.792076 0.007324
1602075254.845344 20.788794 0.007153
1602075255.010344 20.796981 0.006986
1602075255.175344 20.812055 0.006826
1602075255.340345 20.837492 0.006692
1602075255.505345 20.851415 0.006538
1602075255.637346 20.851257 0.006410
1602075255.769346 20.876332 0.006314
1602075255.901346 20.878991 0.006209
1602075256.033346 20.888805 0.006115
1602075256.165347 20.903038 0.006012
1602075256.297347 20.913017 0.005901
1602075256.429347 20.932184 0.005789
1602075256.561347 20.932664 0.005703
1602075256.693348 20.932220 0.005638
1602075256.825348 20.923162 0.005567
1602075256.924348 20.931195 0.005509
1602075257.023349 20.927944 0.005450
1602075257.122349 20.930136 0.005390
1602075257.221349 20.930039 0.005322
1602075257.320349 20.926997 0.005248
1602075257.419350 20.931178 0.005205
1602075257.518350 20.933622 0.005167
1602075257.617350 20.933818 0.005123
1602075257.716351 20.937913 0.005098
1602075257.815351 20.943332 0.005064
1602075257.914351 20.944559 0.005017
1602075258.013351 20.943195 0.004986
1602075258.112351 20.943074 0.004937
1602075258.211352 20.944173 0.004908
1602075258.310352 20.945730 0.004888
1602075258.409352 20.947790 0.004860
1602075258.508352 20.948481 0.004835
1602075258.607352 20.945509 0.004800
1602075258.706353 20.944981 0.004781
1602075258.805353 20.940004 0.004740
1602075258.904353 20.936921 0.004710
1602075259.003354 20.930882 0.004678
1602075259.102354 20.928393 0.004650
1602075259.201354 20.928439 0.004629
1602075259.300354 20.931246 0.004601
1602075259.366354 20.933940 0.004590
1602075259.465354 20.932210 0.004566
1602075259.564355 20.931918 0.004537
1602075259.696355 20.932973 0.004523
1602075259.828356 20.930824 0.004482
1602075259.960356 20.927407 0.004447
1602075260.092356 20.924791 0.004407
1602075260.224356 20.920556 0.004368
1602075260.356357 20.916221 0.004332
1602075260.488357 20.913797 0.004297
1602075260.587357 20.909126 0.004269
1602075260.719357 20.906813 0.004234
1602075260.818358 20.903979 0.004208
1602075260.917358 20.900739 0.004181
1602075261.016358 20.894390 0.004157
1602075261.115358 20.888798 0.004134
1602075261.214359 20.884013 0.004110
1602075261.313359 20.879547 0.004089
1602075261.412359 20.875039 0.004075
1602075261.511359 20.870927 0.004053
1602075261.610360 20.864029 0.004032
1602075261.709360 20.859146 0.004011
1602075261.808360 20.854837 0.003993
1602075261.907360 20.852690 0.003972
1602075262.006361 20.848439 0.003956
1602075262.105361 20.844649 0.003940
1602075262.171361 20.842244 0.003930
1602075262.237361 20.840977 0.003918
1602075262.303361 20.838863 0.003908
1602075262.402361 20.833427 0.003892
1602075262.501362 20.826047 0.003876
1602075262.633362 20.820128 0.003854
1602075262.732362 20.816853 0.003841
1602075262.831362 20.813208 0.003828
1602075262.930363 20.807391 0.003815
1602075263.062363 20.801879 0.003797
1602075263.194363 20.799437 0.003779
1602075263.293364 20.794011 0.003770
1602075263.392364 20.790639 0.003757
1602075263.491364 20.789650 0.003745
1602075263.590364 20.788433 0.003745
1602075263.689364 20.786382 0.003734
1602075263.788365 20.785466 0.003725
1602075263.887365 20.784539 0.003718
1602075263.953365 20.782728 0.003712
1602075264.052365 20.780612 0.003702
1602075264.151366 20.779390 0.003695
1602075264.217366 20.778856 0.003688
1602075264.283366 20.775882 0.003683
1602075264.349366 20.775400 0.003679
1602075264.415366 20.773969 0.003675
1602075264.481366 20.771254 0.003670
1602075264.547366 20.770809 0.003666
1602075264.613367 20.769646 0.003662
1602075264.679367 20.768813 0.003656
1602075264.745367 20.768292 0.003653
1602075264.811367 20.767586 0.003649
1602075264.877367 20.767175 0.003645
1602075264.943367 20.765715 0.003641
1602075265.009367 20.765508 0.003638
1602075265.075368 20.762589 0.003632
1602075265.174368 20.762578 0.003627
1602075265.273368 20.760141 0.003620
1602075265.372368 20.757255 0.003616
1602075265.504369 20.753547 0.003608
1602075265.636369 20.751001 0.003601
1602075265.768369 20.748106 0.003596
1602075265.900370 20.747803 0.003591
1602075265.999370 20.747513 0.003586
1602075266.098370 20.746864 0.003581
1602075266.197370 20.746104 0.003578
1602075266.296371 20.744669 0.003575
1602075266.395371 20.744249 0.003571
1602075266.494371 20.741755 0.003568
1602075266.593371 20.739505 0.003563
1602075266.692371 20.738223 0.003560
1602075266.824372 20.737642 0.003554
1602075266.923372 20.735999 0.003552
1602075267.022372 20.732217 0.003549
1602075267.121373 20.732925 0.003547
1602075267.220373 20.732010 0.003543
1602075267.286373 20.729786 0.003542
1602075267.385373 20.728383 0.003539
1602075267.484374 20.727129 0.003537
1602075267.583374 20.726659 0.003534
1602075267.682374 20.725984 0.003532
1602075267.781374 20.724598 0.003529
1602075267.880374 20.724162 0.003524
1602075267.979375 20.723530 0.003524
1602075268.078375 20.724526 0.003520
1602075268.177375 20.724961 0.003518
1602075268.309376 20.723015 0.003517
1602075268.408376 20.721502 0.003515
1602075268.507376 20.720866 0.003514
1602075268.606376 20.720607 0.003512
1602075268.705376 20.720053 0.003510
1602075268.771377 20.719413 0.003508
1602075268.837377 20.718727 0.003507
1602075268.936377 20.716070 0.003506
1602075269.035377 20.715455 0.003504
1602075269.134377 20.716251 0.003503
1602075269.233377 20.715315 0.003501
1602075269.332378 20.715022 0.003500
1602075269.431378 20.715164 0.003499
1602075269.563378 20.713331 0.003497
1602075269.695379 20.712375 0.003496
1602075269.794379 20.711751 0.003494
1602075269.893379 20.711681 0.003492
1602075270.025380 20.710545 0.003491
1602075270.157380 20.710958 0.003489
1602075270.256380 20.711889 0.003488
1602075270.355380 20.711408 0.003487
1602075270.487381 20.710175 0.003487
1602075270.586381 20.710479 0.003486
1602075270.685381 20.711548 0.003485
1602075270.784381 20.710054 0.003484
1602075270.883382 20.708756 0.003484
1602075270.982382 20.709093 0.003483
1602075271.081382 20.708808 0.003482
1602075271.180382 20.709513 0.003482
1602075271.246382 20.709805 0.003481
1602075271.345383 20.710538 0.003480
1602075271.444383 20.710454 0.003480
1602075271.543383 20.710692 0.003478
1602075271.642383 20.710940 0.003477
1602075271.741383 20.709635 0.003477
1602075271.873384 20.709747 0.003476
1602075271.972384 20.708067 0.003475
1602075272.104384 20.707477 0.003475
1602075272.236385 20.707744 0.003474
1602075272.335385 20.708046 0.003473
1602075272.467385 20.709393 0.003472
1602075272.599385 20.709405 0.003471
1602075272.731386 20.709321 0.003469
1602075272.863386 20.709165 0.003470
1602075272.995387 20.710074 0.003468
1602075273.094387 20.709996 0.003468
1602075273.193387 20.710461 0.003467
1602075273.292387 20.708682 0.003467
1602075273.391387 20.707861 0.003467
1602075273.490388 20.708741 0.003467
1602075273.589388 20.707452 0.003467
1602075273.655388 20.707630 0.003467
1602075273.721388 20.706956 0.003466
1602075273.820389 20.706529 0.003466
1602075273.919389 20.706456 0.003466
1602075274.018389 20.705371 0.003465
1602075274.117389 20.705732 0.003465
1602075274.216389 20.705796 0.003464
1602075274.315390 20.706065 0.003464
1602075274.414390 20.705852 0.003463
1602075274.513390 20.705714 0.003463
1602075274.612391 20.705708 0.003463
1602075274.711390 20.705617 0.003463
1602075274.810391 20.706214 0.003463
1602075274.909391 20.705827 0.003463
1602075274.975391 20.705595 0.003461
1602075275.074392 20.705500 0.003462
1602075275.173392 20.705770 0.003462
1602075275.239392 20.705154 0.003462
1602075275.338392 20.704786 0.003462
1602075275.437392 20.704751 0.003461
1602075275.536392 20.704962 0.003461
1602075275.635393 20.705591 0.003461
1602075275.701393 20.705548 0.003461
1602075275.800393 20.705770 0.003460
1602075275.899393 20.705909 0.003459
1602075275.998394 20.705608 0.003458
1602075276.097394 20.704855 0.003458
1602075276.196394 20.705017 0.003459
1602075276.295394 20.705588 0.003459
1602075276.394395 20.705815 0.003457
1602075276.493395 20.705535 0.003458
1602075276.592395 20.706585 0.003457
1602075276.691395 20.707237 0.003457
1602075276.790395 20.708252 0.003456
1602075276.889396 20.707614 0.003454
1602075276.988396 20.707455 0.003455
1602075277.087396 20.706082 0.003453
1602075277.186396 20.705015 0.003455
1602075277.285397 20.705346 0.003454
1602075277.384397 20.705999 0.003455
1602075277.450397 20.707157 0.003454
1602075277.549397 20.708486 0.003453
1602075277.648398 20.707203 0.003453
1602075277.747398 20.706831 0.003453
1602075277.846398 20.707248 0.003453
1602075277.945398 20.706133 0.003451
1602075278.044399 20.706400 0.003451
1602075278.110399 20.706577 0.003452
1602075278.176399 20.706647 0.003452
1602075278.242399 20.706646 0.003450
1602075278.308399 20.706430 0.003452
1602075278.374399 20.707121 0.003451
1602075278.440399 20.707137 0.003451
1602075278.506399 20.706909 0.003451
1602075278.572400 20.706891 0.003450
1602075278.638400 20.706479 0.003451
1602075278.704400 20.705619 0.003451
1602075278.770400 20.705111 0.003450
1602075278.869401 20.703288 0.003451
1602075278.968401 20.703698 0.003450
1602075279.067401 20.704972 0.003450
1602075279.166401 20.705967 0.003450
1602075279.265401 20.706741 0.003450
1602075279.364402 20.707192 0.003450
1602075279.463402 20.708260 0.003449
1602075279.529402 20.708399 0.003447
1602075279.595402 20.709049 0.003448
1602075279.661402 20.708539 0.003445
1602075279.727402 20.708025 0.003447
1602075279.793403 20.708338 0.003448
1602075279.859403 20.707985 0.003448
1602075279.958403 20.707053 0.003448
1602075280.123404 20.704726 0.003447
1602075280.255404 20.703476 0.003448
1602075280.387404 20.702395 0.003448
1602075280.519405 20.702355 0.003448
1602075280.651405 20.701671 0.003448
1602075280.783405 20.700909 0.003448
1602075280.882405 20.700358 0.003448
1602075280.981405 20.700217 0.003447
1602075281.080406 20.700202 0.003447
1602075281.179406 20.701037 0.003447
1602075281.278406 20.701087 0.003447
1602075281.377406 20.700918 0.003447
1602075281.476407 20.701258 0.003446
1602075281.575407 20.699532 0.003446
1602075281.674407 20.698748 0.003446
1602075281.773407 20.697516 0.003445
1602075281.872407 20.697908 0.003444
1602075281.971408 20.698603 0.003446
1602075282.070408 20.697523 0.003446
1602075282.169408 20.698060 0.003446
1602075282.268409 20.697064 0.003445
1602075282.367409 20.696971 0.003445
1602075282.466409 20.696477 0.003445
1602075282.565409 20.696030 0.003440
1602075282.664410 20.694955 0.003444
1602075282.763410 20.694504 0.003444
1602075282.862410 20.694710 0.003441
1602075282.961410 20.695574 0.003444
1602075283.027411 20.695795 0.003442
1602075283.093410 20.694247 0.003444
1602075283.159411 20.692665 0.003443
1602075283.258411 20.692743 0.003443
1602075283.357411 20.693421 0.003444
1602075283.456411 20.692944 0.003443
1602075283.555412 20.692272 0.003443
1602075283.654412 20.691466 0.003444
1602075283.720412 20.690328 0.003443
1602075283.786412 20.689642 0.003442
1602075283.885412 20.690039 0.003443
1602075283.984413 20.691921 0.003442
1602075284.083413 20.690439 0.003442
1602075284.182413 20.690803 0.003442
1602075284.281413 20.691411 0.003439
1602075284.380414 20.691271 0.003440
1602075284.479414 20.690715 0.003442
1602075284.545414 20.689224 0.003441
1602075284.644414 20.689313 0.003442
1602075284.743415 20.688237 0.003440
1602075284.842415 20.687027 0.003435
1602075284.941415 20.685928 0.003439
1602075285.040415 20.686300 0.003441
1602075285.139415 20.687016 0.003441
1602075285.238416 20.688708 0.003438
1602075285.337416 20.688597 0.003440
1602075285.436416 20.688871 0.003440
1602075285.535416 20.689657 0.003439
1602075285.634417 20.690053 0.003440
1602075285.733417 20.690403 0.003440
1602075285.832417 20.691222 0.003440
1602075285.931417 20.691797 0.003437
1602075286.030418 20.691465 0.003439
1602075286.129418 20.690509 0.003439
1602075286.228418 20.690956 0.003439
1602075286.327418 20.691896 0.003439
1602075286.426419 20.692706 0.003439
1602075286.525419 20.692690 0.003439
1602075286.624419 20.691388 0.003437
1602075286.723419 20.690742 0.003436
1602075286.822419 20.690936 0.003438
1602075286.921420 20.691063 0.003437
1602075287.020420 20.691795 0.003437
1602075287.119420 20.692679 0.003438
1602075287.218420 20.691775 0.003438
1602075287.317420 20.692032 0.003437
1602075287.383421 20.692695 0.003437
1602075287.449421 20.692162 0.003437
1602075287.515421 20.691681 0.003437
1602075287.581421 20.692192 0.003437
1602075287.647421 20.692355 0.003437
1602075287.746422 20.691511 0.003437
1602075287.845422 20.690411 0.003435
1602075287.944422 20.689870 0.003436
1602075288.043422 20.689998 0.003434
1602075288.175422 20.690269 0.003435
1602075288.274423 20.691658 0.003432
1602075288.373423 20.691408 0.003434
1602075288.472423 20.691339 0.003434
1602075288.571424 20.692285 0.003434
1602075288.670424 20.693251 0.003433
1602075288.769424 20.692571 0.003433
1602075288.868424 20.692822 0.003433
1602075288.967424 20.692151 0.003433
1602075289.066425 20.692239 0.003431
1602075289.165425 20.693290 0.003431
1602075289.297425 20.693435 0.003428
1602075289.429425 20.695832 0.003428
1602075289.561426 20.698841 0.003427
1602075289.693426 20.699059 0.003427
1602075289.825426 20.703058 0.003427
1602075289.924427 20.706841 0.003426
1602075290.023427 20.712643 0.003425
1602075290.122427 20.716122 0.003425
1602075290.221427 20.719915 0.003425
1602075290.320427 20.711509 0.003425
1602075290.419428 20.712169 0.003424
1602075290.485428 20.712204 0.003423
1602075290.551428 20.711466 0.003422
1602075290.650429 20.707462 0.003421
1602075290.749429 20.698967 0.003418
1602075290.848429 20.700260 0.003418
1602075290.947429 20.702438 0.003417
1602075291.046429 20.702151 0.003418
1602075291.145430 20.700225 0.003417
1602075291.244430 20.700567 0.003416
1602075291.343430 20.698694 0.003415
1602075291.475430 20.699050 0.003415
1602075291.607431 20.702188 0.003413
1602075291.739431 20.700931 0.003414
1602075291.838431 20.701128 0.003414
1602075291.937431 20.700253 0.003414
1602075292.036432 20.700849 0.003413
1602075292.135432 20.699764 0.003413
1602075292.267432 20.701417 0.003412
1602075292.399432 20.702610 0.003411
1602075292.498433 20.701594 0.003411
1602075292.597433 20.695497 0.003411
1602075292.729433 20.693639 0.003411
1602075292.861434 20.694291 0.003410
1602075292.960434 20.693567 0.003411
1602075293.059434 20.694212 0.003410
1602075293.158434 20.695271 0.003410
1602075293.257434 20.694524 0.003410
1602075293.356435 20.694334 0.003410
1602075293.455435 20.694444 0.003410
1602075293.554435 20.694738 0.003408
1602075293.653435 20.694249 0.003410
1602075293.785436 20.694176 0.003409
1602075293.884436 20.693705 0.003406
1602075293.983436 20.693445 0.003410
1602075294.082436 20.694636 0.003407
1602075294.181437 20.694857 0.003407
1602075294.313437 20.694459 0.003408
1602075294.445437 20.693995 0.003409
1602075294.577438 20.693907 0.003409
1602075294.742438 20.693618 0.003408
1602075294.874438 20.692929 0.003408
1602075295.006439 20.692464 0.003407
1602075295.138439 20.692349 0.003408
1602075295.270439 20.692122 0.003407
1602075295.402440 20.692384 0.003408
1602075295.534440 20.692598 0.003407
1602075295.666440 20.693746 0.003406
1602075295.798440 20.694459 0.003407
1602075295.930441 20.696152 0.003405
1602075296.095441 20.696596 0.003403
1602075296.194442 20.696453 0.003404
1602075296.293442 20.698618 0.003405
1602075296.392442 20.699042 0.003404
1602075296.491442 20.701580 0.003404
1602075296.623442 20.701471 0.003402
1602075296.722443 20.700707 0.003402
1602075296.854443 20.701526 0.003403
1602075296.986443 20.703335 0.003402
1602075297.118444 20.701965 0.003402
1602075297.217444 20.701626 0.003400
1602075297.316444 20.702524 0.003400
1602075297.415444 20.702439 0.003400
1602075297.514445 20.702811 0.003401
1602075297.646445 20.702697 0.003401
1602075297.778445 20.702533 0.003401
1602075297.910445 20.703818 0.003401
1602075298.042446 20.702621 0.003401
1602075298.174446 20.702962 0.003401
1602075298.273446 20.704496 0.003401
1602075298.372447 20.705234 0.003401
1602075298.471447 20.706274 0.003401
1602075298.570447 20.705654 0.003400
1602075298.702447 20.706996 0.003400
1602075298.801448 20.707723 0.003401
1602075298.900448 20.707504 0.003400
1602075299.032448 20.708132 0.003400
1602075299.164448 20.708627 0.003399
1602075299.296449 20.709415 0.003400
1602075299.428449 20.709311 0.003400
1602075299.560450 20.708448 0.003400
1602075299.692450 20.707609 0.003397
1602075299.791450 20.707798 0.003399
1602075299.890450 20.709053 0.003400
1602075299.989450 20.709225 0.003400
1602075300.088451 20.708336 0.003400
1602075300.220451 20.708540 0.003400
1602075300.319451 20.708524 0.003400
1602075300.451452 20.707849 0.003398
1602075300.583452 20.707218 0.003398
1602075300.715452 20.706830 0.003399
1602075300.847453 20.706564 0.003399
1602075300.979453 20.705821 0.003399
1602075301.111453 20.706057 0.003400
1602075301.243454 20.706261 0.003399
1602075301.375454 20.705690 0.003399
1602075301.540454 20.706998 0.003400
1602075301.672455 20.708908 0.003398
1602075301.804455 20.708647 0.003399
1602075301.969455 20.710715 0.003400
1602075302.101456 20.712730 0.003399
1602075302.266456 20.714996 0.003398
1602075302.431456 20.718750 0.003399
1602075302.596457 20.721801 0.003399
1602075302.794457 20.725818 0.003399
1602075302.992458 20.728160 0.003399
1602075303.190458 20.734898 0.003396
1602075303.421459 20.738245 0.003398
1602075303.652459 20.744123 0.003397
1602075303.850460 20.751115 0.003397
1602075304.081460 20.757469 0.003397
1602075304.312461 20.762400 0.003398
1602075304.576461 20.769573 0.003397
1602075304.774462 20.774735 0.003397
1602075305.005463 20.782898 0.003395
1602075305.269463 20.785154 0.003397
1602075305.533464 20.787956 0.003398
1602075305.764464 20.789538 0.003397
1602075306.061465 20.791000 0.003397
1602075306.325466 20.791383 0.003396
1602075306.523466 20.792020 0.003395
1602075306.787467 20.791534 0.003397
1602075307.051467 20.791154 0.003397
1602075307.315468 20.790388 0.003397
1602075307.579468 20.789175 0.003396
1602075307.876469 20.788723 0.003397
1602075308.173470 20.789271 0.003398
1602075308.470471 20.789107 0.003397
1602075308.899472 20.788861 0.003396
1602075309.361473 20.790089 0.003397
1602075309.724474 20.790481 0.003396
1602075310.087475 20.789578 0.003391
1602075310.285475 20.789504 0.003396
1602075310.582476 20.790560 0.003397
1602075311.143477 20.792384 0.003397
1602075311.572478 20.793757 0.003397
1602075311.836479 20.794679 0.003397
1602075312.661481 20.796042 0.003397
1602075312.991482 20.795016 0.003396
1602075313.288482 20.792702 0.003396
1602075313.552483 20.791221 0.003393
1602075313.750483 20.789796 0.003391
1602075313.948484 20.788988 0.003393
1602075314.113484 20.788647 0.003387
1602075314.278485 20.786472 0.003389
1602075314.443485 20.785869 0.003387
1602075314.608485 20.784690 0.003387
1602075314.773486 20.785546 0.003383
1602075314.905486 20.787502 0.003383
1602075315.037486 20.787903 0.003383
1602075315.169487 20.787261 0.003388
1602075315.301487 20.786047 0.003386
1602075315.433487 20.786082 0.003377
1602075315.565488 20.786013 0.003376
1602075315.697488 20.785317 0.003377
1602075315.829488 20.785507 0.003375
1602075315.961488 20.787926 0.003372
1602075316.093489 20.786358 0.003372
1602075316.225489 20.786142 0.003372
1602075316.357489 20.786658 0.003370
1602075316.489490 20.786774 0.003369
1602075316.654490 20.786543 0.003364
1602075316.786490 20.787952 0.003358
1602075316.951491 20.788432 0.003358
1602075317.182491 20.787324 0.003353
1602075317.380492 20.788063 0.003349
1602075317.578492 20.787841 0.003340
1602075317.776493 20.787025 0.003334
1602075317.941493 20.786696 0.003331
1602075318.106493 20.786890 0.003324
1602075318.271494 20.786620 0.003319
1602075318.469494 20.786420 0.003314
1602075318.634495 20.785034 0.003311
1602075318.766495 20.784119 0.003308
1602075318.865495 20.784119 0.003303
1602075318.964495 20.783064 0.003301
1602075319.063496 20.782380 0.003297
1602075319.129496 20.781972 0.003293
1602075319.195496 20.782552 0.003294
1602075319.261496 20.782493 0.003291
1602075319.327497 20.781836 0.003292
1602075319.393497 20.781273 0.003285
1602075319.459497 20.780975 0.003286
1602075319.558497 20.780899 0.003286
1602075319.690497 20.780910 0.003284
1602075319.822498 20.780798 0.003278
1602075319.987498 20.780299 0.003274
1602075320.119498 20.779628 0.003268
1602075320.218498 20.779298 0.003267
1602075320.317499 20.780129 0.003266
1602075320.416499 20.780139 0.003264
1602075320.515499 20.780514 0.003262
1602075320.614499 20.780269 0.003263
1602075320.713500 20.780913 0.003262
1602075320.812500 20.781529 0.003260
1602075320.911500 20.781692 0.003259
1602075321.076500 20.782119 0.003254
1602075321.241501 20.782513 0.003251
1602075321.406501 20.781926 0.003250
1602075321.571501 20.782792 0.003245
1602075321.736502 20.782396 0.003245
1602075321.868502 20.782297 0.003240
1602075322.000503 20.782729 0.003235
1602075322.132503 20.782871 0.003238
1602075322.297503 20.781172 0.003230
1602075322.495504 20.781462 0.003234
1602075322.660504 20.781706 0.003231
1602075322.825505 20.782188 0.003227
1602075322.957505 20.781668 0.003227
1602075323.056505 20.781702 0.003228
1602075323.188506 20.782126 0.003225
1602075323.287506 20.782167 0.003226
1602075323.386506 20.782416 0.003227
1602075323.485506 20.782523 0.003224
1602075323.617507 20.782163 0.003223
1602075323.749507 20.782282 0.003222
1602075323.881507 20.782694 0.003220
1602075323.980507 20.783483 0.003221
1602075324.079508 20.783620 0.003220
1602075324.211508 20.783955 0.003219
1602075324.343508 20.783737 0.003218
1602075324.475508 20.783347 0.003218
1602075324.607509 20.783561 0.003214
1602075324.706509 20.783871 0.003216
1602075324.805509 20.783379 0.003215
1602075324.937510 20.783805 0.003213
1602075325.069510 20.783690 0.003213
1602075325.201510 20.783054 0.003212
1602075325.333511 20.782205 0.003211
1602075325.432511 20.782573 0.003211
1602075325.531511 20.782367 0.003204
1602075325.630511 20.784117 0.003209
1602075325.729511 20.783850 0.003209
1602075325.828512 20.782830 0.003209
1602075325.927512 20.783032 0.003203
1602075326.026512 20.783619 0.003202
1602075326.125512 20.783078 0.003206
1602075326.224513 20.782628 0.003205
1602075326.323513 20.783488 0.003205
1602075326.422513 20.783801 0.003206
1602075326.521513 20.783444 0.003206
1602075326.653514 20.783343 0.003201
1602075326.785514 20.783275 0.003204
1602075326.884514 20.782894 0.003202
1602075326.983515 20.783340 0.003204
1602075327.082515 20.783727 0.003203
1602075327.181515 20.783606 0.003203
1602075327.247515 20.783413 0.003204
1602075327.313515 20.783370 0.003203
1602075327.412516 20.783328 0.003203
1602075327.511516 20.783099 0.003202
1602075327.610516 20.783213 0.003199
1602075327.709516 20.783263 0.003196
1602075327.808516 20.783990 0.003194
1602075327.907517 20.784337 0.003194
1602075328.006517 20.784566 0.003201
1602075328.072517 20.785187 0.003201
1602075328.138517 20.785609 0.003197
1602075328.204517 20.786186 0.003193
1602075328.270518 20.786125 0.003193
1602075328.336518 20.786832 0.003200
1602075328.402518 20.786774 0.003198
1602075328.468518 20.786779 0.003199
1602075328.534518 20.787456 0.003200
1602075328.600518 20.787103 0.003184
1602075328.699518 20.787112 0.003197
1602075328.765519 20.787657 0.003197
1602075328.831519 20.787250 0.003191
1602075328.963519 20.787730 0.003196
1602075329.128520 20.786797 0.003197
1602075329.293520 20.786241 0.003191
1602075329.458521 20.786921 0.003195
1602075329.590521 20.786747 0.003192
1602075329.689521 20.788012 0.003191
1602075329.821522 20.788958 0.003193
1602075329.986521 20.788180 0.003194
1602075330.151522 20.788103 0.003195
1602075330.250522 20.788971 0.003192
1602075330.382523 20.788148 0.003196
1602075330.514523 20.788429 0.003195
1602075330.646523 20.788602 0.003192
1602075330.745523 20.789201 0.003192
1602075330.844524 20.788783 0.003190
1602075330.943524 20.789747 0.003194
1602075331.075524 20.790952 0.003193
1602075331.174525 20.790428 0.003193
1602075331.273525 20.790347 0.003194
1602075331.372525 20.789609 0.003194
1602075331.471525 20.789923 0.003192
1602075331.570525 20.789589 0.003194
1602075331.702526 20.790532 0.003194
1602075331.801526 20.791206 0.003189
1602075331.933526 20.791181 0.003192
1602075332.098527 20.791609 0.003190
1602075332.263527 20.792623 0.003185
1602075332.428528 20.791579 0.003192
1602075332.593528 20.792266 0.003192
1602075332.758528 20.792526 0.003191
1602075332.956529 20.792450 0.003191
1602075333.154529 20.793011 0.003187
1602075333.319530 20.792794 0.003190
1602075333.484530 20.793630 0.003191
1602075333.616530 20.793683 0.003190
1602075333.748531 20.794462 0.003191
1602075333.913531 20.794561 0.003192
1602075334.045531 20.795534 0.003186
1602075334.210532 20.796039 0.003191
1602075334.375532 20.797010 0.003192
1602075334.540533 20.798315 0.003190
1602075334.705533 20.800186 0.003191
1602075334.837533 20.800399 0.003190
1602075334.969533 20.801376 0.003188
1602075335.134534 20.800868 0.003189
1602075335.266534 20.801017 0.003191
1602075335.398535 20.802176 0.003182
1602075335.530535 20.803515 0.003185
1602075335.662535 20.803486 0.003188
1602075335.794535 20.803788 0.003188
1602075335.926536 20.805672 0.003182
1602075336.058536 20.806822 0.003175
1602075336.190536 20.808017 0.003189
1602075336.322537 20.808575 0.003190
1602075336.421537 20.808962 0.003186
1602075336.520537 20.808428 0.003177
1602075336.619537 20.809244 0.003175
1602075336.718538 20.809937 0.003185
1602075336.817538 20.808506 0.003178
1602075336.916538 20.808898 0.003186
1602075337.015538 20.808910 0.003189
1602075337.114539 20.808164 0.003189
1602075337.213539 20.807979 0.003189
1602075337.312539 20.807438 0.003189
1602075337.411540 20.807417 0.003187
1602075337.510540 20.806385 0.003185
1602075337.609540 20.805764 0.003188
1602075337.708540 20.805140 0.003188
1602075337.807540 20.805153 0.003187
1602075337.906541 20.805008 0.003187
1602075338.005541 20.804089 0.003186
1602075338.104541 20.803967 0.003188
1602075338.203541 20.802993 0.003187
1602075338.302541 20.801351 0.003185
1602075338.401542 20.802024 0.003186
1602075338.533542 20.802067 0.003186
1602075338.632542 20.800100 0.003186
1602075338.731543 20.798569 0.003184
1602075338.830543 20.797534 0.003185
1602075338.929543 20.796189 0.003184
1602075339.028543 20.794104 0.003182
1602075339.127543 20.792517 0.003185
1602075339.226544 20.791455 0.003184
1602075339.325544 20.789727 0.003183
1602075339.424544 20.788755 0.003183
1602075339.490544 20.788100 0.003182
1602075339.589545 20.787382 0.003183
1602075339.655545 20.787133 0.003182
1602075339.721545 20.787144 0.003178
1602075339.820545 20.786525 0.003180
1602075339.919545 20.785383 0.003180
1602075340.018546 20.783687 0.003179
1602075340.084546 20.782753 0.003178
1602075340.183546 20.781893 0.003180
1602075340.249546 20.781527 0.003179
1602075340.315546 20.780260 0.003179
1602075340.381546 20.779288 0.003178
1602075340.447547 20.778387 0.003177
1602075340.546547 20.778117 0.003178
1602075340.645547 20.777161 0.003178
1602075340.744547 20.776576 0.003180
1602075340.843548 20.775115 0.003179
1602075340.942548 20.774096 0.003178
1602075341.041548 20.773075 0.003177
1602075341.140548 20.773118 0.003178
1602075341.239548 20.771850 0.003176
1602075341.338549 20.770589 0.003177
1602075341.437549 20.770384 0.003176
1602075341.536549 20.770808 0.003176
1602075341.635550 20.770022 0.003177
1602075341.701550 20.768953 0.003176
1602075341.767550 20.768803 0.003173
1602075341.866550 20.768067 0.003174
1602075341.965550 20.767224 0.003176
1602075342.064550 20.766516 0.003176
1602075342.130551 20.764916 0.003175
1602075342.196551 20.764629 0.003176
1602075342.262551 20.763372 0.003175
1602075342.328551 20.762780 0.003174
1602075342.394551 20.762753 0.003175
1602075342.460552 20.762038 0.003175
1602075342.526551 20.761707 0.003175
1602075342.592552 20.761241 0.003174
1602075342.658552 20.760815 0.003175
1602075342.724552 20.760208 0.003174
1602075342.790552 20.760210 0.003174
1602075342.856552 20.759398 0.003174
1602075342.922553 20.758425 0.003174
1602075343.021553 20.757379 0.003174
1602075343.087553 20.757082 0.003174
1602075343.153553 20.756519 0.003174
1602075343.219553 20.755925 0.003173
1602075343.285553 20.755171 0.003173
1602075343.351553 20.754489 0.003174
1602075343.417553 20.753909 0.003173
1602075343.516554 20.753611 0.003172
1602075343.582554 20.752671 0.003172
1602075343.648554 20.752494 0.003173
1602075343.714554 20.752032 0.003173
1602075343.780554 20.752007 0.003171
1602075343.846555 20.751416 0.003173
1602075343.912555 20.750915 0.003172
1602075343.978555 20.750308 0.003173
1602075344.044555 20.749812 0.003171
1602075344.110555 20.749336 0.003173
1602075344.176555 20.748556 0.003172
1602075344.275556 20.748276 0.003172
1602075344.341556 20.747935 0.003172
1602075344.440556 20.747318 0.003172
1602075344.539556 20.746678 0.003171
1602075344.605556 20.746345 0.003171
1602075344.704556 20.746277 0.003172
1602075344.803557 20.745729 0.003170
1602075344.869557 20.745812 0.003172
1602075344.935557 20.745182 0.003171
1602075345.001557 20.744841 0.003171
1602075345.067557 20.744289 0.003171
1602075345.133558 20.743639 0.003172
1602075345.199558 20.742447 0.003171
1602075345.298558 20.741401 0.003171
1602075345.397558 20.740860 0.003170
1602075345.496558 20.740203 0.003171
1602075345.595559 20.739433 0.003171
1602075345.694559 20.739014 0.003170
1602075345.793559 20.738554 0.003171
1602075345.892559 20.737395 0.003171
1602075345.958560 20.737218 0.003170
1602075346.024559 20.736389 0.003170
1602075346.090560 20.735683 0.003170
1602075346.156560 20.735164 0.003170
1602075346.222560 20.734417 0.003170
1602075346.321560 20.733729 0.003170
1602075346.420561 20.733288 0.003170
1602075346.519561 20.732561 0.003170
1602075346.585561 20.731853 0.003170
1602075346.651561 20.731189 0.003170
1602075346.717561 20.730920 0.003169
1602075346.783561 20.730427 0.003169
1602075346.882562 20.729500 0.003170
1602075346.981562 20.729139 0.003169
1602075347.080562 20.728411 0.003169
1602075347.179563 20.727146 0.003169
1602075347.278563 20.726589 0.003169
1602075347.377563 20.725358 0.003169
1602075347.476563 20.724082 0.003169
1602075347.575563 20.723464 0.003169
1602075347.674564 20.722980 0.003169
1602075347.806564 20.722215 0.003168
1602075347.938564 20.720867 0.003169
1602075348.070565 20.720135 0.003169
1602075348.202565 20.719606 0.003167
1602075348.334565 20.718296 0.003168
1602075348.466565 20.717363 0.003169
1602075348.598566 20.716970 0.003168
1602075348.697566 20.716290 0.003168
1602075348.796566 20.716094 0.003167
1602075348.895567 20.715144 0.003168
1602075348.994567 20.714215 0.003166
1602075349.060567 20.713454 0.003165
1602075349.126567 20.712827 0.003165
1602075349.192567 20.713120 0.003166
1602075349.258567 20.712329 0.003167
1602075349.324568 20.711452 0.003166
1602075349.423568 20.711041 0.003167
1602075349.489568 20.710176 0.003167
1602075349.588568 20.709946 0.003167
1602075349.687568 20.709195 0.003167
1602075349.786569 20.708413 0.003167
1602075349.885569 20.707771 0.003167
1602075349.984569 20.706993 0.003167
1602075350.083570 20.706382 0.003167
1602075350.182570 20.705481 0.003166
1602075350.248570 20.704824 0.003167
1602075350.347570 20.704098 0.003167
1602075350.446570 20.703642 0.003166
1602075350.545571 20.703441 0.003167
1602075350.644571 20.702829 0.003167
1602075350.743571 20.701918 0.003167
1602075350.842571 20.701665 0.003167
1602075350.908571 20.700808 0.003167
1602075351.007571 20.700360 0.003167
1602075351.073572 20.700015 0.003167
1602075351.139572 20.699644 0.003167
1602075351.238572 20.699399 0.003167
1602075351.337572 20.699041 0.003167
1602075351.436573 20.698299 0.003167
1602075351.535573 20.698403 0.003167
1602075351.634573 20.698384 0.003166
1602075351.733573 20.697959 0.003167
1602075351.832573 20.697704 0.003167
1602075351.931574 20.697587 0.003167
1602075352.030574 20.697248 0.003167
1602075352.129574 20.697291 0.003166
1602075352.195574 20.696945 0.003167
1602075352.294574 20.696796 0.003167
1602075352.360575 20.696169 0.003167
1602075352.459575 20.695858 0.003166
1602075352.558575 20.695707 0.003166
1602075352.657575 20.695382 0.003165
1602075352.756576 20.695707 0.003166
1602075352.855576 20.695247 0.003166
1602075352.954576 20.694655 0.003167
1602075353.053576 20.694490 0.003166
1602075353.152576 20.694547 0.003167
1602075353.218577 20.693778 0.003166
1602075353.317577 20.693398 0.003165
1602075353.416577 20.693375 0.003166
1602075353.515577 20.692922 0.003167
1602075353.614578 20.693151 0.003167
1602075353.713578 20.693050 0.003166
1602075353.812578 20.692886 0.003166
1602075353.878578 20.692423 0.003166
1602075353.944579 20.692366 0.003166
1602075354.010579 20.691807 0.003167
1602075354.109579 20.691032 0.003166
1602075354.208579 20.690533 0.003166
1602075354.307579 20.690001 0.003166
1602075354.406579 20.690407 0.003167
1602075354.505580 20.690590 0.003166
1602075354.604580 20.690319 0.003166
1602075354.703580 20.689868 0.003167
1602075354.802581 20.689365 0.003166
1602075354.901581 20.688918 0.003167
1602075355.000581 20.688181 0.003167
1602075355.099581 20.688269 0.003166
1602075355.198581 20.687634 0.003166
1602075355.297582 20.686934 0.003166
1602075355.396582 20.686078 0.003166
1602075355.495582 20.685590 0.003166
1602075355.594583 20.685107 0.003166
1602075355.726583 20.684412 0.003166
1602075355.858583 20.683863 0.003166
1602075355.990583 20.682833 0.003166
1602075356.122584 20.682364 0.003165
1602075356.254584 20.681469 0.003166
1602075356.386584 20.680762 0.003166
1602075356.518584 20.679688 0.003166
1602075356.650585 20.678055 0.003165
1602075356.782585 20.676737 0.003164
1602075356.914586 20.675155 0.003165
1602075357.079586 20.674438 0.003164
1602075357.277586 20.673646 0.003164
1602075357.475587 20.672190 0.003164
1602075357.640587 20.671009 0.003163
1602075357.805588 20.670488 0.003164
1602075357.970588 20.671058 0.003163
1602075358.135588 20.669492 0.003163
1602075358.267589 20.666823 0.003165
1602075358.432589 20.666468 0.003165
1602075358.597589 20.665708 0.003163
1602075358.762590 20.663527 0.003164
1602075358.927590 20.661598 0.003164
1602075359.059591 20.661522 0.003160
1602075359.224591 20.660486 0.003156
1602075359.356591 20.661151 0.003165
1602075359.488592 20.660904 0.003164
1602075359.620592 20.661061 0.003166
1602075359.752592 20.661461 0.003166
1602075359.884593 20.661035 0.003166
1602075360.016593 20.659261 0.003165
1602075360.115593 20.660774 0.003164
1602075360.247593 20.660565 0.003164
1602075360.346594 20.657255 0.003163
1602075360.445594 20.657563 0.003165
1602075360.577594 20.656898 0.003165
1602075360.676594 20.658569 0.003166
1602075360.775595 20.657577 0.003165
1602075360.907595 20.657403 0.003165
1602075361.006595 20.658764 0.003165
1602075361.105596 20.657345 0.003165
1602075361.204596 20.657355 0.003164
1602075361.303596 20.657188 0.003163
1602075361.402596 20.657259 0.003160
1602075361.534597 20.657198 0.003162
1602075361.666597 20.657862 0.003165
1602075361.798597 20.656716 0.003164
1602075361.930598 20.657031 0.003164
1602075362.062598 20.657088 0.003164
1602075362.194598 20.657978 0.003164
1602075362.293598 20.657762 0.003164
1602075362.392599 20.657953 0.003164
1602075362.491599 20.657389 0.003163
1602075362.590599 20.657267 0.003163
1602075362.689599 20.659281 0.003163
1602075362.788599 20.661357 0.003163
1602075362.887600 20.661281 0.003160
1602075362.986600 20.660594 0.003162
1602075363.085600 20.662108 0.003162
1602075363.184601 20.661745 0.003162
1602075363.283601 20.661704 0.003162
1602075363.382601 20.660838 0.003162
1602075363.481601 20.660987 0.003162
1602075363.580601 20.660523 0.003162
1602075363.679602 20.660367 0.003161
1602075363.778602 20.660316 0.003160
1602075363.877602 20.660949 0.003160
1602075363.976602 20.661162 0.003159
1602075364.075603 20.664439 0.003161
1602075364.174603 20.665861 0.003160
1602075364.273603 20.665772 0.003159
1602075364.372603 20.665548 0.003160
1602075364.471603 20.664660 0.003157
1602075364.570604 20.664678 0.003159
1602075364.669604 20.664220 0.003158
1602075364.768604 20.664300 0.003159
1602075364.867604 20.666603 0.003158
1602075364.966605 20.664775 0.003156
1602075365.098605 20.661673 0.003158
1602075365.197605 20.662589 0.003158
1602075365.329606 20.662546 0.003158
1602075365.461606 20.663935 0.003157
1602075365.560606 20.664004 0.003158
1602075365.692606 20.663716 0.003157
1602075365.824607 20.661470 0.003154
1602075365.923607 20.660742 0.003158
1602075366.022607 20.660124 0.003157
1602075366.121608 20.659487 0.003155
1602075366.220608 20.658420 0.003157
1602075366.319608 20.656539 0.003157
1602075366.418608 20.656332 0.003156
1602075366.484608 20.656296 0.003156
1602075366.550608 20.655375 0.003157
1602075366.616609 20.655268 0.003155
1602075366.682609 20.656182 0.003156
1602075366.748609 20.656178 0.003157
1602075366.814609 20.655279 0.003155
1602075366.880609 20.654865 0.003156
1602075366.946609 20.655126 0.003155
1602075367.012609 20.654022 0.003156
1602075367.078610 20.654508 0.003153
1602075367.144610 20.655326 0.003155
1602075367.210610 20.654716 0.003152
1602075367.276610 20.655688 0.003153
1602075367.342610 20.655356 0.003156
1602075367.408611 20.654183 0.003155
1602075367.474611 20.654949 0.003156
1602075367.540611 20.654413 0.003155
1602075367.639611 20.652280 0.003155
1602075367.738611 20.652774 0.003155
1602075367.837611 20.652449 0.003155
1602075367.903612 20.651369 0.003154
1602075367.969612 20.650856 0.003155
1602075368.035612 20.649766 0.003155
1602075368.101612 20.650046 0.003155
1602075368.200612 20.649903 0.003155
1602075368.332613 20.649344 0.003154
1602075368.431613 20.649435 0.003155
1602075368.530613 20.649187 0.003155
1602075368.629613 20.648610 0.003153
1602075368.761614 20.647597 0.003155
1602075368.860614 20.647464 0.003154
1602075368.959614 20.649266 0.003153
1602075369.058614 20.647662 0.003153
1602075369.157615 20.647668 0.003154
1602075369.223615 20.646975 0.003154
1602075369.289615 20.647198 0.003154
1602075369.355615 20.647736 0.003154
1602075369.421615 20.647733 0.003155
1602075369.487615 20.647476 0.003154
1602075369.553615 20.646375 0.003154
1602075369.619616 20.646329 0.003153
1602075369.685616 20.646162 0.003152
1602075369.751616 20.645738 0.003152
1602075369.817616 20.646593 0.003154
1602075369.883616 20.646160 0.003153
1602075369.949616 20.646661 0.003154
1602075370.015616 20.645272 0.003154
1602075370.081617 20.645123 0.003153
1602075370.147617 20.644625 0.003153
1602075370.213617 20.644403 0.003154
1602075370.279617 20.645430 0.003153
1602075370.345617 20.646078 0.003153
1602075370.444618 20.644423 0.003154
1602075370.510617 20.644510 0.003153
1602075370.576618 20.644088 0.003154
1602075370.675618 20.644317 0.003154
1602075370.774618 20.644834 0.003153
1602075370.840619 20.645545 0.003154
1602075370.939619 20.649100 0.003152
1602075371.038619 20.649379 0.003150
1602075371.137619 20.648103 0.003154
1602075371.236619 20.647733 0.003153
1602075371.302620 20.647134 0.003154
1602075371.368620 20.647179 0.003154
1602075371.434620 20.647244 0.003153
1602075371.500620 20.644789 0.003152
1602075371.566620 20.644333 0.003154
1602075371.632621 20.644045 0.003154
1602075371.698621 20.643567 0.003154
1602075371.764621 20.644304 0.003154
1602075371.830621 20.644457 0.003152
1602075371.896621 20.643970 0.003154
1602075371.962621 20.643836 0.003153
1602075372.028621 20.644504 0.003154
1602075372.094621 20.644078 0.003154
1602075372.160622 20.644994 0.003153
1602075372.259622 20.644789 0.003154
1602075372.358622 20.643976 0.003154
1602075372.457623 20.643542 0.003154
1602075372.556623 20.642196 0.003153
1602075372.655623 20.641403 0.003154
1602075372.721623 20.643893 0.003154
1602075372.787623 20.644218 0.003154
1602075372.853623 20.644151 0.003150
1602075372.919623 20.644320 0.003153
1602075372.985624 20.643598 0.003154
1602075373.051624 20.642899 0.003152
1602075373.117624 20.641187 0.003154
1602075373.183624 20.641324 0.003154
1602075373.249624 20.641132 0.003153
1602075373.315624 20.640862 0.003152
1602075373.414625 20.640118 0.003152
1602075373.480625 20.639793 0.003153
1602075373.546625 20.638782 0.003153
1602075373.645625 20.639765 0.003151
1602075373.777626 20.638009 0.003153
1602075373.876626 20.640634 0.003154
1602075373.975626 20.638659 0.003154
1602075374.074626 20.641564 0.003153
1602075374.173626 20.643767 0.003152
1602075374.272627 20.643159 0.003151
1602075374.371627 20.641289 0.003153
1602075374.503627 20.639438 0.003153
1602075374.635628 20.640163 0.003153
1602075374.767628 20.638811 0.003153
1602075374.866628 20.639531 0.003153
1602075374.965628 20.638221 0.003151
1602075375.097629 20.637078 0.003152
1602075375.196629 20.634633 0.003150
1602075375.295629 20.632476 0.003150
1602075375.394629 20.628626 0.003149
1602075375.493630 20.627633 0.003153
1602075375.592630 20.626722 0.003153
1602075375.691630 20.628926 0.003152
1602075375.790630 20.629105 0.003153
1602075375.856631 20.629249 0.003153
1602075375.955631 20.628870 0.003153
1602075376.054631 20.628722 0.003151
1602075376.153631 20.629520 0.003153
1602075376.252631 20.630382 0.003153
1602075376.351632 20.630588 0.003153
1602075376.450632 20.630517 0.003152
1602075376.549632 20.631044 0.003152
1602075376.648632 20.631740 0.003153
1602075376.714633 20.631886 0.003153
1602075376.813633 20.631622 0.003153
1602075376.879633 20.634032 0.003153
1602075376.978633 20.635614 0.003153
1602075377.077633 20.637693 0.003151
1602075377.209634 20.640402 0.003150
1602075377.308634 20.642455 0.003148
1602075377.407634 20.643267 0.003147
1602075377.473634 20.645175 0.003145
1602075377.572635 20.646088 0.003143
1602075377.638635 20.642788 0.003108
1602075377.704635 20.644395 0.003148
1602075377.803635 20.645886 0.003146
1602075377.902635 20.648066 0.003151
1602075378.001636 20.649400 0.003148
1602075378.067636 20.650281 0.003151
1602075378.133636 20.651193 0.003153
1602075378.199636 20.651772 0.003152
1602075378.265636 20.652391 0.003152
1602075378.331636 20.651171 0.003152
1602075378.397637 20.650516 0.003147
1602075378.463637 20.652684 0.003152
1602075378.529637 20.653906 0.003153
1602075378.595637 20.654559 0.003153
1602075378.694637 20.655258 0.003153
1602075378.793637 20.655590 0.003153
1602075378.892638 20.655660 0.003151
1602075378.958638 20.656360 0.003149
1602075379.024638 20.655339 0.003129
1602075379.090638 20.657051 0.003150
1602075379.156638 20.658010 0.003151
1602075379.222638 20.658756 0.003148
1602075379.288639 20.658685 0.003150
1602075379.354639 20.659724 0.003153
1602075379.420639 20.659128 0.003151
1602075379.486639 20.658674 0.003153
1602075379.552639 20.658986 0.003153
1602075379.618639 20.659457 0.003152
1602075379.684639 20.660569 0.003153
1602075379.750640 20.661199 0.003153
1602075379.816640 20.662010 0.003152
1602075379.882640 20.662373 0.003153
1602075379.948640 20.662345 0.003153
1602075380.014640 20.660014 0.003153
1602075380.113641 20.659449 0.003152
1602075380.212641 20.658139 0.003152
1602075380.311641 20.658794 0.003151
1602075380.410641 20.655633 0.003144
1602075380.509641 20.655256 0.003149
1602075380.608642 20.655358 0.003150
1602075380.707642 20.653416 0.003152
1602075380.806642 20.654545 0.003148
1602075380.905643 20.654608 0.003145
1602075381.004643 20.654863 0.003149
1602075381.103643 20.656215 0.003153
1602075381.202643 20.658049 0.003152
1602075381.268643 20.658928 0.003146
1602075381.334643 20.660212 0.003152
1602075381.400644 20.661275 0.003153
1602075381.499644 20.662266 0.003153
1602075381.598644 20.663605 0.003148
1602075381.697644 20.664357 0.003151
1602075381.829644 20.665023 0.003150
1602075381.961645 20.662242 0.003146
1602075382.093645 20.660609 0.003152
1602075382.225646 20.660310 0.003151
1602075382.357646 20.663251 0.003148
1602075382.489646 20.665301 0.003153
1602075382.687647 20.666448 0.003150
1602075382.885647 20.667952 0.003152
1602075383.149648 20.670562 0.003153
1602075383.413648 20.679817 0.003153
1602075383.710649 20.689065 0.003153
1602075384.007650 20.696793 0.003151
1602075384.238650 20.704293 0.003152
1602075384.535651 20.709872 0.003151
1602075384.832652 20.712989 0.003151
1602075385.063652 20.710329 0.003151
1602075385.261653 20.704222 0.003137
1602075385.426653 20.706720 0.003125
1602075385.558653 20.707170 0.003134
1602075385.690654 20.708464 0.003148
1602075385.822654 20.705923 0.003141
1602075385.921654 20.708204 0.003143
1602075386.020655 20.711049 0.003147
1602075386.119655 20.714546 0.003143
1602075386.218655 20.714512 0.003148
1602075386.317655 20.714780 0.003151
1602075386.416656 20.707518 0.003147
1602075386.515656 20.707679 0.003153
1602075386.614656 20.705613 0.003153
1602075386.680656 20.699434 0.003152
1602075386.746656 20.698202 0.003151
1602075386.812656 20.696981 0.003151
1602075386.878657 20.699268 0.003151
1602075386.944657 20.699069 0.003152
1602075387.010657 20.698078 0.003153
1602075387.109657 20.698383 0.003152
1602075387.175657 20.699485 0.003151
1602075387.241657 20.699890 0.003151
1602075387.307658 20.700135 0.003153
1602075387.373658 20.699489 0.003153
1602075387.439658 20.698427 0.003152
1602075387.505658 20.698234 0.003153
1602075387.571658 20.698616 0.003153
1602075387.637658 20.699292 0.003152
1602075387.703659 20.698163 0.003153
1602075387.802659 20.698388 0.003153
1602075387.901659 20.696999 0.003153
1602075388.000659 20.695608 0.003152
1602075388.099659 20.694204 0.003153
1602075388.198660 20.693347 0.003151
1602075388.297660 20.691802 0.003153
1602075388.363660 20.689371 0.003150
1602075388.429660 20.687638 0.003152
1602075388.528661 20.686655 0.003151
1602075388.627661 20.686936 0.003152
1602075388.726661 20.684865 0.003153
1602075388.825661 20.682939 0.003153
1602075388.924661 20.682548 0.003153
1602075389.023662 20.682848 0.003151
1602075389.155662 20.681700 0.003152
1602075389.254663 20.679930 0.003152
1602075389.353662 20.676825 0.003141
1602075389.452663 20.676381 0.003128
1602075389.551663 20.675853 0.003128
1602075389.650663 20.676860 0.003127
1602075389.749664 20.677128 0.003147
1602075389.848664 20.676565 0.003148
1602075389.914664 20.677210 0.003152
1602075389.980664 20.677033 0.003152
1602075390.046664 20.675465 0.003151
1602075390.112664 20.675222 0.003152
1602075390.178664 20.675187 0.003150
1602075390.244665 20.675795 0.003152
1602075390.343665 20.675570 0.003151
1602075390.442665 20.674812 0.003152
1602075390.541665 20.676086 0.003152
1602075390.640666 20.676994 0.003152
1602075390.739666 20.677518 0.003151
1602075390.871666 20.678352 0.003152
1602075390.970666 20.679702 0.003151
1602075391.069667 20.678820 0.003149
1602075391.135667 20.679992 0.003150
1602075391.201667 20.680432 0.003150
1602075391.300667 20.681624 0.003146
1602075391.366667 20.682820 0.003145
1602075391.432667 20.682862 0.003144
1602075391.498667 20.683483 0.003143
1602075391.564668 20.683430 0.003151
1602075391.630668 20.683726 0.003151
1602075391.696668 20.682994 0.003148
1602075391.762668 20.683669 0.003152
1602075391.828668 20.685003 0.003151
1602075391.894669 20.685824 0.003145
1602075391.960669 20.687367 0.003150
1602075392.026669 20.688993 0.003151
1602075392.092669 20.688976 0.003151
1602075392.158669 20.686373 0.003148
1602075392.224669 20.685838 0.003149
1602075392.290670 20.686155 0.003151
1602075392.389670 20.686184 0.003152
1602075392.455670 20.685773 0.003151
1602075392.521670 20.686388 0.003150
1602075392.587670 20.686242 0.003150
1602075392.653670 20.686943 0.003144
1602075392.719671 20.686136 0.003147
1602075392.785671 20.681878 0.003149
1602075392.851671 20.681778 0.003149
1602075392.917671 20.682724 0.003150
1602075393.016671 20.683218 0.003151
1602075393.082671 20.681019 0.003138
1602075393.148671 20.680871 0.003150
1602075393.214672 20.680989 0.003149
1602075393.280672 20.675843 0.003140
1602075393.346672 20.677108 0.003151
1602075393.412672 20.677391 0.003150
1602075393.478672 20.677296 0.003150
1602075393.544672 20.675222 0.003137
1602075393.610673 20.674665 0.003149
1602075393.676673 20.674725 0.003150
1602075393.742673 20.674216 0.003150
1602075393.841673 20.675702 0.003151
1602075393.940674 20.672433 0.003143
1602075394.006674 20.673371 0.003150
1602075394.105674 20.674295 0.003150
1602075394.171674 20.672831 0.003150
1602075394.237674 20.668355 0.003130
1602075394.303674 20.665553 0.003132
1602075394.369674 20.665646 0.003150
1602075394.435675 20.663598 0.003144
1602075394.501675 20.663059 0.003146
1602075394.567675 20.663982 0.003149
1602075394.633675 20.662592 0.003146
1602075394.699675 20.661563 0.003149
1602075394.765676 20.661230 0.003150
1602075394.831676 20.661685 0.003150
1602075394.930676 20.661363 0.003150
1602075394.996676 20.660141 0.003141
1602075395.062676 20.658853 0.003139
1602075395.128676 20.658997 0.003147
1602075395.194676 20.659097 0.003150
1602075395.260677 20.657194 0.003149
1602075395.326677 20.657484 0.003144
1602075395.392677 20.657915 0.003149
1602075395.458677 20.658359 0.003149
1602075395.557677 20.658537 0.003149
1602075395.623677 20.658829 0.003147
1602075395.689677 20.656372 0.003146
1602075395.755678 20.656735 0.003148
1602075395.854678 20.657025 0.003149
1602075395.920678 20.656494 0.003148
1602075395.986678 20.657069 0.003149
1602075396.052678 20.655123 0.003142
1602075396.118679 20.654706 0.003146
1602075396.184679 20.653833 0.003147
1602075396.283679 20.654911 0.003148
1602075396.349679 20.655042 0.003149
1602075396.415679 20.653640 0.003148
1602075396.481679 20.655995 0.003147
1602075396.547680 20.653576 0.003148
1602075396.613680 20.653737 0.003146
1602075396.712680 20.652988 0.003148
1602075396.778680 20.652242 0.003147
1602075396.877680 20.651748 0.003148
1602075396.976681 20.651229 0.003147
1602075397.075681 20.650734 0.003149
1602075397.174681 20.651641 0.003149
1602075397.273681 20.652257 0.003149
1602075397.372682 20.652457 0.003148
1602075397.471682 20.650099 0.003149
1602075397.570682 20.650272 0.003148
1602075397.636682 20.650332 0.003145
1602075397.702682 20.650372 0.003145
1602075397.768682 20.651055 0.003147
1602075397.834683 20.650263 0.003148
1602075397.900683 20.648992 0.003144
1602075397.966683 20.648497 0.003148
1602075398.032683 20.648622 0.003148
1602075398.098683 20.649276 0.003148
1602075398.164684 20.649908 0.003148
1602075398.230684 20.650663 0.003148
1602075398.296684 20.648254 0.003148
1602075398.362684 20.648749 0.003147
1602075398.428684 20.648060 0.003146
1602075398.527684 20.647661 0.003148
1602075398.659685 20.647408 0.003148
1602075398.758685 20.649024 0.003148
1602075398.857685 20.646857 0.003148
1602075398.956685 20.646774 0.003146
1602075399.055685 20.647144 0.003146
1602075399.154686 20.647306 0.003146
1602075399.286686 20.646597 0.003146
1602075399.418686 20.648811 0.003147
1602075399.550687 20.647550 0.003146
1602075399.715687 20.647971 0.003147
1602075399.913687 20.648397 0.003146
1602075400.078688 20.648381 0.003138
1602075400.210688 20.649658 0.003144
1602075400.375689 20.649871 0.003147
1602075400.540689 20.649723 0.003147
1602075400.672689 20.650026 0.003147
1602075400.804690 20.647412 0.003147
1602075400.936690 20.649862 0.003143
1602075401.068690 20.650388 0.003146
1602075401.200691 20.650660 0.003146
1602075401.299691 20.650614 0.003146
1602075401.398691 20.651136 0.003145
1602075401.497691 20.652100 0.003137
1602075401.596691 20.651206 0.003142
1602075401.695692 20.651499 0.003139
1602075401.794692 20.651727 0.003142
1602075401.893692 20.653278 0.003145
1602075401.992692 20.654006 0.003146
1602075402.091692 20.653616 0.003141
1602075402.190693 20.654781 0.003143
1602075402.289693 20.654886 0.003141
1602075402.388693 20.656373 0.003147
1602075402.487694 20.657398 0.003145
1602075402.586694 20.658268 0.003145
1602075402.685694 20.658771 0.003144
1602075402.751694 20.658402 0.003144
1602075402.817694 20.657946 0.003146
1602075402.916695 20.658256 0.003145
1602075403.015695 20.657632 0.003146
1602075403.081695 20.656476 0.003145
1602075403.180695 20.656992 0.003146
1602075403.246696 20.656578 0.003145
1602075403.345695 20.655937 0.003142
1602075403.444696 20.654044 0.003146
1602075403.543696 20.653595 0.003145
1602075403.609696 20.653231 0.003145
1602075403.708696 20.652614 0.003146
1602075403.807697 20.652144 0.003146
1602075403.906697 20.652376 0.003146
1602075403.972697 20.652193 0.003146
1602075404.038697 20.652076 0.003146
1602075404.104697 20.652792 0.003146
1602075404.170697 20.653520 0.003146
1602075404.236698 20.653775 0.003146
1602075404.335698 20.654673 0.003144
1602075404.434698 20.654391 0.003146
1602075404.500698 20.654771 0.003146
1602075404.599699 20.654182 0.003145
1602075404.665699 20.654358 0.003145
1602075404.764699 20.654609 0.003146
1602075404.863699 20.654207 0.003145
1602075404.929699 20.654361 0.003145
1602075404.995699 20.654769 0.003145
1602075405.061700 20.654510 0.003145
1602075405.160700 20.654489 0.003145
1602075405.226700 20.654824 0.003145
1602075405.292700 20.655181 0.003145
1602075405.391701 20.655789 0.003145
1602075405.457700 20.656632 0.003145
1602075405.523701 20.655987 0.003144
1602075405.622701 20.656176 0.003145
1602075405.721701 20.656093 0.003144
1602075405.820701 20.656844 0.003144
1602075405.919702 20.656347 0.003144
1602075406.051702 20.657509 0.003144
1602075406.150702 20.658025 0.003144
1602075406.249702 20.657359 0.003144
1602075406.348703 20.657361 0.003144
1602075406.447703 20.658004 0.003144
1602075406.579703 20.657875 0.003144
1602075406.678703 20.657875 0.003143
1602075406.777704 20.658329 0.003143
1602075406.876704 20.657828 0.003143
1602075406.942704 20.657482 0.003143
1602075407.008704 20.657394 0.003143
1602075407.107705 20.658531 0.003143
1602075407.173705 20.658737 0.003143
1602075407.272705 20.658132 0.003142
1602075407.371705 20.659180 0.003143
1602075407.470706 20.657959 0.003142
1602075407.536705 20.657270 0.003141
1602075407.602706 20.657256 0.003142
1602075407.701706 20.657104 0.003141
1602075407.767706 20.658233 0.003141
1602075407.866706 20.657663 0.003142
1602075407.965707 20.657778 0.003141
1602075408.031707 20.654149 0.003134
1602075408.097707 20.655377 0.003142
1602075408.163707 20.652560 0.003137
1602075408.229707 20.652246 0.003141
1602075408.328707 20.650452 0.003141
1602075408.427708 20.652990 0.003142
1602075408.526708 20.651117 0.003137
1602075408.625708 20.650111 0.003141
1602075408.724708 20.649635 0.003141
1602075408.823709 20.649564 0.003140
1602075408.955709 20.648246 0.003138
1602075409.054709 20.648329 0.003140
1602075409.153710 20.649410 0.003141
1602075409.252710 20.649120 0.003141
1602075409.384710 20.650423 0.003140
1602075409.483710 20.650258 0.003141
1602075409.582711 20.650176 0.003138
1602075409.648711 20.650409 0.003141
1602075409.747711 20.650431 0.003140
1602075409.846711 20.651744 0.003140
1602075409.945711 20.651145 0.003141
1602075410.044712 20.651702 0.003141
1602075410.143712 20.653566 0.003139
1602075410.242712 20.654004 0.003140
1602075410.341712 20.654030 0.003140
1602075410.440712 20.653617 0.003141
1602075410.539713 20.653997 0.003140
1602075410.638713 20.653094 0.003139
1602075410.737713 20.652698 0.003140
1602075410.803713 20.651853 0.003140
1602075410.869714 20.650402 0.003140
1602075410.935714 20.651072 0.003139
1602075411.001714 20.651473 0.003140
1602075411.100714 20.650297 0.003141
1602075411.199714 20.650658 0.003138
1602075411.298715 20.651411 0.003137
1602075411.397715 20.651469 0.003137
1602075411.496715 20.651097 0.003139
1602075411.595715 20.651800 0.003140
1602075411.694715 20.650824 0.003140
1602075411.793716 20.650438 0.003140
1602075411.892716 20.649496 0.003139
1602075411.991716 20.649342 0.003139
1602075412.090716 20.648696 0.003140
1602075412.189717 20.647312 0.003140
1602075412.288717 20.649373 0.003134
1602075412.420717 20.649142 0.003140
1602075412.486717 20.647533 0.003140
1602075412.585718 20.650742 0.003137
1602075412.684718 20.650548 0.003137
1602075412.816718 20.651290 0.003139
1602075412.981719 20.649446 0.003140
1602075413.179719 20.649974 0.003138
1602075413.344719 20.648683 0.003140
1602075413.509720 20.648838 0.003139
1602075413.674720 20.647620 0.003140
1602075413.839721 20.646925 0.003140
1602075414.004721 20.648088 0.003140
1602075414.169721 20.648165 0.003140
1602075414.334722 20.650883 0.003140
1602075414.499722 20.651926 0.003139
1602075414.631722 20.653617 0.003140
1602075414.730723 20.654507 0.003140
1602075414.829723 20.655138 0.003140
1602075414.928723 20.649430 0.003140
1602075415.027723 20.649169 0.003140
1602075415.159724 20.649607 0.003139
1602075415.258724 20.646721 0.003139
1602075415.357724 20.649130 0.003139
1602075415.456724 20.649764 0.003140
1602075415.555725 20.649415 0.003139
1602075415.654725 20.649737 0.003139
1602075415.786725 20.650245 0.003138
1602075415.885725 20.649886 0.003139
1602075415.984726 20.651633 0.003139
1602075416.050726 20.648892 0.003139
1602075416.116726 20.652591 0.003139
1602075416.182726 20.653106 0.003139
1602075416.248726 20.653524 0.003139
1602075416.314726 20.654294 0.003139
1602075416.380727 20.654267 0.003138
1602075416.479727 20.655118 0.003138
1602075416.545727 20.655642 0.003139
1602075416.611727 20.655650 0.003139
1602075416.677727 20.655494 0.003139
1602075416.743727 20.655914 0.003139
1602075416.809727 20.655894 0.003139
1602075416.875728 20.655983 0.003139
1602075416.941728 20.656322 0.003139
1602075417.007728 20.656150 0.003139
1602075417.073728 20.656214 0.003139
1602075417.139728 20.656815 0.003139
1602075417.205729 20.656874 0.003139
1602075417.271729 20.657066 0.003139
1602075417.337729 20.657200 0.003139
1602075417.403729 20.657295 0.003139
1602075417.502729 20.657653 0.003139
1602075417.601730 20.657512 0.003139
1602075417.667730 20.657852 0.003139
1602075417.733730 20.658028 0.003139
1602075417.832730 20.658376 0.003139
1602075417.898730 20.658572 0.003139
1602075417.964730 20.659122 0.003139
1602075418.030730 20.659007 0.003139
1602075418.096731 20.659163 0.003139
1602075418.162731 20.659143 0.003139
1602075418.261731 20.658388 0.003137
1602075418.360731 20.659720 0.003139
1602075418.492732 20.660057 0.003139
1602075418.591732 20.659870 0.003139
1602075418.723732 20.660078 0.003139
1602075418.855732 20.658703 0.003139
1602075418.987733 20.659407 0.003139
1602075419.086733 20.661215 0.003139
1602075419.185733 20.663918 0.003139
1602075419.284734 20.663212 0.003139
1602075419.416734 20.663178 0.003139
1602075419.548734 20.665921 0.003139
1602075419.647735 20.664977 0.003139
1602075419.779735 20.663263 0.003139
1602075419.878735 20.663425 0.003139
1602075419.977735 20.662924 0.003139
1602075420.076735 20.665161 0.003139
1602075420.175736 20.665016 0.003139
1602075420.274736 20.663395 0.003139
1602075420.373736 20.666381 0.003139
1602075420.505736 20.666678 0.003139
1602075420.604737 20.667278 0.003139
1602075420.703737 20.665698 0.003139
1602075420.802737 20.666019 0.003139
1602075420.901737 20.664397 0.003139
1602075421.000738 20.664741 0.003139
1602075421.099738 20.664959 0.003139
1602075421.165738 20.665239 0.003139
1602075421.231738 20.664035 0.003139
1602075421.297739 20.663392 0.003139
1602075421.363739 20.663782 0.003139
1602075421.429739 20.662606 0.003139
1602075421.495739 20.662291 0.003139
1602075421.561739 20.661721 0.003139
1602075421.627739 20.662306 0.003139
1602075421.693739 20.662009 0.003139
1602075421.759739 20.660439 0.003139
1602075421.825740 20.659708 0.003139
1602075421.924740 20.660277 0.003139
1602075422.023740 20.660874 0.003138
1602075422.155740 20.661923 0.003139
1602075422.287741 20.660275 0.003139
1602075422.419741 20.660437 0.003139
1602075422.551741 20.658817 0.003139
1602075422.683742 20.655808 0.003139
1602075422.815742 20.655406 0.003139
1602075422.947742 20.656709 0.003139
1602075423.079742 20.658486 0.003139
1602075423.211743 20.657780 0.003139
1602075423.310743 20.658666 0.003139
1602075423.409743 20.659560 0.003139
1602075423.508744 20.658070 0.003139
1602075423.607744 20.657557 0.003139
1602075423.706744 20.655816 0.003138
1602075423.805744 20.651786 0.003139
1602075423.904744 20.654284 0.003139
1602075424.003745 20.655001 0.003139
1602075424.102745 20.655580 0.003139
1602075424.201745 20.655628 0.003139
1602075424.300745 20.654289 0.003139
1602075424.399746 20.653338 0.003139
1602075424.498746 20.652865 0.003139
1602075424.630746 20.649553 0.003139
1602075424.828747 20.648166 0.003131
1602075425.026747 20.651040 0.003138
1602075425.158748 20.639846 0.003131
1602075425.323748 20.642097 0.003139
1602075425.521749 20.640032 0.003139
1602075425.785749 20.636020 0.003136
1602075426.049750 20.640709 0.003138
1602075426.313750 20.640798 0.003139
1602075426.577751 20.632120 0.003139
1602075426.874752 20.629626 0.003139
1602075427.105752 20.631497 0.003139
1602075427.336752 20.627454 0.003139
1602075427.534753 20.623925 0.003139
1602075427.699754 20.622405 0.003139
1602075427.864754 20.623841 0.003139
1602075427.996754 20.620164 0.003139
1602075428.128754 20.625014 0.003139
1602075428.260755 20.624320 0.003139
1602075428.359755 20.620297 0.003135
1602075428.458755 20.619940 0.003138
1602075428.557755 20.623980 0.003137
1602075428.656756 20.625671 0.003139
1602075428.755756 20.627079 0.003138
1602075428.854756 20.631341 0.003138
1602075428.953756 20.632185 0.003138
1602075429.052757 20.630127 0.003138
1602075429.151757 20.631960 0.003132
1602075429.250757 20.629577 0.003137
1602075429.349757 20.631623 0.003137
1602075429.448757 20.630775 0.003137
1602075429.547758 20.631268 0.003139
1602075429.646758 20.631144 0.003138
1602075429.745758 20.631634 0.003138
1602075429.844759 20.628081 0.003138
1602075429.943758 20.626597 0.003137
1602075430.042759 20.629448 0.003137
1602075430.141759 20.632075 0.003138
1602075430.240759 20.635575 0.003138
1602075430.339760 20.640441 0.003139
1602075430.471760 20.638594 0.003139
1602075430.603760 20.637979 0.003138
1602075430.735761 20.640425 0.003138
1602075430.867761 20.642558 0.003138
1602075430.999761 20.641390 0.003138
1602075431.131761 20.639942 0.003137
1602075431.230762 20.640867 0.003138
1602075431.329762 20.642650 0.003137
1602075431.428762 20.642667 0.003138
1602075431.527762 20.642083 0.003138
1602075431.659763 20.643163 0.003138
1602075431.758763 20.642613 0.003138
1602075431.857763 20.642281 0.003137
1602075431.956764 20.641918 0.003138
1602075432.088764 20.642832 0.003138
1602075432.187764 20.642215 0.003138
1602075432.286764 20.643061 0.003138
1602075432.418765 20.642828 0.003137
1602075432.517765 20.641364 0.003137
1602075432.616765 20.643190 0.003137
1602075432.715765 20.643475 0.003137
1602075432.814765 20.644636 0.003137
1602075432.913766 20.644080 0.003137
1602075433.012766 20.645837 0.003137
1602075433.111766 20.644769 0.003137
1602075433.210766 20.645884 0.003137
1602075433.309767 20.648148 0.003137
1602075433.441767 20.645808 0.003136
1602075433.540767 20.644670 0.003137
1602075433.639768 20.646569 0.003136
1602075433.738768 20.644228 0.003136
1602075433.837768 20.646338 0.003136
1602075433.936768 20.646949 0.003135
1602075434.035768 20.647800 0.003133
1602075434.134769 20.647115 0.003136
1602075434.266769 20.647087 0.003135
1602075434.365769 20.647037 0.003136
1602075434.464770 20.647276 0.003136
1602075434.563770 20.649160 0.003136
1602075434.662770 20.648317 0.003135
1602075434.761770 20.647551 0.003136
1602075434.827770 20.647902 0.003136
1602075434.893770 20.648050 0.003136
1602075434.959771 20.648932 0.003135
1602075435.025771 20.648842 0.003136
1602075435.091771 20.648732 0.003135
1602075435.157771 20.648208 0.003135
1602075435.223771 20.647211 0.003135
1602075435.289772 20.645567 0.003135
1602075435.355772 20.648417 0.003135
1602075435.421772 20.648333 0.003136
1602075435.487772 20.648100 0.003135
1602075435.553772 20.648961 0.003135
1602075435.619772 20.649362 0.003135
1602075435.685772 20.650418 0.003135
1602075435.751772 20.649768 0.003136
1602075435.817773 20.650075 0.003135
1602075435.916773 20.650427 0.003136
1602075436.015773 20.650006 0.003135
1602075436.114773 20.650336 0.003135
1602075436.213773 20.652684 0.003135
1602075436.312774 20.650549 0.003133
1602075436.411774 20.650682 0.003133
1602075436.477774 20.650909 0.003135
1602075436.543774 20.651538 0.003134
1602075436.609775 20.651416 0.003134
1602075436.675775 20.651199 0.003135
1602075436.741775 20.651663 0.003135
1602075436.840775 20.651532 0.003135
1602075436.906775 20.651940 0.003135
1602075436.972775 20.651963 0.003135
1602075437.038775 20.652767 0.003135
1602075437.104776 20.650088 0.003135
1602075437.170776 20.650779 0.003135
1602075437.269776 20.652766 0.003135
1602075437.335776 20.653147 0.003135
1602075437.401776 20.652968 0.003134
1602075437.467777 20.653870 0.003135
1602075437.566777 20.653878 0.003135
1602075437.665777 20.652912 0.003134
1602075437.764777 20.652647 0.003135
1602075437.863778 20.652396 0.003135
1602075437.929778 20.653930 0.003130
1602075437.995778 20.652906 0.003134
1602075438.094778 20.652166 0.003133
1602075438.193778 20.650354 0.003135
1602075438.292778 20.653876 0.003134
1602075438.358779 20.654467 0.003134
1602075438.424779 20.654405 0.003134
1602075438.490779 20.654170 0.003134
1602075438.556779 20.653996 0.003135
1602075438.622779 20.653930 0.003133
1602075438.688780 20.653343 0.003135
1602075438.754780 20.653700 0.003133
1602075438.820780 20.654026 0.003134
1602075438.886780 20.653999 0.003133
1602075438.952780 20.654132 0.003134
1602075439.018780 20.654206 0.003135
1602075439.084780 20.654184 0.003135
1602075439.150781 20.654150 0.003135
1602075439.216781 20.654598 0.003134
1602075439.282781 20.655155 0.003135
1602075439.348781 20.654869 0.003135
1602075439.414781 20.655246 0.003135
1602075439.480781 20.655043 0.003135
1602075439.546782 20.655398 0.003135
1602075439.612782 20.655973 0.003135
1602075439.678782 20.656016 0.003134
1602075439.777782 20.655868 0.003134
1602075439.876782 20.657453 0.003134
1602075440.008783 20.657391 0.003135
1602075440.140783 20.657209 0.003133
1602075440.272783 20.658157 0.003134
1602075440.404784 20.657968 0.003133
1602075440.536784 20.657614 0.003131
1602075440.635784 20.656356 0.003135
1602075440.734785 20.657541 0.003134
1602075440.800785 20.659385 0.003133
1602075440.866785 20.661112 0.003134
1602075440.932785 20.661051 0.003134
1602075441.031785 20.663327 0.003134
1602075441.130785 20.664458 0.003134
1602075441.229786 20.664168 0.003134
1602075441.328786 20.664663 0.003134
1602075441.427786 20.665707 0.003134
1602075441.526786 20.665150 0.003133
1602075441.625787 20.666570 0.003134
1602075441.724787 20.669124 0.003133
1602075441.823787 20.670476 0.003133
1602075441.922787 20.670254 0.003133
1602075442.021787 20.670176 0.003133
1602075442.120788 20.670448 0.003133
1602075442.252788 20.671973 0.003134
1602075442.384788 20.672618 0.003133
1602075442.516789 20.673774 0.003133
1602075442.648789 20.674061 0.003132
1602075442.780789 20.676349 0.003132
1602075442.912790 20.678944 0.003133
1602075443.044790 20.679543 0.003133
1602075443.209790 20.681515 0.003134
1602075443.341790 20.678763 0.003131
