DelayedMarginalization 0.00148315 1.07424e-06 0.0105141 1921
DelayedMarginalizationOnly 0.000702808 5.29741e-07 0.00639986 1921
EF-marginalizeFrame 0.00188233 1.10927e-06 0.0108968 1921
FullSystem::trackNewCoarse 0.00639383 1.96002e-05 0.0343734 6173
FullSystem::trackNewCoarseNoIMU 0.00169928 5.24903e-07 0.00621618 107
FullSystemOptimize 0.153426 0.000355748 0.266661 1927
GraphUnrolling 0.0176969 0.000164116 0.0454253 16
IMUInitAddPose 3.42183e-05 2.44769e-09 0.00116052 1927
IMUInitOptimize 0.00869366 5.56346e-05 0.0254008 7
IMUIntegration::finishKeyframeOperations 5.08694e-05 2.19364e-09 0.00139344 1915
InitializerFirstFrame 0.0235146 -nan 0.0235146 1
InitializerOtherFrames 0.0319487 0.000291427 0.094881 90
MainMarginalization 0.00168248 1.08561e-06 0.0107105 1921
MarginalizationReplacementBuildGraph 0.00107066 3.20795e-07 0.00258508 15
MarginalizationReplacementReplaceGraph 0.0188551 0.000158636 0.0455998 15
MarginalizeMainGraph 0.000778541 3.8837e-07 0.0071561 1921
PGBA 0.00930895 -nan 0.00930895 1
PGBAFull 0.00128615 6.84736e-06 0.0109512 16
PrepareGraphForMainOptimization 0.0177932 0.000164794 0.0455648 16
VisualMarginalization 2.86494e-05 3.51531e-09 0.0014739 1921
activatePointsMT 0.00458125 4.63018e-06 0.0162197 1927
addActiveFrame 0.0656894 0.00645208 0.305202 6371
addIMUData 0.00104431 1.28026e-06 0.0171579 6173
addIMUDataToBA 0.00010944 1.22272e-08 0.00313988 6370
addKeyframeToBA 5.16397e-05 7.41864e-10 0.000732008 1927
afterCoarseTracking 2.90064e-07 2.08077e-14 1.633e-06 6280
baIteration 0.0248189 3.62227e-05 0.104096 11128
baMatrixInversion 0.000172559 7.62615e-09 0.00227918 11128
baUpdateBuildHessians 0.000596289 3.06059e-07 0.0100246 11128
coarseTrackingIteration 0.000570945 8.83157e-07 0.0111308 55574
computeBAUpdate 0.000870915 3.27938e-07 0.0102892 11128
computeCoarseUpdate 0.000314646 5.46232e-07 0.00805957 54817
computeFactorForCoarseGraphAndMarginalCovariances 0.00232917 6.90877e-07 0.0118706 1915
convertHAndBFromDSO 0.000105125 3.04732e-09 0.00171942 18812
debugPlot 9.62636e-08 3.97485e-15 9.52e-07 1927
debugPlotIDepthMap 4.82135e-07 1.43695e-11 0.000125127 1927
debugPlotIDepthMapFloat 3.44032e-08 4.52766e-16 3.6e-07 1927
deliverTrackedFrame 0.057387 0.00654415 0.299455 6281
flagFramesForMarginalization 2.04834e-06 9.869e-12 0.000130106 1927
fullCoarseTracking 0.00764515 2.20993e-05 0.0395271 6280
initObjectsAndMakeImage 0.00111528 1.21317e-07 0.0131169 6371
makeKeyframe 0.177808 0.000373976 0.299448 1927
makeKeyframeChangeTrackingRef 0.00190366 9.24526e-08 0.00415475 1927
makeNewTraces 0.00350913 1.8183e-07 0.00623991 1927
makeNonKeyframe 0.00398418 1.86938e-06 0.00890753 4354
marginalizeAndRemovePoints 0.00363427 8.38601e-07 0.00654657 1927
marginalizeFrame 0.00373926 1.42516e-06 0.0130353 1921
marginalizeFrameOverhead 0.00185289 1.78357e-07 0.00457488 1921
marginalizeFrames 0.00374409 1.47118e-06 0.0130548 1927
newFrameAndNewResidualsForOldPoints 0.000989042 5.78976e-08 0.00284751 1927
printBiases 8.17351e-06 7.41784e-10 0.00103583 1927
printEigenValLine 1.41729e-07 1.73864e-15 9.12e-07 1927
printLogLine 0.000157642 1.00034e-07 0.00366262 1927
publishInMakeKeyframe 1.62758e-07 6.6061e-15 8.82e-07 1927
removeOutliers 0.000179249 2.61839e-09 0.000802976 1927
swapTrackingRef 0.000169815 9.94932e-08 0.00350511 1927
timeMeasurement 1.63314e-06 2.58002e-12 9.1118e-05 6371
traceNewCoarse 0.00359996 1.71309e-06 0.00888935 6281
updateBAValues 1.13628e-05 2.21708e-10 0.00189195 20610
zero 9.06724e-08 3.98598e-14 1.501e-05 6371
