1610026590.189599 26.768382 0.467711
1610026590.321599 26.954266 0.412674
1610026590.453600 26.974611 0.378768
1610026590.552600 27.186134 0.359044
1610026590.651600 27.273427 0.332966
1610026590.750600 27.266417 0.310484
1610026590.816601 27.425929 0.302191
1610026590.915601 27.451613 0.287267
1610026591.047601 27.514718 0.270994
1610026591.146601 27.506876 0.248500
1610026591.245602 27.678907 0.236507
1610026591.377602 27.972502 0.222860
1610026591.509602 28.149978 0.208982
1610026591.641603 28.295978 0.186745
1610026591.773603 28.433535 0.172217
1610026591.905603 28.578934 0.162305
1610026592.037604 28.773570 0.157313
1610026592.169604 28.875822 0.145760
1610026592.301604 28.915878 0.138637
1610026592.433604 29.086741 0.131710
1610026592.565605 29.103206 0.126495
1610026592.697605 28.969809 0.121592
1610026592.829605 29.024926 0.117415
1610026592.961606 29.038206 0.114643
1610026593.093606 29.132532 0.113216
1610026593.225606 29.147614 0.109679
1610026593.357607 29.181870 0.106037
1610026593.489607 29.123029 0.103095
1610026593.621608 29.098884 0.099545
1610026593.753608 29.157314 0.097754
1610026593.885608 29.220163 0.095219
1610026594.017608 29.217156 0.092527
1610026594.149609 29.202797 0.089508
1610026594.281609 29.173242 0.086671
1610026594.380609 29.156089 0.085468
1610026594.479609 29.024121 0.083978
1610026594.578610 29.049749 0.082938
1610026594.677610 29.076239 0.082498
1610026594.776610 29.060577 0.081286
1610026594.875610 29.073042 0.080276
1610026594.974611 29.119090 0.079716
1610026595.073611 29.087298 0.079001
1610026595.172611 29.098031 0.078263
1610026595.271611 29.064384 0.076620
1610026595.370612 29.051395 0.075608
1610026595.469612 29.011453 0.073954
1610026595.568612 28.985112 0.072523
1610026595.667612 28.988267 0.071672
1610026595.766613 28.974717 0.071019
1610026595.865613 28.902083 0.069790
1610026595.964613 28.929485 0.069515
1610026596.063613 28.969721 0.068793
1610026596.195614 29.003144 0.068010
1610026596.294614 28.973254 0.067655
1610026596.393614 28.937708 0.067145
1610026596.492615 28.922992 0.066180
1610026596.591614 28.946857 0.065194
1610026596.690615 28.949501 0.064608
1610026596.789615 28.944004 0.063557
1610026596.888615 28.925859 0.062438
1610026596.987616 28.913136 0.061711
1610026597.086616 28.894843 0.061082
1610026597.185616 28.920695 0.060937
1610026597.284616 28.970927 0.060694
1610026597.383616 28.995094 0.060618
1610026597.482617 29.054472 0.060423
1610026597.581617 29.072214 0.060244
1610026597.680617 29.000399 0.059739
1610026597.779618 28.983287 0.059107
1610026597.878618 28.965003 0.058427
1610026597.977618 28.970218 0.057849
1610026598.076618 28.973592 0.057415
1610026598.142618 28.966392 0.057367
1610026598.208618 28.934320 0.056839
1610026598.274619 28.911789 0.056334
1610026598.340619 28.901763 0.055704
1610026598.439619 28.880528 0.054910
1610026598.538619 28.887105 0.054396
1610026598.637619 28.883568 0.053943
1610026598.736620 28.908622 0.054557
1610026598.835620 28.901654 0.054580
1610026598.934620 28.916856 0.054715
1610026599.033621 28.944139 0.054355
1610026599.132621 28.902408 0.053716
1610026599.231621 28.846010 0.052608
1610026599.330621 28.792310 0.051643
1610026599.429621 28.797825 0.051304
1610026599.528622 28.820916 0.050868
1610026599.627622 28.804122 0.050081
1610026599.726622 28.794348 0.049495
1610026599.825623 28.837699 0.049148
1610026599.924623 28.787485 0.048780
1610026600.023623 28.779040 0.048371
1610026600.122623 28.793609 0.047897
1610026600.221623 28.746505 0.047306
1610026600.320624 28.764884 0.046769
1610026600.419624 28.757163 0.046369
1610026600.518624 28.694195 0.045304
1610026600.617624 28.693083 0.044454
1610026600.716625 28.755879 0.044615
1610026600.815625 28.751863 0.044102
1610026600.914625 28.725420 0.043632
1610026601.013625 28.702816 0.043278
1610026601.112626 28.694117 0.042791
1610026601.211626 28.720964 0.042375
1610026601.310626 28.748389 0.041865
1610026601.409626 28.724680 0.041051
1610026601.508626 28.668475 0.040200
1610026601.607627 28.666347 0.039587
1610026601.706627 28.669886 0.038929
1610026601.805627 28.692693 0.037864
1610026601.904628 28.668853 0.037003
1610026602.003628 28.613833 0.036065
1610026602.102628 28.564818 0.034910
1610026602.168628 28.554276 0.034959
1610026602.234628 28.551761 0.034553
1610026602.300628 28.532525 0.034420
1610026602.399629 28.537816 0.034496
1610026602.465629 28.539953 0.033874
1610026602.564629 28.521748 0.033596
1610026602.663629 28.519719 0.032885
1610026602.762630 28.493106 0.032710
1610026602.861630 28.442370 0.032380
1610026602.927630 28.465454 0.032466
1610026602.993630 28.450279 0.032116
1610026603.059630 28.464385 0.031988
1610026603.158631 28.440670 0.031647
1610026603.224631 28.444352 0.031690
1610026603.290631 28.438413 0.031639
1610026603.356631 28.380118 0.031449
1610026603.422631 28.332279 0.031398
1610026603.488631 28.271678 0.031270
1610026603.554631 28.234639 0.031088
1610026603.620632 28.224965 0.030939
1610026603.686632 28.167026 0.030804
1610026603.752632 28.151155 0.030695
1610026603.818632 28.163511 0.030837
1610026603.884632 28.147349 0.030735
1610026603.950632 28.167347 0.030652
1610026604.016633 28.165977 0.030633
1610026604.082633 28.185345 0.030597
1610026604.148633 28.181427 0.030467
1610026604.214633 28.177041 0.030434
1610026604.280633 28.152307 0.030400
1610026604.346633 28.145754 0.030347
1610026604.412634 28.136020 0.030473
1610026604.478634 28.121171 0.030338
1610026604.544634 28.127895 0.030251
1610026604.610634 28.140882 0.030201
1610026604.676634 28.145502 0.030085
1610026604.742635 28.133398 0.029775
1610026604.808635 28.112265 0.029134
1610026604.874635 28.107030 0.029300
1610026604.940635 28.112914 0.029308
1610026605.006635 28.108495 0.029317
1610026605.072635 28.091605 0.028993
1610026605.138636 28.090139 0.028922
1610026605.204636 28.088848 0.028882
1610026605.270636 28.099417 0.028909
1610026605.336636 28.104359 0.028608
1610026605.402636 28.117091 0.028595
1610026605.468636 28.088845 0.028361
1610026605.534636 28.064557 0.028303
1610026605.600636 28.076021 0.028158
1610026605.666637 28.067913 0.028019
1610026605.732637 28.079969 0.028032
1610026605.798637 28.072114 0.027923
1610026605.864637 28.065575 0.027832
1610026605.930637 28.079600 0.027706
1610026605.996637 28.090608 0.027634
1610026606.062638 28.108748 0.027339
1610026606.128638 28.116830 0.027243
1610026606.194638 28.105982 0.027250
1610026606.260638 28.098777 0.027308
1610026606.359638 28.080786 0.027201
1610026606.458639 28.082216 0.027045
1610026606.557639 28.080616 0.026972
1610026606.656639 28.085571 0.026890
1610026606.755639 28.116225 0.026880
1610026606.821640 28.127387 0.026831
1610026606.887640 28.124637 0.026639
1610026606.953640 28.112693 0.026575
1610026607.019640 28.107529 0.026498
1610026607.085640 28.117986 0.026467
1610026607.151640 28.120440 0.026462
1610026607.217640 28.125314 0.026453
1610026607.283641 28.142563 0.026361
1610026607.349641 28.139035 0.026410
1610026607.415641 28.140430 0.026470
1610026607.481641 28.148923 0.026429
1610026607.547641 28.160328 0.026408
1610026607.613642 28.170242 0.026426
1610026607.679641 28.170629 0.026303
1610026607.745642 28.175179 0.026164
1610026607.811642 28.182904 0.026101
1610026607.877642 28.186773 0.026001
1610026607.943642 28.172112 0.025996
1610026608.009642 28.174954 0.025966
1610026608.075643 28.175439 0.026041
1610026608.141643 28.171164 0.026049
1610026608.207643 28.174840 0.026028
1610026608.273643 28.180495 0.025806
1610026608.339643 28.180415 0.025966
1610026608.405643 28.180434 0.025838
1610026608.471643 28.180558 0.025750
1610026608.537643 28.193992 0.025910
1610026608.603644 28.190033 0.025748
1610026608.669644 28.193120 0.025811
1610026608.735644 28.192329 0.025900
1610026608.801644 28.195951 0.025899
1610026608.867644 28.195625 0.025980
1610026608.933645 28.210176 0.025863
1610026608.999645 28.229204 0.025732
1610026609.065645 28.236437 0.025556
1610026609.131645 28.232982 0.025709
1610026609.197645 28.227208 0.025809
1610026609.263645 28.228580 0.025839
1610026609.329646 28.227948 0.025860
1610026609.395646 28.230602 0.025840
1610026609.461646 28.229829 0.025787
1610026609.527646 28.229747 0.025802
1610026609.593646 28.233742 0.025758
1610026609.659647 28.245478 0.025523
1610026609.725646 28.247487 0.025754
1610026609.791647 28.253493 0.025702
1610026609.857647 28.252339 0.025657
1610026609.923647 28.264324 0.025580
1610026609.989647 28.266723 0.025458
1610026610.055647 28.283575 0.025547
1610026610.121647 28.283449 0.025591
1610026610.187648 28.278475 0.025615
1610026610.253648 28.274241 0.025477
1610026610.319648 28.278476 0.025557
1610026610.385648 28.291140 0.025387
1610026610.451648 28.284434 0.025459
1610026610.517648 28.300323 0.025502
1610026610.583648 28.312047 0.025360
1610026610.649649 28.318804 0.025456
1610026610.715649 28.321348 0.025269
1610026610.781649 28.323835 0.025399
1610026610.847649 28.342908 0.025202
1610026610.913649 28.362261 0.025354
1610026610.979650 28.380164 0.025328
1610026611.045650 28.381308 0.025366
1610026611.111650 28.377959 0.025228
1610026611.177650 28.382956 0.025080
1610026611.243650 28.382643 0.024289
1610026611.309650 28.380520 0.023071
1610026611.375651 28.377127 0.024283
1610026611.441651 28.385081 0.024673
1610026611.507651 28.384043 0.025150
1610026611.573651 28.377077 0.024779
1610026611.639651 28.366471 0.024619
1610026611.705652 28.379940 0.024830
1610026611.771652 28.382381 0.024834
1610026611.837652 28.386266 0.025119
1610026611.903652 28.398001 0.024979
1610026611.969652 28.403317 0.025087
1610026612.035652 28.418416 0.025083
1610026612.101652 28.425524 0.025145
1610026612.167652 28.427323 0.025049
1610026612.233653 28.427632 0.024976
1610026612.299653 28.424189 0.024980
1610026612.365653 28.435300 0.024999
1610026612.431653 28.441225 0.025053
1610026612.497653 28.445149 0.025030
1610026612.563653 28.451243 0.025013
1610026612.629653 28.451074 0.024955
1610026612.695654 28.453799 0.024847
1610026612.761654 28.455797 0.024927
1610026612.827654 28.440601 0.024868
1610026612.893654 28.443259 0.024963
1610026612.959654 28.448681 0.024795
1610026613.025655 28.463429 0.024880
1610026613.091655 28.460939 0.024862
1610026613.157655 28.474047 0.024797
1610026613.223655 28.470203 0.024838
1610026613.289655 28.475069 0.024908
1610026613.355655 28.483883 0.024892
1610026613.421656 28.490839 0.024882
1610026613.487656 28.491165 0.024614
1610026613.553656 28.487726 0.024625
1610026613.619656 28.495352 0.024717
1610026613.685656 28.504883 0.024696
1610026613.784656 28.514535 0.024762
1610026613.883657 28.505720 0.024734
1610026613.949657 28.502380 0.024776
1610026614.015657 28.509544 0.024715
1610026614.081657 28.505426 0.024787
1610026614.147657 28.523677 0.024672
1610026614.213657 28.536690 0.024697
1610026614.279657 28.531347 0.024647
1610026614.345658 28.526079 0.024722
1610026614.444658 28.527193 0.024757
1610026614.510658 28.530806 0.024675
1610026614.576658 28.535593 0.024740
1610026614.642658 28.525519 0.024709
1610026614.708659 28.525965 0.024685
1610026614.774659 28.530041 0.024599
1610026614.873659 28.524509 0.024688
1610026614.939659 28.538336 0.024714
1610026615.005659 28.535104 0.024748
1610026615.071660 28.537638 0.024586
1610026615.137660 28.534010 0.024621
1610026615.203660 28.550157 0.024573
1610026615.302660 28.563591 0.024586
1610026615.401660 28.550294 0.024641
1610026615.500660 28.561020 0.024676
1610026615.665661 28.562250 0.024678
1610026615.863662 28.558992 0.024679
1610026616.028662 28.553266 0.024669
1610026616.226662 28.568184 0.024607
1610026616.391663 28.557766 0.024424
1610026616.523663 28.551105 0.024539
1610026616.655663 28.565602 0.024302
1610026616.787664 28.580311 0.024435
1610026616.886664 28.610447 0.024298
1610026616.985664 28.599130 0.024356
1610026617.084664 28.598082 0.024389
1610026617.183665 28.595612 0.024100
1610026617.282665 28.604362 0.024181
1610026617.381665 28.592628 0.024185
1610026617.480665 28.591743 0.024144
1610026617.579666 28.554423 0.024134
1610026617.678666 28.545906 0.024101
1610026617.777666 28.547668 0.023976
1610026617.843666 28.535345 0.023927
1610026617.942667 28.540760 0.023869
1610026618.041667 28.557871 0.023850
1610026618.140667 28.558212 0.023797
1610026618.239667 28.550903 0.023756
1610026618.338668 28.576535 0.023542
1610026618.470668 28.581399 0.023730
1610026618.602668 28.555520 0.023686
1610026618.734668 28.580073 0.023687
1610026618.866669 28.581413 0.023592
1610026618.998669 28.605422 0.023551
1610026619.130669 28.597748 0.023509
1610026619.262670 28.586337 0.023407
1610026619.361670 28.615171 0.023352
1610026619.460670 28.612516 0.023335
1610026619.559670 28.606992 0.023289
1610026619.658671 28.612499 0.023339
1610026619.790671 28.614857 0.023269
1610026619.922671 28.616527 0.023181
1610026620.054672 28.614391 0.023213
1610026620.186672 28.584439 0.023058
1610026620.318672 28.590287 0.023094
1610026620.384672 28.589157 0.023100
1610026620.483673 28.621791 0.023001
1610026620.615673 28.619436 0.023065
1610026620.747673 28.617609 0.022908
1610026620.879673 28.616924 0.023057
1610026621.011674 28.627723 0.023000
1610026621.143674 28.687592 0.022965
1610026621.275675 28.691642 0.022801
1610026621.374675 28.686399 0.022969
1610026621.473675 28.685237 0.022980
1610026621.572675 28.677009 0.022959
1610026621.671676 28.691409 0.022885
1610026621.770676 28.695370 0.022864
1610026621.869676 28.711787 0.022885
1610026621.968676 28.736834 0.022732
1610026622.067676 28.740400 0.022764
1610026622.166677 28.731804 0.022848
1610026622.265677 28.728064 0.022894
1610026622.364677 28.717291 0.022846
1610026622.463677 28.701006 0.022805
1610026622.562678 28.688971 0.022803
1610026622.661678 28.684056 0.022729
1610026622.760678 28.666668 0.022618
1610026622.859679 28.632918 0.022653
1610026622.958679 28.599571 0.022563
1610026623.057679 28.604915 0.022321
1610026623.156679 28.616738 0.022386
1610026623.255679 28.627331 0.022441
1610026623.354680 28.629059 0.022368
1610026623.453680 28.624693 0.022324
1610026623.552680 28.620328 0.022241
1610026623.651680 28.619956 0.022181
1610026623.750681 28.648158 0.021746
1610026623.849681 28.654969 0.021818
1610026623.948681 28.643426 0.022074
1610026624.080682 28.670623 0.021982
1610026624.212682 28.680372 0.022007
1610026624.344682 28.673835 0.021930
1610026624.476682 28.680802 0.021865
1610026624.608683 28.691987 0.021810
1610026624.740683 28.725456 0.021721
1610026624.872683 28.748556 0.021727
1610026625.004684 28.774387 0.021563
1610026625.136684 28.753404 0.021565
1610026625.268684 28.748808 0.021663
1610026625.400685 28.750914 0.021602
1610026625.532685 28.762526 0.021574
1610026625.664685 28.778236 0.021363
1610026625.796685 28.775912 0.021435
1610026625.928686 28.770551 0.021487
1610026626.060686 28.771853 0.021419
1610026626.225687 28.786575 0.021436
1610026626.357687 28.788958 0.021430
1610026626.489687 28.800759 0.021410
1610026626.654688 28.826975 0.021336
1610026626.786688 28.838031 0.021400
1610026626.951689 28.837393 0.021362
1610026627.116689 28.832340 0.021299
1610026627.281689 28.832221 0.021316
1610026627.479690 28.825730 0.021290
1610026627.677690 28.816530 0.021295
1610026627.875691 28.810056 0.021293
1610026628.040691 28.807836 0.021277
1610026628.238692 28.822245 0.021109
1610026628.403692 28.831351 0.021246
1610026628.568692 28.831956 0.021229
1610026628.766693 28.833571 0.021272
1610026628.964693 28.836965 0.021029
1610026629.129694 28.839120 0.021261
1610026629.294694 28.842208 0.021243
1610026629.492695 28.850244 0.021258
1610026629.690695 28.854095 0.021239
1610026629.888695 28.857143 0.021262
1610026630.119696 28.864348 0.021208
1610026630.350697 28.867874 0.021245
1610026630.581697 28.868141 0.021132
1610026630.812698 28.868732 0.021181
1610026631.043699 28.863718 0.021210
1610026631.274699 28.871771 0.021246
1610026631.538700 28.876391 0.021240
1610026631.802700 28.882907 0.021237
1610026632.033701 28.884916 0.021240
1610026632.297701 28.890721 0.021171
1610026632.627702 28.897521 0.021187
1610026632.990703 28.904561 0.021236
1610026633.320704 28.912263 0.021212
1610026633.650705 28.919575 0.021194
1610026633.881705 28.925596 0.021187
1610026634.211706 28.934843 0.021168
1610026634.508707 28.942133 0.021140
1610026634.739707 28.948078 0.021134
1610026634.970708 28.952927 0.021136
1610026635.168708 28.956398 0.021127
1610026662.030774 28.950814 0.020937
1610026662.822776 28.952167 0.020843
1610026663.053777 28.954568 0.021057
1610026663.284777 28.954175 0.021017
1610026663.515777 28.955433 0.020992
1610026663.944778 28.952021 0.020849
1610026664.274779 28.944893 0.020706
1610026664.538780 28.932343 0.020391
1610026664.802780 28.920927 0.020522
1610026665.099781 28.912001 0.020314
1610026665.561782 28.910858 0.020313
1610026665.957783 28.906460 0.020189
1610026666.155784 28.895274 0.020064
1610026666.320784 28.899027 0.019821
1610026666.452784 28.895930 0.020005
1610026666.683785 28.896991 0.019974
1610026666.848785 28.895070 0.019849
1610026667.013786 28.897914 0.019883
1610026667.178786 28.895099 0.019411
1610026667.343787 28.892949 0.019838
1610026667.475787 28.897289 0.019736
1610026667.607787 28.901165 0.019843
1610026667.706788 28.900441 0.019832
1610026667.805788 28.901815 0.019682
1610026667.937788 28.900073 0.019766
1610026668.036788 28.899010 0.019000
1610026668.135788 28.895355 0.019777
1610026668.234789 28.897312 0.019470
1610026668.333789 28.895170 0.019047
1610026668.432789 28.893305 0.019491
1610026668.531790 28.888004 0.019418
1610026668.630790 28.885311 0.019605
1610026668.729790 28.887475 0.019699
1610026668.828790 28.887621 0.019476
1610026668.927791 28.886020 0.019439
1610026669.059791 28.882490 0.019196
1610026669.191791 28.881372 0.019244
1610026669.323791 28.880905 0.019408
1610026669.455792 28.884711 0.019408
1610026669.554792 28.885029 0.019163
1610026669.686792 28.884560 0.019516
1610026669.818793 28.886425 0.019330
1610026669.950793 28.887153 0.019503
1610026670.082793 28.889488 0.019414
1610026670.214794 28.891494 0.019493
1610026670.346794 28.890958 0.019213
1610026670.478794 28.894275 0.019469
1610026670.610795 28.897351 0.019406
1610026670.742795 28.896516 0.019442
1610026670.874795 28.895758 0.019303
1610026671.006795 28.898828 0.019155
1610026671.138796 28.900723 0.019364
1610026671.237796 28.900073 0.019204
1610026671.303796 28.901658 0.019180
1610026671.402797 28.898775 0.019295
1610026671.501797 28.900086 0.019260
1610026671.600797 28.902426 0.019365
1610026671.699797 28.898906 0.019387
1610026671.798798 28.899407 0.019342
1610026671.897798 28.900597 0.019271
1610026671.996798 28.901394 0.019365
1610026672.095798 28.900003 0.019211
1610026672.194798 28.898636 0.019163
1610026672.293799 28.897117 0.019355
1610026672.425799 28.899325 0.019223
1610026672.557799 28.901432 0.018940
1610026672.689800 28.900892 0.019172
1610026672.821800 28.899386 0.019261
1610026672.953800 28.899180 0.019333
1610026673.052800 28.899051 0.019239
1610026673.151801 28.899520 0.019127
1610026673.250801 28.896662 0.019076
1610026673.349801 28.896948 0.019332
1610026673.448802 28.896720 0.019184
1610026673.547802 28.899069 0.019223
1610026673.646802 28.901536 0.018847
1610026673.745802 28.901228 0.019179
1610026673.844803 28.900890 0.019342
1610026673.943803 28.902201 0.019189
1610026674.042803 28.903432 0.019207
1610026674.141803 28.903404 0.019321
1610026674.240803 28.902430 0.019092
1610026674.339804 28.903297 0.019198
1610026674.405804 28.903186 0.018738
1610026674.471804 28.903359 0.018985
1610026674.537804 28.903008 0.019283
1610026674.603804 28.902494 0.019248
1610026674.669805 28.902416 0.019269
1610026674.735805 28.902118 0.019331
1610026674.801805 28.902766 0.019077
1610026674.867805 28.902684 0.019158
1610026674.933805 28.903086 0.019226
1610026674.999805 28.903124 0.019263
1610026675.065806 28.902885 0.019190
1610026675.131806 28.902668 0.019087
1610026675.197806 28.901880 0.018882
1610026675.263806 28.901747 0.018806
1610026675.329806 28.900899 0.019246
1610026675.395806 28.900455 0.019052
1610026675.461806 28.901691 0.018703
1610026675.527807 28.901776 0.019286
1610026675.593807 28.902213 0.018731
1610026675.659807 28.903188 0.018996
1610026675.725807 28.903323 0.019290
1610026675.791807 28.903923 0.019243
1610026675.857807 28.904053 0.019014
1610026675.923807 28.903181 0.019128
1610026675.989808 28.904055 0.018869
1610026676.055808 28.904737 0.018976
1610026676.121808 28.903247 0.019245
1610026676.187808 28.903484 0.018535
1610026676.253808 28.905471 0.018794
1610026676.319808 28.904806 0.019123
1610026676.385809 28.903780 0.019136
1610026676.451809 28.904610 0.019287
1610026676.517809 28.904929 0.019245
1610026676.583809 28.905320 0.019047
1610026676.649809 28.905639 0.018876
1610026676.715810 28.906006 0.019124
1610026676.781810 28.906241 0.019097
1610026676.847810 28.906673 0.018886
1610026676.913810 28.904891 0.019005
1610026676.979810 28.905566 0.019236
1610026677.045810 28.904855 0.019252
1610026677.111810 28.904647 0.019038
1610026677.177811 28.904448 0.018534
1610026677.243811 28.903780 0.018669
1610026677.309811 28.903413 0.018877
1610026677.375811 28.903262 0.019293
1610026677.441811 28.903988 0.019061
1610026677.507811 28.904509 0.018884
1610026677.573812 28.903713 0.018593
1610026677.639812 28.903425 0.018297
1610026677.705812 28.903808 0.019152
1610026677.771812 28.905305 0.018976
1610026677.837812 28.904493 0.019098
1610026677.903812 28.905279 0.019246
1610026677.969812 28.905506 0.018823
1610026678.035813 28.905264 0.017541
1610026678.101813 28.903182 0.019235
1610026678.167813 28.903938 0.016934
1610026678.233813 28.903429 0.018177
1610026678.299813 28.902471 0.018671
1610026678.365813 28.902855 0.019127
1610026678.431814 28.904672 0.019193
1610026678.497814 28.905449 0.018519
1610026678.563814 28.904597 0.018835
1610026678.629814 28.904112 0.019215
1610026678.695814 28.905129 0.019067
1610026678.761815 28.906222 0.018436
1610026678.827815 28.905288 0.019223
1610026678.893815 28.905801 0.019312
1610026678.959815 28.906726 0.019321
1610026679.025815 28.906693 0.019262
1610026679.091815 28.907138 0.019290
1610026679.157815 28.907150 0.019091
1610026679.223816 28.907116 0.019190
1610026679.289816 28.907207 0.019000
1610026679.355816 28.907150 0.019306
1610026679.421816 28.907875 0.018746
1610026679.487816 28.907515 0.018951
1610026679.553816 28.907498 0.018949
1610026679.619817 28.906838 0.019253
1610026679.685817 28.907102 0.019241
1610026679.751817 28.907477 0.019178
1610026679.817817 28.908191 0.019055
1610026679.883817 28.908001 0.018613
1610026679.949817 28.907592 0.018643
1610026680.015817 28.906900 0.019196
1610026680.081818 28.908124 0.018881
1610026680.147818 28.908708 0.019190
1610026680.213818 28.908747 0.018784
1610026680.279818 28.908528 0.018785
1610026680.345818 28.908283 0.018680
1610026680.411819 28.909107 0.019259
1610026680.477819 28.909187 0.019253
1610026680.543819 28.909802 0.019249
1610026680.609819 28.909913 0.018956
1610026680.675819 28.909488 0.018388
1610026680.741819 28.908626 0.019007
1610026680.807820 28.908799 0.018942
1610026680.873820 28.909553 0.018716
1610026680.939820 28.909696 0.019059
1610026681.005820 28.910588 0.018750
1610026681.071820 28.910062 0.019058
1610026681.137820 28.910059 0.019279
1610026681.203820 28.910754 0.019189
1610026681.269821 28.910170 0.019077
1610026681.335821 28.909934 0.018794
1610026681.401821 28.909855 0.018349
1610026681.467821 28.909781 0.019059
1610026681.533821 28.910093 0.017939
1610026681.599821 28.909957 0.019137
1610026681.665822 28.910116 0.019252
1610026681.731822 28.911172 0.019275
1610026681.797822 28.910987 0.019161
1610026681.863822 28.910846 0.018730
1610026681.929822 28.910985 0.018900
1610026681.995822 28.910570 0.019196
1610026682.061822 28.911055 0.018936
1610026682.127823 28.911513 0.019167
1610026682.193823 28.911877 0.019095
1610026682.259823 28.911691 0.019100
1610026682.325823 28.912137 0.019270
1610026682.391823 28.911805 0.019094
1610026682.457824 28.912152 0.019042
1610026682.523823 28.911943 0.019192
1610026682.589824 28.911625 0.018519
1610026682.655824 28.911365 0.019288
1610026682.721824 28.911911 0.019271
1610026682.787824 28.912475 0.018539
1610026682.853825 28.912542 0.018752
1610026682.919825 28.912478 0.018917
1610026682.985825 28.912435 0.019242
1610026683.051825 28.912817 0.019264
1610026683.117825 28.913378 0.019280
1610026683.183825 28.913172 0.019280
1610026683.249825 28.913648 0.018827
1610026683.315825 28.913383 0.019167
1610026683.381826 28.913487 0.018849
1610026683.447826 28.913778 0.018179
1610026683.513826 28.914031 0.019035
1610026683.579826 28.914690 0.018913
1610026683.645826 28.914616 0.019091
1610026683.711826 28.914558 0.019237
1610026683.777827 28.914391 0.019021
1610026683.843827 28.914758 0.018397
1610026683.909827 28.914089 0.018647
1610026683.975827 28.913911 0.018863
1610026684.041827 28.914509 0.018755
1610026684.107827 28.914642 0.019098
1610026684.173828 28.915074 0.018976
1610026684.239828 28.914278 0.018946
1610026684.305828 28.914715 0.019227
1610026684.371828 28.914933 0.018676
1610026684.437828 28.914603 0.018965
1610026684.503829 28.915951 0.017781
1610026684.569829 28.915503 0.017922
1610026684.635829 28.914322 0.018866
1610026684.701829 28.915648 0.016505
1610026684.767829 28.913862 0.017994
1610026684.833829 28.913644 0.018144
1610026684.899829 28.913959 0.018233
1610026684.965830 28.914371 0.019003
1610026685.031830 28.915477 0.018803
1610026685.097830 28.914870 0.019084
1610026685.163830 28.915055 0.018941
1610026685.229830 28.915816 0.018756
1610026685.295830 28.915463 0.018161
1610026685.361830 28.915750 0.017212
1610026685.427831 28.916419 0.018045
1610026685.493831 28.916511 0.018821
1610026685.559831 28.917013 0.019163
1610026685.625831 28.917192 0.019110
1610026685.691831 28.918198 0.018384
1610026685.757831 28.918348 0.018899
1610026685.823832 28.918215 0.018394
1610026685.889832 28.917929 0.017990
1610026685.955832 28.917558 0.018736
1610026686.021832 28.917788 0.018556
1610026686.087832 28.919175 0.019180
1610026686.153832 28.919632 0.019083
1610026686.219833 28.919570 0.018068
1610026686.285833 28.919608 0.018316
1610026686.351833 28.919300 0.018129
1610026686.417833 28.918395 0.018645
1610026686.483833 28.918720 0.018645
1610026686.549834 28.920473 0.019044
1610026686.615834 28.920523 0.019043
1610026686.681834 28.921632 0.018992
1610026686.747834 28.920841 0.018790
1610026686.813834 28.921175 0.019106
1610026686.879834 28.922070 0.019192
1610026686.945834 28.923074 0.019232
1610026687.011835 28.923670 0.019130
1610026687.110835 28.924028 0.019118
1610026687.209835 28.925442 0.019257
1610026687.275835 28.926498 0.018217
1610026687.341835 28.927336 0.018922
1610026687.407835 28.926359 0.019024
1610026687.473835 28.928863 0.019105
1610026687.539836 28.927219 0.019163
1610026687.605836 28.925977 0.019251
1610026687.671836 28.924232 0.019212
1610026687.737836 28.925120 0.019229
1610026687.836837 28.924920 0.018953
1610026687.935837 28.927444 0.019238
1610026688.034837 28.928442 0.019203
1610026688.133837 28.928184 0.019205
1610026688.232837 28.928297 0.019028
1610026688.331838 28.927298 0.019100
1610026688.397838 28.928853 0.019138
1610026688.463838 28.930720 0.019171
1610026688.529838 28.933449 0.019178
1610026688.628838 28.934035 0.019070
1610026688.727839 28.935132 0.017988
1610026688.826839 28.935292 0.019212
1610026688.958839 28.935002 0.018846
1610026689.090840 28.933155 0.018790
1610026689.255840 28.933215 0.019221
1610026689.420841 28.933404 0.019085
1610026689.585841 28.932810 0.018683
1610026689.717841 28.934537 0.017810
1610026689.816841 28.934542 0.016929
1610026689.915842 28.933541 0.018240
1610026690.014842 28.933856 0.019061
1610026690.113842 28.933998 0.019208
1610026690.212842 28.932959 0.019108
1610026690.311842 28.933349 0.019188
1610026690.410843 28.933512 0.019076
1610026690.509843 28.932619 0.019014
1610026690.608843 28.933068 0.019203
1610026690.707844 28.933462 0.019145
1610026690.806844 28.932727 0.018885
1610026690.905844 28.932715 0.019107
1610026691.037844 28.933505 0.019108
1610026691.136845 28.934476 0.019095
1610026691.235845 28.935389 0.019203
1610026691.334845 28.934816 0.019037
1610026691.433845 28.934035 0.019022
1610026691.532845 28.934591 0.019181
1610026691.631846 28.933867 0.019109
1610026691.730846 28.933527 0.019205
1610026691.829846 28.933711 0.019143
1610026691.928847 28.933933 0.019103
1610026692.027847 28.933841 0.018587
1610026692.126847 28.934142 0.018938
1610026692.225847 28.934448 0.019126
1610026692.291847 28.934525 0.018224
1610026692.357847 28.934539 0.018655
1610026692.423848 28.934273 0.019092
1610026692.489848 28.934841 0.018332
1610026692.555848 28.934546 0.018610
1610026692.621848 28.934403 0.018863
1610026692.687848 28.933949 0.018733
1610026692.753849 28.933719 0.017998
1610026692.819849 28.934524 0.018936
1610026692.885849 28.934644 0.019143
1610026692.951849 28.934654 0.019220
1610026693.017849 28.934254 0.019219
1610026693.083849 28.934348 0.019211
1610026693.149849 28.934436 0.018877
1610026693.215849 28.933453 0.018935
1610026693.281850 28.934520 0.018947
1610026693.347850 28.936086 0.018157
1610026693.413850 28.935514 0.018727
1610026693.479850 28.935308 0.018143
1610026693.545850 28.934816 0.019129
1610026693.611851 28.934070 0.018913
1610026693.677851 28.934533 0.018547
1610026693.743851 28.933987 0.018020
1610026693.809851 28.933321 0.016438
1610026693.875851 28.933453 0.018287
1610026693.941851 28.933253 0.018452
1610026694.007852 28.933300 0.018718
1610026694.073852 28.933047 0.018042
1610026694.139852 28.933669 0.018401
1610026694.205852 28.933095 0.017865
1610026694.271852 28.928540 0.018933
1610026694.337852 28.929885 0.018545
1610026694.403852 28.931066 0.018485
1610026694.469853 28.933344 0.018063
1610026694.535853 28.934000 0.018882
1610026694.601853 28.933306 0.019077
1610026694.667853 28.932830 0.018880
1610026694.733853 28.933007 0.018895
1610026694.799854 28.935308 0.018099
1610026694.865854 28.931777 0.018148
1610026694.931854 28.932243 0.018543
1610026694.997854 28.934757 0.019175
1610026695.063854 28.933724 0.017686
1610026695.129854 28.929131 0.017415
1610026695.195854 28.926816 0.018768
1610026695.261854 28.927481 0.018981
1610026695.327855 28.930913 0.018834
1610026695.393855 28.930407 0.018815
1610026695.459855 28.931953 0.017483
1610026695.525855 28.929916 0.018941
1610026695.591855 28.930833 0.018843
1610026695.657856 28.932488 0.016990
1610026695.723856 28.930813 0.017076
1610026695.789856 28.929854 0.015635
1610026695.855856 28.923655 0.018578
1610026695.921856 28.923003 0.018483
1610026695.987856 28.925632 0.016384
1610026696.053857 28.923993 0.014956
1610026696.119857 28.919945 0.018846
1610026696.185857 28.920364 0.016885
1610026696.251857 28.921875 0.019146
1610026696.317857 28.921304 0.018985
1610026696.383857 28.924865 0.018028
1610026696.449857 28.923230 0.017378
1610026696.548858 28.920264 0.017170
1610026696.614858 28.916918 0.018935
1610026696.680858 28.918836 0.019098
1610026696.746859 28.922047 0.019187
1610026696.812859 28.923031 0.016280
1610026696.878859 28.920475 0.018175
1610026696.944859 28.918888 0.019059
1610026697.010859 28.919308 0.017933
1610026697.076859 28.918748 0.018510
1610026697.142859 28.915926 0.018395
1610026697.208860 28.916217 0.018910
1610026697.274860 28.917979 0.017269
1610026697.340860 28.918470 0.016150
1610026697.406860 28.914872 0.017727
1610026697.472860 28.913257 0.017419
1610026697.538860 28.914839 0.019082
1610026697.604860 28.917465 0.019097
1610026697.670861 28.917786 0.019180
1610026697.736861 28.919286 0.019123
1610026697.802861 28.919449 0.019022
1610026697.868861 28.920943 0.015651
1610026697.934861 28.913625 0.018684
1610026698.000861 28.912602 0.016447
1610026698.066862 28.913493 0.018851
1610026698.132862 28.916555 0.016869
1610026698.198862 28.914759 0.017727
1610026698.264862 28.912518 0.018649
1610026698.330862 28.916572 0.018682
1610026698.396863 28.916630 0.018323
1610026698.462862 28.915835 0.018371
1610026698.528863 28.915049 0.017253
1610026698.594863 28.913192 0.018091
1610026698.660863 28.913564 0.016509
1610026698.726863 28.912817 0.015205
1610026698.792863 28.910346 0.014745
1610026698.858864 28.907759 0.015982
1610026698.924864 28.909895 0.017090
1610026698.990864 28.911411 0.018416
1610026699.056864 28.909216 0.018805
1610026699.122864 28.913330 0.018740
1610026699.188864 28.916644 0.016476
1610026699.254865 28.914150 0.017085
1610026699.320865 28.913137 0.018025
1610026699.386865 28.913692 0.017302
1610026699.452865 28.915667 0.018020
1610026699.518865 28.916301 0.018486
1610026699.584865 28.916198 0.018956
1610026699.650865 28.915338 0.017970
1610026699.716866 28.916689 0.018636
1610026699.782866 28.916559 0.018042
1610026699.848866 28.916716 0.017801
1610026699.914866 28.915817 0.018401
1610026699.980866 28.915770 0.017950
1610026700.046866 28.915890 0.018457
1610026700.112867 28.914126 0.018845
1610026700.178867 28.915490 0.019071
1610026700.244867 28.914584 0.018818
1610026700.310867 28.914913 0.018937
1610026700.376867 28.915940 0.019021
1610026700.442868 28.916810 0.018939
1610026700.508868 28.917603 0.018900
1610026700.574868 28.916758 0.019099
1610026700.640868 28.917197 0.018824
1610026700.706868 28.916298 0.018598
1610026700.772868 28.915184 0.018726
1610026700.838868 28.915826 0.018757
1610026700.904869 28.915338 0.019163
1610026700.970869 28.915817 0.019058
1610026701.036869 28.916247 0.019045
1610026701.102869 28.916104 0.018663
1610026701.168869 28.917035 0.018475
1610026701.234869 28.916223 0.018949
1610026701.333869 28.916509 0.019157
1610026701.465870 28.916874 0.019013
1610026701.597870 28.916269 0.017930
1610026701.729871 28.914402 0.018920
1610026701.861871 28.915466 0.019031
1610026701.960871 28.915564 0.019113
1610026702.059871 28.916989 0.017886
1610026702.158872 28.917924 0.019076
1610026702.257872 28.917053 0.018706
1610026702.323872 28.917808 0.017738
1610026702.422872 28.918814 0.018887
1610026702.521872 28.919127 0.018660
1610026702.620873 28.919624 0.019064
1610026702.719873 28.918732 0.018665
1610026702.818873 28.918312 0.019128
1610026702.917873 28.919636 0.018728
1610026703.016874 28.917336 0.017896
1610026703.115874 28.915593 0.018971
1610026703.214874 28.915572 0.018976
1610026703.313874 28.916397 0.019108
1610026703.412875 28.916215 0.019121
1610026703.511875 28.918414 0.019034
1610026703.610875 28.918729 0.018963
1610026703.709875 28.917814 0.019105
1610026703.775876 28.917942 0.018450
1610026703.841876 28.916113 0.018711
1610026703.907876 28.916249 0.018370
1610026703.973876 28.915393 0.018488
1610026704.039876 28.918992 0.017976
1610026704.138876 28.916521 0.018754
1610026704.237877 28.918969 0.018437
1610026704.336877 28.918027 0.019056
1610026704.435877 28.917810 0.019126
1610026704.501877 28.918332 0.019125
1610026704.567877 28.918591 0.018949
1610026704.633878 28.917065 0.017232
1610026704.699878 28.917200 0.018771
1610026704.765878 28.917342 0.018443
1610026704.831878 28.918818 0.018756
1610026704.897878 28.920273 0.019007
1610026704.963878 28.919599 0.018717
1610026705.029879 28.917273 0.018569
1610026705.095879 28.915207 0.019068
1610026705.161879 28.912932 0.018829
1610026705.227879 28.916786 0.018231
1610026705.293879 28.919116 0.017977
1610026705.359879 28.914512 0.018180
1610026705.425879 28.913340 0.019080
1610026705.491880 28.919530 0.018558
1610026705.557880 28.921159 0.018912
1610026705.623880 28.922716 0.018638
1610026705.689880 28.922323 0.018428
1610026705.755880 28.920086 0.018131
1610026705.821881 28.919358 0.019052
1610026705.887881 28.920921 0.018812
1610026705.953881 28.923193 0.019095
1610026706.019881 28.926353 0.018434
1610026706.085881 28.921336 0.018633
1610026706.151881 28.917741 0.019073
1610026706.217882 28.913896 0.018825
1610026706.283882 28.914422 0.018367
1610026706.349882 28.915394 0.018719
1610026706.415882 28.915118 0.018150
1610026706.481882 28.915074 0.018590
1610026706.547882 28.912495 0.018911
1610026706.613882 28.915619 0.018692
1610026706.679883 28.915095 0.018287
1610026706.745883 28.911876 0.018584
1610026706.811883 28.914608 0.018951
1610026706.877883 28.912268 0.019002
1610026706.943883 28.914409 0.018456
1610026707.009883 28.913222 0.018748
1610026707.075884 28.917691 0.018130
1610026707.141884 28.918672 0.018784
1610026707.207884 28.916430 0.018985
1610026707.273884 28.914763 0.019061
1610026707.339884 28.916319 0.019077
1610026707.405885 28.919975 0.018518
1610026707.471884 28.920587 0.018029
1610026707.537885 28.917243 0.018762
1610026707.603885 28.916282 0.018674
1610026707.669885 28.915499 0.018990
1610026707.735885 28.917260 0.018750
1610026707.801885 28.915371 0.018838
1610026707.867886 28.916736 0.018838
1610026707.933886 28.917580 0.018946
1610026707.999886 28.919178 0.018708
1610026708.065886 28.919473 0.018612
1610026708.131886 28.916803 0.018859
1610026708.197886 28.916868 0.017985
1610026708.263887 28.917907 0.018746
1610026708.329887 28.920744 0.018830
1610026708.395887 28.921313 0.018437
1610026708.461887 28.920507 0.017990
1610026708.527887 28.921913 0.018705
1610026708.593887 28.922582 0.019016
1610026708.659887 28.921966 0.018763
1610026708.725888 28.921194 0.018691
1610026708.791888 28.920937 0.018723
1610026708.857888 28.918587 0.018856
1610026708.923888 28.917417 0.018838
1610026708.989888 28.918102 0.018813
1610026709.055888 28.920385 0.018985
1610026709.121888 28.919943 0.018736
1610026709.187889 28.920970 0.018618
1610026709.253889 28.921570 0.018062
1610026709.319889 28.920855 0.018376
1610026709.385889 28.919391 0.018680
1610026709.451890 28.919994 0.015108
1610026709.517889 28.916817 0.018449
1610026709.583890 28.915800 0.018422
1610026709.649890 28.918297 0.019042
1610026709.715890 28.916580 0.018709
1610026709.781890 28.918662 0.018831
1610026709.847890 28.917822 0.019050
1610026709.913891 28.918198 0.018627
1610026710.012891 28.915358 0.018609
1610026710.111891 28.913643 0.018936
1610026710.210891 28.914741 0.018906
1610026710.309891 28.917042 0.018940
1610026710.408892 28.918354 0.018477
1610026710.507892 28.919804 0.018447
1610026710.606892 28.918383 0.018880
1610026710.705892 28.918877 0.019058
1610026710.804893 28.916779 0.018674
1610026710.903893 28.916156 0.018246
1610026711.002893 28.917077 0.017738
1610026711.101893 28.914490 0.018486
1610026711.167893 28.911578 0.018660
1610026711.233894 28.911467 0.018848
1610026711.299894 28.911682 0.018781
1610026711.365894 28.912137 0.018853
1610026711.431894 28.913105 0.018707
1610026711.497894 28.911885 0.017866
1610026711.563895 28.907484 0.018920
1610026711.629895 28.906121 0.018515
1610026711.695895 28.907856 0.018329
1610026711.761895 28.910341 0.017729
1610026711.827895 28.912710 0.018782
1610026711.893895 28.910407 0.017262
1610026711.959896 28.910966 0.017971
1610026712.025896 28.910974 0.018917
1610026712.091896 28.912327 0.018937
1610026712.157896 28.910436 0.017856
1610026712.223896 28.909618 0.018553
1610026712.289896 28.911489 0.018497
1610026712.355896 28.911686 0.018886
1610026712.421897 28.913176 0.018862
1610026712.487897 28.911343 0.017729
1610026712.553897 28.909773 0.016116
1610026712.619897 28.907505 0.017374
1610026712.685897 28.905876 0.018359
1610026712.751897 28.906929 0.018510
1610026712.817898 28.908322 0.018690
1610026712.883898 28.905227 0.017991
1610026712.949898 28.908470 0.018777
1610026713.048898 28.907170 0.018521
1610026713.147898 28.911057 0.018338
1610026713.213898 28.910038 0.015654
1610026713.279899 28.910382 0.017419
1610026713.378899 28.911467 0.018296
1610026713.444899 28.914356 0.018618
1610026713.510899 28.914220 0.018948
1610026713.576899 28.912943 0.018882
1610026713.642900 28.915964 0.018668
1610026713.708900 28.918024 0.018453
1610026713.774900 28.911826 0.018781
1610026713.873900 28.914895 0.018656
1610026713.972900 28.917426 0.018302
1610026714.071901 28.919960 0.018922
1610026714.170901 28.918858 0.018614
1610026714.269901 28.912891 0.018741
1610026714.368901 28.914475 0.018174
1610026714.434901 28.918915 0.018580
1610026714.533902 28.915195 0.018832
1610026714.632902 28.914472 0.018813
1610026714.731902 28.910089 0.018467
1610026714.830903 28.906471 0.018107
1610026714.896903 28.909142 0.018666
1610026714.962903 28.912439 0.018704
1610026715.028903 28.910855 0.018391
1610026715.127903 28.906398 0.018767
1610026715.226903 28.909636 0.018902
1610026715.325904 28.909402 0.018976
1610026715.424904 28.914650 0.018959
1610026715.523904 28.919290 0.018946
1610026715.589904 28.921210 0.018837
1610026715.688905 28.924978 0.018958
1610026715.754905 28.925571 0.017977
1610026715.853905 28.927771 0.018692
1610026715.919905 28.922742 0.018248
1610026715.985905 28.918957 0.018659
1610026716.051905 28.913454 0.018897
1610026716.150906 28.914594 0.018875
1610026716.249906 28.916766 0.018769
1610026716.348906 28.918354 0.018264
1610026716.447906 28.921878 0.018576
1610026716.546907 28.921072 0.018678
1610026716.612907 28.918795 0.018029
1610026716.678907 28.912732 0.018527
1610026716.744907 28.906707 0.018821
1610026716.810907 28.907423 0.018077
1610026716.876908 28.909165 0.018684
1610026716.942908 28.915327 0.018563
1610026717.008908 28.921636 0.017671
1610026717.074908 28.914768 0.018771
1610026717.140908 28.909889 0.018813
1610026717.206908 28.907537 0.018966
1610026717.272908 28.905082 0.018814
1610026717.338908 28.907878 0.018731
1610026717.404909 28.911487 0.018556
1610026717.470909 28.916259 0.018744
1610026717.536909 28.915800 0.018180
1610026717.602909 28.913081 0.018026
1610026717.668909 28.912565 0.018480
1610026717.734910 28.905538 0.018419
1610026717.800910 28.904661 0.018817
1610026717.866910 28.899540 0.018334
1610026717.932910 28.895551 0.018402
1610026718.031910 28.894402 0.018529
1610026718.130910 28.899005 0.018540
1610026718.229911 28.895077 0.018188
1610026718.328911 28.890185 0.018583
1610026718.427911 28.883279 0.018428
1610026718.526911 28.872750 0.018875
1610026718.625911 28.870507 0.018872
1610026718.724912 28.868396 0.018860
1610026718.823912 28.869554 0.018786
1610026718.922913 28.873703 0.018639
1610026719.021913 28.879626 0.018676
1610026719.120913 28.881813 0.018689
1610026719.219913 28.876002 0.018823
1610026719.318913 28.870785 0.018743
1610026719.417914 28.869655 0.018877
1610026719.516914 28.874367 0.018710
1610026719.615914 28.875647 0.018933
1610026719.714914 28.874904 0.018437
1610026719.813915 28.871360 0.018787
1610026719.912915 28.879965 0.018521
1610026720.011915 28.875683 0.018678
1610026720.110915 28.880387 0.018724
1610026720.209915 28.879322 0.018567
1610026720.308916 28.880570 0.018728
1610026720.407916 28.873764 0.018756
1610026720.506916 28.873887 0.018912
1610026720.605917 28.877816 0.018656
1610026720.704917 28.875585 0.018741
1610026720.803917 28.881993 0.018586
1610026720.902917 28.879188 0.018657
1610026721.001917 28.882333 0.018811
1610026721.100918 28.877453 0.018462
1610026721.199918 28.874786 0.018664
1610026721.298918 28.878823 0.017692
1610026721.397918 28.881848 0.018519
1610026721.496918 28.880004 0.018635
1610026721.595919 28.883307 0.018607
1610026721.694919 28.878970 0.018633
1610026721.793920 28.883020 0.018805
1610026721.892920 28.890886 0.018749
1610026721.991920 28.892193 0.018661
1610026722.090920 28.889639 0.018528
1610026722.189920 28.899216 0.018742
1610026722.288921 28.895273 0.018768
1610026722.387921 28.898292 0.018811
1610026722.486921 28.895680 0.018267
1610026722.618922 28.900328 0.018305
1610026722.717921 28.901034 0.018287
1610026722.849922 28.915737 0.018592
1610026722.948922 28.921935 0.018429
1610026723.047922 28.922715 0.018369
1610026723.146923 28.923438 0.018824
1610026723.278923 28.926221 0.017824
1610026723.410923 28.932421 0.018083
1610026723.542923 28.932827 0.018493
1610026723.674924 28.932459 0.018705
1610026723.806924 28.940184 0.018839
1610026723.938925 28.941408 0.018775
1610026724.070925 28.947039 0.018477
1610026724.202925 28.955776 0.018796
1610026724.367925 28.961169 0.018571
1610026724.532926 28.964354 0.018688
1610026724.697926 28.972890 0.018551
1610026724.895927 28.972254 0.018593
1610026725.060927 28.979647 0.018723
1610026725.192928 28.987586 0.018710
1610026725.324928 29.004323 0.018754
1610026725.456928 29.011439 0.018843
1610026725.588928 29.017375 0.018752
1610026725.687929 29.022405 0.018723
1610026725.819929 29.029648 0.018580
1610026726.083930 29.045443 0.018762
1610026726.347930 29.054526 0.018830
1610026726.611931 29.060833 0.018790
1610026726.875932 29.073190 0.018717
1610026727.139932 29.077961 0.018747
1610026727.370933 29.079499 0.018749
1610026727.601933 29.081152 0.018728
1610026727.799934 29.086632 0.018788
1610026727.964934 29.092270 0.018752
1610026728.195935 29.093998 0.018740
1610026728.492936 29.095013 0.018663
1610026728.822937 29.094498 0.018742
1610026729.152937 29.091846 0.018792
1610026729.548938 29.091414 0.018715
1610026730.307940 29.089996 0.018787
1610026730.670941 29.088763 0.018748
1610026730.769941 29.088899 0.018722
1610026731.231942 29.088104 0.018783
1610026740.603965 29.085730 0.018787
1610026740.867966 29.086961 0.018684
1610026741.098966 29.088804 0.018741
1610026741.395967 29.087513 0.018745
1610026741.758968 29.088605 0.018550
1610026742.055969 29.090421 0.018614
1610026742.616970 29.095819 0.018683
1610026743.177971 29.102325 0.018501
1610026743.606972 29.107468 0.018505
1610026743.903973 29.115563 0.017559
1610026744.200974 29.125247 0.017099
1610026744.464975 29.132648 0.018219
1610026744.728975 29.138174 0.018452
1610026744.959976 29.144051 0.017627
1610026745.190976 29.149538 0.016876
1610026745.421977 29.148548 0.018364
1610026745.652977 29.154957 0.017137
1610026745.883978 29.160603 0.016585
1610026746.114979 29.161770 0.016611
1610026746.345979 29.160054 0.016993
1610026746.576980 29.157136 0.017323
1610026746.774980 29.161987 0.016755
1610026746.939981 29.164674 0.017024
1610026747.104981 29.167446 0.016218
1610026747.269981 29.167360 0.016199
1610026747.434982 29.166703 0.015444
1610026747.599982 29.165759 0.014012
1610026747.731983 29.166943 0.015849
1610026747.896983 29.169447 0.013818
1610026747.995983 29.172031 0.014699
1610026748.127983 29.170498 0.014006
1610026748.259984 29.166865 0.015011
1610026748.358984 29.169688 0.014176
1610026748.457984 29.168593 0.013928
1610026748.556984 29.167126 0.012025
1610026748.655985 29.167428 0.013981
1610026748.754985 29.167886 0.013954
1610026748.853985 29.170996 0.012454
1610026748.952985 29.172868 0.014241
1610026749.051986 29.169835 0.013900
1610026749.150986 29.170296 0.014231
1610026749.249986 29.168253 0.013752
1610026749.348986 29.168040 0.014202
1610026749.447987 29.166966 0.013999
1610026749.546987 29.166711 0.014202
1610026749.645987 29.166341 0.014011
1610026749.744987 29.166681 0.014160
1610026749.843988 29.166084 0.013966
1610026749.942988 29.166071 0.014089
1610026750.041988 29.165117 0.012620
1610026750.140988 29.165152 0.013075
1610026750.239989 29.166481 0.013913
1610026750.338989 29.166371 0.013807
1610026750.437989 29.167409 0.013599
1610026750.536989 29.165734 0.013572
1610026750.635989 29.165769 0.013448
1610026750.734990 29.166744 0.013473
1610026750.833990 29.165968 0.013657
1610026750.932990 29.165468 0.013513
1610026751.031991 29.166120 0.013324
1610026751.130991 29.165578 0.013351
1610026751.196991 29.166066 0.013290
1610026751.295991 29.165630 0.013116
1610026751.394991 29.164656 0.013343
1610026751.493992 29.163017 0.012960
1610026751.592992 29.163712 0.013133
1610026751.691992 29.163799 0.013168
1610026751.790993 29.163856 0.012680
1610026751.889993 29.162118 0.012816
1610026751.988993 29.160929 0.012984
1610026752.087993 29.161430 0.012890
1610026752.186993 29.162191 0.012869
1610026752.285994 29.162254 0.012839
1610026752.384994 29.162075 0.012653
1610026752.483994 29.162118 0.012735
1610026752.582994 29.162830 0.012652
1610026752.681995 29.162097 0.012334
1610026752.780995 29.161767 0.012630
1610026752.879995 29.161899 0.012497
1610026752.978996 29.162390 0.012411
1610026753.077996 29.161429 0.012498
1610026753.176996 29.161278 0.012367
1610026753.275996 29.160516 0.012412
1610026753.374996 29.160432 0.012234
1610026753.473997 29.160022 0.012364
1610026753.572997 29.159715 0.012344
1610026753.671997 29.159505 0.012322
1610026753.770998 29.159136 0.012273
1610026753.869998 29.158136 0.012180
1610026753.968998 29.158282 0.012126
1610026754.067998 29.158860 0.012211
1610026754.166998 29.158742 0.012047
1610026754.232998 29.157927 0.012197
1610026754.331999 29.157878 0.012119
1610026754.430999 29.159416 0.012169
1610026754.529999 29.159472 0.012077
1610026754.628999 29.159369 0.012108
1610026754.728000 29.158568 0.012032
1610026754.827000 29.158105 0.012054
1610026754.926000 29.157851 0.012053
1610026755.025000 29.158416 0.011975
1610026755.091001 29.158303 0.012068
1610026755.157001 29.158167 0.012042
1610026755.223001 29.158398 0.011997
1610026755.289001 29.158962 0.011939
1610026755.355001 29.158517 0.012013
1610026755.454001 29.158187 0.012014
1610026755.553002 29.157342 0.012017
1610026755.619002 29.157555 0.012018
1610026755.685002 29.157135 0.011640
1610026755.751002 29.156565 0.011961
1610026755.817002 29.156348 0.012002
1610026755.883002 29.157201 0.011930
1610026755.949003 29.157538 0.011935
1610026756.048003 29.158034 0.011955
1610026756.147003 29.157556 0.011916
1610026756.246003 29.157304 0.011949
1610026756.345004 29.157563 0.011891
1610026756.444004 29.156809 0.011735
1610026756.543004 29.156434 0.011908
1610026756.642004 29.156296 0.011846
1610026756.741004 29.156211 0.011880
1610026756.807005 29.155769 0.011827
1610026756.873005 29.155120 0.011823
1610026756.939005 29.155231 0.011814
1610026757.005005 29.155653 0.011686
1610026757.071005 29.156065 0.011808
1610026757.137006 29.155839 0.011910
1610026757.203006 29.155553 0.011852
1610026757.269006 29.155221 0.011829
1610026757.368006 29.154984 0.011808
1610026757.467006 29.154730 0.011891
1610026757.566006 29.154124 0.011820
1610026757.632007 29.153942 0.011836
1610026757.698007 29.154750 0.011882
1610026757.764007 29.154851 0.011870
1610026757.830007 29.154898 0.011778
1610026757.896008 29.154470 0.011782
1610026757.962008 29.154692 0.011824
1610026758.028008 29.154739 0.011848
1610026758.094008 29.154426 0.011767
1610026758.160008 29.154136 0.011776
1610026758.226008 29.154229 0.011847
1610026758.292008 29.153898 0.011847
1610026758.358009 29.153491 0.011617
1610026758.457009 29.153290 0.011830
1610026758.523009 29.153346 0.011795
1610026758.589009 29.153243 0.011546
1610026758.688010 29.152232 0.011635
1610026758.787009 29.152246 0.011747
1610026758.886010 29.152566 0.011816
1610026758.952010 29.152349 0.011661
1610026759.018010 29.151914 0.011648
1610026759.084010 29.153576 0.011809
1610026759.150010 29.154083 0.011834
1610026759.216011 29.153717 0.011828
1610026759.315011 29.154034 0.011695
1610026759.381011 29.154927 0.011711
1610026759.480011 29.155174 0.011798
1610026759.546011 29.154759 0.011795
1610026759.612011 29.154518 0.011717
1610026759.711012 29.153037 0.011230
1610026759.777012 29.152004 0.011771
1610026759.843012 29.153358 0.011711
1610026759.909012 29.153490 0.011786
1610026759.975013 29.153164 0.011708
1610026760.074013 29.152466 0.011754
1610026760.140013 29.152545 0.011810
1610026760.206013 29.152460 0.011798
1610026760.272013 29.152250 0.011734
1610026760.338013 29.152094 0.011797
1610026760.404014 29.152109 0.011797
1610026760.470014 29.152169 0.011572
1610026760.536014 29.151804 0.011590
1610026760.602014 29.152313 0.011776
1610026760.701014 29.152497 0.011606
1610026760.800014 29.153703 0.011648
1610026760.899015 29.153487 0.011780
1610026760.998015 29.154150 0.011768
1610026761.097015 29.154227 0.011625
1610026761.196015 29.154895 0.011802
1610026761.295016 29.154446 0.011773
1610026761.394016 29.153431 0.011624
1610026761.493016 29.153605 0.011733
1610026761.559016 29.153776 0.011576
1610026761.625017 29.153296 0.011650
1610026761.691017 29.153445 0.011781
1610026761.757017 29.153082 0.011766
1610026761.823017 29.153693 0.011713
1610026761.889017 29.153676 0.011769
1610026761.955017 29.153528 0.011712
1610026762.021018 29.154109 0.011661
1610026762.087018 29.155482 0.010939
1610026762.153018 29.153947 0.011569
1610026762.219018 29.153566 0.011773
1610026762.285018 29.155174 0.011625
1610026762.384018 29.156280 0.011745
1610026762.483018 29.156967 0.011787
1610026762.549019 29.156446 0.011776
1610026762.615019 29.155166 0.011666
1610026762.714019 29.154524 0.011771
1610026762.813019 29.155058 0.011743
1610026762.912020 29.154913 0.011775
1610026763.011020 29.155171 0.011765
1610026763.077020 29.154971 0.011595
1610026763.176020 29.152733 0.011650
1610026763.242020 29.152713 0.011779
1610026763.308021 29.152588 0.011638
1610026763.374021 29.151485 0.011500
1610026763.440021 29.151708 0.011692
1610026763.506021 29.150276 0.011634
1610026763.605021 29.150680 0.011763
1610026763.671021 29.151180 0.011761
1610026763.737022 29.151053 0.011675
1610026763.803022 29.150714 0.011490
1610026763.902022 29.150307 0.011658
1610026764.001022 29.149810 0.011706
1610026764.067023 29.149719 0.011757
1610026764.133023 29.149317 0.011415
1610026764.199023 29.149578 0.011696
1610026764.265023 29.149712 0.011674
1610026764.331023 29.149884 0.011727
1610026764.430023 29.150227 0.011679
1610026764.496024 29.149676 0.011586
1610026764.562024 29.150007 0.011270
1610026764.628024 29.150619 0.011762
1610026764.727024 29.151061 0.011568
1610026764.793024 29.150691 0.011577
1610026764.859024 29.150898 0.011692
1610026764.958025 29.150227 0.011688
1610026765.024025 29.150028 0.011554
1610026765.090025 29.150177 0.011755
1610026765.156025 29.149294 0.011708
1610026765.255025 29.149108 0.011749
1610026765.321026 29.149822 0.011392
1610026765.387026 29.148584 0.011353
1610026765.453026 29.148058 0.011309
1610026765.519026 29.148424 0.011706
1610026765.585026 29.148399 0.011748
1610026765.651026 29.147997 0.011723
1610026765.717026 29.148634 0.011415
1610026765.783027 29.148437 0.011559
1610026765.849027 29.148353 0.011748
1610026765.915027 29.148438 0.011639
1610026765.981027 29.148430 0.011664
1610026766.047027 29.148241 0.011432
1610026766.113027 29.148270 0.011737
1610026766.179028 29.147992 0.011548
1610026766.245028 29.147949 0.011497
1610026766.311028 29.148534 0.011752
1610026766.410028 29.147554 0.011471
1610026766.476028 29.147250 0.011665
1610026766.575028 29.146752 0.011730
1610026766.674029 29.146244 0.011752
1610026766.773029 29.145587 0.011721
1610026766.872029 29.145458 0.011724
1610026766.938029 29.144539 0.011654
1610026767.004030 29.144598 0.011698
1610026767.103030 29.144380 0.011706
1610026767.169030 29.145103 0.011746
1610026767.268030 29.145261 0.011725
1610026767.334030 29.145298 0.011458
1610026767.400030 29.144599 0.011244
1610026767.466031 29.146100 0.011737
1610026767.532031 29.145668 0.011707
1610026767.598031 29.145969 0.011756
1610026767.664031 29.145463 0.011562
1610026767.730031 29.146558 0.011156
1610026767.796031 29.145967 0.011636
1610026767.862032 29.145039 0.011725
1610026767.928032 29.145999 0.011655
1610026767.994032 29.146132 0.011711
1610026768.060032 29.145537 0.011605
1610026768.126032 29.146734 0.011733
1610026768.225032 29.147462 0.011630
1610026768.324033 29.147045 0.011742
1610026768.423033 29.147701 0.011700
1610026768.522033 29.147624 0.011682
1610026768.588033 29.147347 0.011738
1610026768.654034 29.147380 0.011708
1610026768.720034 29.147797 0.011347
1610026768.786034 29.148473 0.011473
1610026768.852034 29.147110 0.011528
1610026768.918034 29.147429 0.011742
1610026768.984034 29.147224 0.011653
1610026769.050035 29.146657 0.011633
1610026769.116035 29.145725 0.011140
1610026769.182035 29.146747 0.011690
1610026769.248035 29.146408 0.011622
1610026769.314035 29.145931 0.011551
1610026769.380035 29.147502 0.011645
1610026769.446035 29.147565 0.011465
1610026769.512036 29.147208 0.011672
1610026769.578036 29.147706 0.011628
1610026769.644036 29.146849 0.011362
1610026769.710036 29.146567 0.011441
1610026769.776036 29.146256 0.011556
1610026769.875036 29.146422 0.011574
1610026769.974037 29.145010 0.011733
1610026770.040037 29.144372 0.011548
1610026770.106037 29.143204 0.011733
1610026770.172037 29.143534 0.011710
1610026770.238038 29.144311 0.011722
1610026770.304038 29.145363 0.011671
1610026770.370038 29.144958 0.011686
1610026770.436038 29.144826 0.011732
1610026770.502038 29.144855 0.011055
1610026770.568038 29.144768 0.011665
1610026770.634038 29.145265 0.011739
1610026770.700039 29.145039 0.011709
1610026770.766039 29.145528 0.011729
1610026770.832039 29.145895 0.011711
1610026770.898039 29.146946 0.011724
1610026770.964039 29.146174 0.011661
1610026771.030039 29.147193 0.011140
1610026771.096040 29.146797 0.011312
1610026771.162040 29.145958 0.011716
1610026771.228040 29.147363 0.011626
1610026771.294040 29.147466 0.011569
1610026771.360040 29.146913 0.011677
1610026771.426040 29.147663 0.011499
1610026771.492040 29.147233 0.011606
1610026771.558041 29.148049 0.011323
1610026771.624041 29.146615 0.011740
1610026771.690041 29.146880 0.011631
1610026771.756041 29.146479 0.011467
1610026771.822041 29.145534 0.011750
1610026771.888041 29.144861 0.011706
1610026771.954041 29.143951 0.011715
1610026772.020042 29.144653 0.011618
1610026772.086042 29.144355 0.011537
1610026772.152042 29.144799 0.011543
1610026772.218042 29.144404 0.011561
1610026772.284043 29.145026 0.011628
1610026772.350043 29.144267 0.011187
1610026772.416043 29.144518 0.011504
1610026772.482043 29.144217 0.011501
1610026772.548043 29.143857 0.011637
1610026772.647043 29.143570 0.011620
1610026772.713043 29.142835 0.011547
1610026772.779044 29.143127 0.011307
1610026772.845044 29.142215 0.011720
1610026772.911044 29.143792 0.011487
1610026772.977044 29.143482 0.011691
1610026773.043044 29.142123 0.011599
1610026773.109045 29.142877 0.011480
1610026773.175045 29.142791 0.011553
1610026773.241045 29.142906 0.011684
1610026773.307045 29.142970 0.011563
1610026773.373045 29.142329 0.011629
1610026773.439045 29.141868 0.011645
1610026773.505045 29.142396 0.011597
1610026773.571046 29.142497 0.011680
1610026773.670046 29.141993 0.011567
1610026773.736046 29.140596 0.011646
1610026773.802046 29.141954 0.011559
1610026773.868046 29.140405 0.011421
1610026773.934047 29.140252 0.011623
1610026774.033047 29.140942 0.011573
1610026774.132047 29.139791 0.011415
