DelayedMarginalization 0.00148544 1.10037e-06 0.012229 1593
DelayedMarginalizationOnly 0.000720745 5.80834e-07 0.00784604 1593
EF-marginalizeFrame 0.00186907 1.16855e-06 0.0126131 1593
FullSystem::trackNewCoarse 0.00550664 1.41427e-05 0.028618 5568
FullSystem::trackNewCoarseNoIMU 0.00201956 1.67746e-06 0.0121764 111
FullSystemOptimize 0.153342 0.000487827 0.32697 1599
GraphUnrolling 0.0222811 0.000148704 0.0413898 5
IMUInitAddPose 3.46428e-05 1.31584e-09 0.00100061 1599
IMUInitOptimize 0.0509773 0.000876164 0.142228 21
IMUIntegration::finishKeyframeOperations 5.01651e-05 1.30246e-09 0.000663547 1573
InitializerFirstFrame 0.0321414 -nan 0.0321414 1
InitializerOtherFrames 0.0977744 0.00150064 0.15487 12
MainMarginalization 0.00168912 1.12939e-06 0.0124405 1593
MarginalizationReplacementBuildGraph 0.00119902 6.4036e-07 0.00239643 4
MarginalizationReplacementReplaceGraph 0.0258298 0.000250179 0.0415093 3
MarginalizeMainGraph 0.000762527 3.33457e-07 0.00552626 1593
PGBA 0.0347118 5.97741e-05 0.0401787 2
PGBAFull 0.0133469 0.000403473 0.0445009 6
PrepareGraphForMainOptimization 0.0223541 0.000148861 0.0414696 5
VisualMarginalization 2.7032e-05 1.43889e-09 0.000842236 1593
activatePointsMT 0.00442767 5.11169e-06 0.0263621 1599
addActiveFrame 0.0606103 0.00630748 0.374964 5692
addIMUData 0.00107181 1.37006e-06 0.0177192 5568
addIMUDataToBA 0.000109622 1.07699e-08 0.00243495 5691
addKeyframeToBA 5.20028e-05 2.17168e-10 0.000241925 1599
afterCoarseTracking 2.71688e-07 8.93905e-14 1.4929e-05 5679
baIteration 0.0248744 4.68082e-05 0.119726 9237
baMatrixInversion 0.000172026 9.96987e-09 0.00292882 9237
baUpdateBuildHessians 0.00061424 3.35257e-07 0.0105649 9237
coarseTrackingIteration 0.000624421 1.00971e-06 0.00984622 38191
computeBAUpdate 0.000891272 3.64434e-07 0.0108373 9237
computeCoarseUpdate 0.000346869 6.18405e-07 0.008107 37407
computeFactorForCoarseGraphAndMarginalCovariances 0.00234306 1.07801e-06 0.0266893 1573
convertHAndBFromDSO 0.000105652 3.4458e-09 0.00245772 15595
debugPlot 9.50325e-08 1.28889e-13 1.4177e-05 1599
debugPlotIDepthMap 4.06388e-07 3.45883e-14 3.927e-06 1599
debugPlotIDepthMapFloat 4.72389e-08 1.50282e-15 4.1e-07 1599
deliverTrackedFrame 0.0524609 0.00626848 0.357582 5680
flagFramesForMarginalization 2.14028e-06 1.21643e-11 0.000138231 1599
fullCoarseTracking 0.00697418 2.81496e-05 0.149382 5679
initObjectsAndMakeImage 0.00108183 5.47896e-08 0.00374282 5692
makeKeyframe 0.177339 0.000518938 0.357521 1599
makeKeyframeChangeTrackingRef 0.0018709 1.31151e-07 0.0101147 1599
makeNewTraces 0.00349299 1.68596e-07 0.00677948 1599
makeNonKeyframe 0.00342922 3.92851e-06 0.00884193 4081
marginalizeAndRemovePoints 0.00324668 8.75974e-07 0.00698986 1599
marginalizeFrame 0.00354959 1.55754e-06 0.0141733 1593
marginalizeFrameOverhead 0.0016758 1.83408e-07 0.00402482 1593
marginalizeFrames 0.00355144 1.6044e-06 0.0141931 1599
newFrameAndNewResidualsForOldPoints 0.00104453 7.17007e-08 0.00333604 1599
printBiases 9.38236e-06 2.58163e-10 0.000202852 1599
printEigenValLine 1.53004e-07 1.27492e-15 7.41e-07 1599
printLogLine 0.000162837 9.78398e-08 0.0035466 1599
publishInMakeKeyframe 1.69804e-07 7.56782e-15 1.442e-06 1599
removeOutliers 0.000156843 1.39479e-08 0.00412954 1599
swapTrackingRef 0.00015632 6.76311e-08 0.00299068 1598
timeMeasurement 2.18093e-06 8.52721e-12 0.000150042 5692
traceNewCoarse 0.00335383 2.96599e-06 0.00882408 5680
updateBAValues 1.16546e-05 5.79471e-11 0.000389412 15728
zero 1.55038e-07 1.31196e-14 1.763e-06 5692
