EF-marginalizeFrame 0.000146217 8.80858e-09 0.00181576 1928
FullSystem::trackNewCoarseNoIMU 0.00285653 1.93625e-06 0.0176347 6813
FullSystemOptimize 0.2144 0.000541112 0.446946 1934
IMUInitAddPose 1.6973e-05 -nan 1.6973e-05 1
InitializerFirstFrame 0.0299324 -nan 0.0299324 1
InitializerOtherFrames 0.0341925 0.000365092 0.105465 143
VisualMarginalization 3.81533e-05 6.41793e-10 0.000728135 1928
activatePointsMT 0.00553052 7.81412e-06 0.0191963 1934
addActiveFrame 0.0734721 0.0109111 0.566501 6957
afterCoarseTracking 3.64222e-07 2.75459e-12 0.000134142 6813
baIteration 0.0335514 7.91439e-05 0.131334 11622
coarseTrackingIteration 0.000232944 7.66417e-08 0.0132188 49842
debugPlot 1.38885e-07 4.31572e-13 2.4536e-05 1934
debugPlotIDepthMap 4.25156e-07 3.4992e-14 3.557e-06 1934
debugPlotIDepthMapFloat 4.68738e-08 8.52781e-16 3.7e-07 1934
deliverTrackedFrame 0.0700132 0.0111039 0.458868 6814
flagFramesForMarginalization 2.50722e-06 2.12505e-10 0.000641694 1934
fullCoarseTracking 0.00286622 1.94905e-06 0.0176458 6813
initObjectsAndMakeImage 0.00137776 2.63076e-07 0.00731202 6957
makeKeyframe 0.236183 0.000547291 0.45886 1934
makeKeyframeChangeTrackingRef 0.00221056 3.15273e-07 0.00748417 1934
makeNewTraces 0.00393424 5.69015e-07 0.00748847 1934
makeNonKeyframe 0.00412649 2.34464e-06 0.0127972 4880
marginalizeAndRemovePoints 0.00391581 1.36905e-06 0.0107451 1934
marginalizeFrame 0.00181798 2.45892e-07 0.00574042 1928
marginalizeFrameOverhead 0.00166815 2.00979e-07 0.00532474 1928
marginalizeFrames 0.00181355 2.77139e-07 0.00574286 1934
newFrameAndNewResidualsForOldPoints 0.00105368 9.25363e-08 0.00393733 1934
printEigenValLine 1.64052e-07 2.40673e-15 1.112e-06 1934
printLogLine 0.000188858 1.07575e-07 0.00341164 1934
publishInMakeKeyframe 2.0402e-07 1.02275e-14 2.395e-06 1934
removeOutliers 0.000184566 8.36141e-09 0.00194877 1934
swapTrackingRef 5.43699e-07 9.46577e-14 5.38e-06 1934
timeMeasurement 1.5902e-06 3.40353e-11 0.000465923 6957
traceNewCoarse 0.00372618 2.16915e-06 0.0127838 6814
zero 1.74082e-07 5.13451e-14 1.662e-05 6957
