EF-marginalizeFrame 0.000120169 7.00877e-09 0.00189108 2021
FullSystem::trackNewCoarseNoIMU 0.00249783 4.23049e-06 0.123824 6094
FullSystemOptimize 0.146673 0.000199838 0.346344 2027
IMUInitAddPose 1.6691e-05 -nan 1.6691e-05 1
InitializerFirstFrame 0.0317911 -nan 0.0317911 1
InitializerOtherFrames 0.0235296 0.000151659 0.0974895 247
VisualMarginalization 3.32488e-05 1.29951e-09 0.00144199 2021
activatePointsMT 0.0044657 4.57869e-06 0.0191008 2027
addActiveFrame 0.0598646 0.00565417 0.460045 6342
afterCoarseTracking 2.81731e-07 3.85171e-14 1.2814e-05 6094
baIteration 0.0228209 3.33924e-05 0.0627941 12180
coarseTrackingIteration 0.00015471 3.51348e-08 0.00433711 63966
debugPlot 1.01194e-07 4.62333e-15 8.62e-07 2027
debugPlotIDepthMap 4.50547e-07 4.11315e-14 4.539e-06 2027
debugPlotIDepthMapFloat 4.70646e-08 1.40214e-15 4.31e-07 2027
deliverTrackedFrame 0.0576557 0.0058338 0.35988 6095
flagFramesForMarginalization 1.82767e-06 3.65918e-12 7.9722e-05 2027
fullCoarseTracking 0.00250538 4.23363e-06 0.123842 6094
initObjectsAndMakeImage 0.00111918 1.85863e-07 0.00481103 6342
makeKeyframe 0.165205 0.000200271 0.359873 2027
makeKeyframeChangeTrackingRef 0.00175655 6.9167e-08 0.00491658 2027
makeNewTraces 0.0033592 1.65241e-07 0.00783024 2027
makeNonKeyframe 0.00404318 1.86242e-06 0.00896345 4068
marginalizeAndRemovePoints 0.00332633 8.09653e-07 0.00682397 2027
marginalizeFrame 0.00157964 1.2822e-07 0.00373188 2021
marginalizeFrameOverhead 0.00145629 1.03183e-07 0.00326136 2021
marginalizeFrames 0.00157605 1.36772e-07 0.00373318 2027
newFrameAndNewResidualsForOldPoints 0.000891116 4.52862e-08 0.00332007 2027
printEigenValLine 1.59724e-07 2.77175e-15 1.272e-06 2027
printLogLine 0.000165129 8.64458e-08 0.00337401 2027
publishInMakeKeyframe 2.0952e-07 3.85425e-13 2.7872e-05 2027
removeOutliers 0.00014417 2.62231e-09 0.000748915 2027
swapTrackingRef 6.79484e-07 1.1014e-10 0.000461602 2027
timeMeasurement 1.70642e-06 3.0161e-12 8.7598e-05 6342
traceNewCoarse 0.00358194 1.7368e-06 0.00895104 6095
zero 1.29238e-07 6.07637e-14 1.3646e-05 6342
