1748445088.0514 -2.30143907579972e-06 -2.2249331488311e-06 -1.34690956810068e-06 1.3140426526892e-06 1.90497405582433e-06 1.36285765625459e-06 0.999999999996394
1748445088.85128 -0.000321787014199132 -0.0263426196974077 0.079215550497663 -0.00249055497473782 -0.00670672075139011 -0.00295370100253327 0.99997004589291
1748445088.91811 -0.000570190228099524 -0.0284024718195726 0.0844285287612101 -0.00167362773379137 -0.00645552309888488 -0.00289584510411193 0.99997356928714
1748445089.05156 -0.000543827442673894 -0.031823305820627 0.0944155734974126 -0.00126863717607523 -0.00663494071276329 -0.00305191907929495 0.999972526578299
1748445089.11804 -0.000648972846399171 -0.0338668951207014 0.099493013229603 0.000249105246865555 -0.00719733773995604 -0.00362555268595964 0.999967495293599
1748445089.2514 -0.00060838850533719 -0.037332091224217 0.109296416826889 0.0010472458569673 -0.00841527840402305 -0.00385875299949955 0.999956597253494
1748445089.31817 -0.000754153128490767 -0.0399897224963908 0.117155744184771 0.00023990174308619 -0.00763407340091073 -0.00398198797008682 0.999962902883037
1748445089.45146 -0.00106565421777466 -0.0441373503368342 0.128673386403941 0.00177333602327623 -0.00697155054928249 -0.00458612700888139 0.999963609438537
1748445089.51814 -0.00124955803671743 -0.0461058052717604 0.134401045028379 0.00148055212877923 -0.00755046819703873 -0.00475901403279553 0.999959074252959
1748445089.65125 -0.00124902684217364 -0.0498423690356483 0.145416125487453 0.00117346744343866 -0.00764604373047972 -0.00509319621360014 0.999957109251072
1748445089.71792 -0.00130799141321174 -0.0517173584071332 0.150492906307155 0.00219464563465771 -0.00733131675947415 -0.0054669165758463 0.999955773096122
1748445089.85136 -0.00162541011500353 -0.0554532080644365 0.160480507497004 0.00397585432499692 -0.00774666844373805 -0.00566731935945944 0.999946030144471
1748445089.91805 -0.00152303584147181 -0.0571454182367407 0.16576786203241 0.00363695392117058 -0.00782285927053285 -0.00581357485044525 0.999945887429148
1748445090.05125 -0.0015915340314913 -0.0611014657783518 0.176460266544672 0.00564667737836072 -0.00910322710655483 -0.00584857159958987 0.999925517476715
1748445090.11791 -0.001724982223847 -0.062850136276862 0.181930187728904 0.00467481612059145 -0.00932452084168861 -0.00591252565237311 0.99992811813936
1748445090.25938 -0.00215779003776279 -0.0675815938594354 0.1933282411915 0.00886346943721505 -0.0106756953045079 -0.00678481345150356 0.999880710257843
1748445090.31821 -0.00223065654055231 -0.0696833810721977 0.200152688842962 0.00763128223629328 -0.0106397879889864 -0.00692095184346389 0.999890323419804
1748445090.45124 -0.00237420722112555 -0.0745788324634876 0.214463942207107 0.0061976459465809 -0.00911435093560744 -0.00696484989924276 0.999915000716373
1748445090.51811 -0.00257341977697446 -0.0770806814975143 0.221480658313447 0.00685259037318669 -0.00893961710263671 -0.00752215536844967 0.999908267007453
1748445090.65124 -0.00314103751509026 -0.0825879205618097 0.235810085917776 0.00882271830122733 -0.012052275864253 -0.00846086459321256 0.999852647172875
1748445090.71806 -0.0027979700285847 -0.0851499693627915 0.243990768036844 0.00644643909314868 -0.0124208798833424 -0.00809001487397882 0.999869349877913
1748445090.85147 -0.00286269397309419 -0.0902088336501985 0.258682069745248 0.0044677259071893 -0.00983305161413032 -0.00794399729619947 0.999910117674649
1748445090.9179 -0.00355949385942199 -0.0927077357033488 0.264963552075792 0.00655774027816663 -0.0103423708247445 -0.00815910144124715 0.999891724374114
1748445091.05123 -0.00363183745674563 -0.0977742942850746 0.278033632825496 0.00829934677943866 -0.0115520727608985 -0.00800642676623707 0.999866774919738
1748445091.11797 -0.00350002094079714 -0.100430369700795 0.284516427815832 0.0103410488388145 -0.010807841682604 -0.00755392129462119 0.999859585912018
1748445091.2513 -0.0032713482694138 -0.10596270489601 0.298735787149875 0.0130874418776937 -0.0082605093310672 -0.00646873539317806 0.999859309259609
1748445091.3179 -0.00312681072703057 -0.109102337766188 0.306592813061172 0.0147371905715146 -0.00672711527460073 -0.00607022772519637 0.999850345536524
1748445091.45167 -0.00256043356156051 -0.114846661723163 0.323646606226399 0.011840328855608 -0.0041552003032303 -0.00480171373906917 0.9999097381605
1748445091.51811 -0.00242078645227406 -0.118327605617419 0.332642396939911 0.0126059747080957 -0.00323075999418464 -0.00468793634616592 0.999904332846065
1748445091.65145 -0.00246989165890417 -0.12450183125654 0.350665110913167 0.0109446476147493 -0.00306728278331126 -0.00504671783188184 0.999922665561713
1748445091.71802 -0.00221722029721433 -0.127706651954981 0.359329932987626 0.0109676030239424 -0.00165619263404318 -0.00468424725604928 0.999927510641403
1748445091.8512 -0.00133094015512539 -0.133639570794465 0.375589764128238 0.0111154455442131 0.00247145856084507 -0.00275519713523355 0.999931371470903
1748445091.91786 -0.000656507466801459 -0.137018445749742 0.384005840988518 0.0132418629126665 0.00561864306446041 -0.0015808080381461 0.999895286998925
1748445092.05134 0.000628967378655809 -0.142146895188515 0.399114435560706 0.0111074602702458 0.0121150886491882 0.000761947240401706 0.999864625031694
1748445092.11801 0.00153592792376524 -0.14597676928367 0.409532957590939 0.0119630863516554 0.0141256066231017 0.00145682009201302 0.999827599877945
1748445092.25135 0.00235322379279061 -0.151809128982254 0.42598628417895 0.0116496091860546 0.0154166647850726 0.00153663221850444 0.999812108255417
1748445092.31813 0.00301326341578802 -0.155907980938298 0.436745191616312 0.0112501204415482 0.0163097082943364 0.00212228374487714 0.999801442345984
1748445092.45141 0.00443806111738207 -0.163781519484587 0.455791548216655 0.0145250009540678 0.0180138948190483 0.00346475029161093 0.999726222245946
1748445092.51846 0.00535946418866197 -0.167735814492119 0.465823144179985 0.0150420620295848 0.0195007871415248 0.0044462758026932 0.999686794102156
1748445092.6512 0.00694184740770853 -0.176019021393766 0.485935446794205 0.0184798551498616 0.0217079721296479 0.00531795003127706 0.999579400701677
1748445092.71804 0.0079358425452816 -0.180286733033598 0.496382732663888 0.0206191263652027 0.0232081780960845 0.00634275516833015 0.999497874712233
1748445092.8513 0.0104454899822216 -0.189016072291857 0.518191327281637 0.0236260813913617 0.027942162356811 0.0085899065083197 0.99929337901694
1748445092.91808 0.0118686629799754 -0.193359249447655 0.529122772768212 0.02475222462959 0.0306966385365951 0.00963230863718536 0.999175791534582
1748445093.05129 0.0145285485534293 -0.202346056297536 0.550798279397427 0.0268338177091484 0.0365008845397925 0.0110362369911821 0.998912325045616
1748445093.11798 0.0158764964186683 -0.206831856351961 0.561433505653311 0.0275686563498591 0.0391227641335461 0.0116472968314588 0.998786122746073
1748445093.25135 0.0188380817181211 -0.215460802858609 0.582589099596182 0.0286338188272807 0.0432865679135802 0.0134348009076909 0.998561907736421
1748445093.31799 0.0203846905389946 -0.219424115712154 0.593228019513498 0.0274542013764418 0.0448146124641395 0.0143082156154488 0.998515494272559
1748445093.4513 0.0234519832818476 -0.227583871268597 0.613730594989912 0.0283053964796333 0.0480476252641419 0.0156890234394895 0.998320632252045
1748445093.51794 0.0249820881946002 -0.23151239099429 0.624191907815424 0.0272038755319053 0.0495841770900148 0.0165499398285266 0.998262219073738
1748445093.65127 0.0290753760196127 -0.238655513678431 0.643425502623327 0.0249627913524482 0.0535884639741927 0.0186867871089355 0.998076119123349
1748445093.71792 0.0303075419261979 -0.24349005435308 0.654747909176635 0.0260298578348452 0.0557029785972304 0.0197624675300209 0.997912355647338
1748445093.85129 0.0331155596983188 -0.250987270460334 0.675609683908114 0.0198192513501754 0.057855351661223 0.0219880821873229 0.997886005414345
1748445093.91797 0.0356562004993015 -0.254752739336635 0.686118128989349 0.0187626150683768 0.0583607680998105 0.0224047776598091 0.997867732197314
1748445094.05125 0.0389730879762588 -0.262581528796585 0.705617812270462 0.0208917667475801 0.0600133203013853 0.022865249969088 0.997716951751557
1748445094.118 0.0406188222432086 -0.266600982802349 0.715504728241672 0.0217182311439631 0.0608906661055253 0.0233960510086639 0.997633835640313
1748445094.25129 0.0442098031558281 -0.274227479707509 0.736213890366036 0.0210520571594778 0.0625580310488912 0.024204415858125 0.997525663776931
1748445094.31829 0.0459000695707229 -0.278057976263669 0.746680955885845 0.0198783973443908 0.0630115352745564 0.023899849826132 0.997528542408512
1748445094.45134 0.0490056982894322 -0.28598265440529 0.766909561823856 0.0200149518061206 0.0631634553507655 0.0240101562149744 0.997513554800577
1748445094.51799 0.0506368177288213 -0.289573493612885 0.776800366619792 0.0196857475451392 0.0629251778418584 0.0244077488763582 0.997525516030516
1748445094.65126 0.054346157188698 -0.297931374459475 0.796025168033498 0.0248560883722365 0.0650618204755496 0.0253009088580578 0.997250719928642
1748445094.71793 0.0561919493480292 -0.302032564536977 0.807044149668991 0.0249773132648081 0.0652959414296906 0.0254191519006148 0.997229382124061
1748445094.85124 0.0601895384455909 -0.310698665126859 0.830854487803247 0.0203426167791022 0.0651215552696839 0.026020858935235 0.997330575026209
1748445094.91794 0.0622314148641252 -0.315510912642058 0.842316430104217 0.0227142522721995 0.0656001586175307 0.0264203168864488 0.997237508715296
1748445095.05124 0.0668396650547237 -0.324376210057984 0.865613822551281 0.0219925888345562 0.0658442138625219 0.0271433804506692 0.997218181961646
1748445095.18457 0.0704456254757375 -0.334024864385735 0.889563689507225 0.0234072700427327 0.0665919559336222 0.026873810933212 0.997143625261681
1748445095.25123 0.0723557631500129 -0.338418521589916 0.901302151550072 0.0225652672662945 0.0662224855986623 0.0268157570734415 0.997189202853157
1748445095.31793 0.0742818876603996 -0.343216739817479 0.912542784487977 0.0243774074489452 0.0656279082289969 0.0268286195645353 0.997185511747847
1748445095.45108 0.0780066586194715 -0.352174358010968 0.935741522683438 0.0245879199589084 0.0642894284916718 0.0265398878418822 0.997275256852214
1748445095.51786 0.0798357220055765 -0.356358672114854 0.947778583199329 0.0219431229820841 0.0643632676372862 0.026103314008397 0.997343715140685
1748445095.652 0.0834821412035572 -0.365010397821636 0.969655795427216 0.0229214515380913 0.0653425313663377 0.0251689043595302 0.997282049827112
1748445095.71793 0.0850130766359216 -0.368966231188854 0.980551075363221 0.0213110737328738 0.0637308693449372 0.02494646997604 0.997427635502759
1748445095.85126 0.0873407846573111 -0.376813426902141 1.00076486050179 0.0212564730169405 0.0585309446250371 0.0235032021260431 0.99778248649994
1748445095.91789 0.0885713526738493 -0.38041509485553 1.01024494568128 0.0212297759081649 0.0570967754275751 0.0228960059003097 0.997880267248769
1748445096.0512 0.0906098298408406 -0.386870144738563 1.02789686562256 0.0191804402026727 0.0555289994170118 0.0217438163002386 0.998035995037293
1748445096.1846 0.092508999294277 -0.393660022977251 1.04437748423899 0.0212129599884367 0.0515898567357089 0.0205277213363564 0.99823199190732
1748445096.2512 0.0933772856714282 -0.397249338223644 1.05291075998988 0.022484529583816 0.0492186780336759 0.0197239848402907 0.998340088388737
1748445096.38453 0.0950034304583451 -0.403810969790969 1.07112193489327 0.019745034133718 0.0458850236050269 0.0184520465976839 0.998581103472413
1748445096.45126 0.0957059005418577 -0.407627095420705 1.08017024991881 0.0205857863382979 0.0444255229997297 0.017713899889182 0.998643487966427
1748445096.58452 0.0969825455542655 -0.414784048322681 1.09796822190946 0.0225284636711611 0.0392562310098933 0.0162435404872598 0.998843112828013
1748445096.6512 0.0976640025682028 -0.418517629740706 1.108322104407 0.0206417974588178 0.0368140464575988 0.0155338215395052 0.998988159374007
1748445096.71786 0.0983210995589409 -0.422373706790013 1.11807193319708 0.0212584522042611 0.0346639666620728 0.0149204493645591 0.99906149351073
1748445096.85141 0.0988264642052968 -0.429713533604426 1.13717848937721 0.021937850539567 0.0293375175162326 0.0124358918335113 0.999251414496869
1748445096.98459 0.0993876016743225 -0.437927856186643 1.15730276198136 0.0242029244861928 0.0229169752687798 0.00911806238600653 0.999402767471239
1748445097.05146 0.0993157401396123 -0.441729711872138 1.16767976179391 0.0237683825870796 0.0193567698036338 0.00741244344765411 0.999502593860616
1748445097.18459 0.0992372340159202 -0.449667084652708 1.18897554448894 0.0216221344955824 0.0129827639082431 0.00501930915450548 0.999669314161823
1748445097.2513 0.0991200235816582 -0.453728160247751 1.19943256809458 0.022316560619767 0.00969706804864022 0.00400098149624381 0.999695918837539
1748445097.38434 0.0986486993296839 -0.462273440559577 1.22108871488026 0.022958251815626 0.00276829514149126 0.00149585598799213 0.999731472761783
1748445097.45116 0.0983032275644066 -0.466474431219754 1.23225728452174 0.022593668813039 -0.000146267204367461 6.31361924329273e-05 0.999744717790143
1748445097.5845 0.0976245516272865 -0.475252109181835 1.2545906781178 0.0229489365487095 -0.00524758614723921 -0.0015426948449163 0.999721675889608
1748445097.65114 0.097128485330323 -0.479840299531324 1.26603709973482 0.0234206440503538 -0.0085705956301493 -0.00275761226143378 0.999685157385777
1748445097.78451 0.0956278069150994 -0.488674186084254 1.29001980795134 0.0216580500434067 -0.0165000969226581 -0.00519301854465711 0.999615780301739
1748445097.85116 0.0947707350486936 -0.493488808971112 1.3019804397524 0.0227040628254543 -0.0201396101988589 -0.00637747143315326 0.99951900906905
1748445097.91788 0.0939767695544911 -0.49843050998977 1.31536645198144 0.0216744568193046 -0.0238776443719502 -0.00747298705426662 0.999451965071519
1748445098.05117 0.093786543756039 -0.506431998667665 1.33770281762099 0.0197115327032684 -0.0321365356659561 -0.0106738285551511 0.999232089125371
1748445098.18454 0.0935500772468478 -0.51369477604247 1.35806978557988 0.019310703043487 -0.0403430673970488 -0.0138247281917328 0.998903604233856
1748445098.2512 0.0931358627769095 -0.517757875840068 1.36927523970456 0.0189438727461759 -0.0444723201013463 -0.0152979409793101 0.998713830600124
1748445098.31781 0.092296931640563 -0.521919727512339 1.38053864062217 0.0188699473971335 -0.049022627801957 -0.0166331286283005 0.998480869161074
1748445098.45117 0.0880226469627367 -0.530837036134081 1.40293981268084 0.0194175430206659 -0.0572774440527438 -0.0195308728699644 0.997978355692528
1748445098.51782 0.0868462641990105 -0.534881728765706 1.41383864364976 0.0194926065428303 -0.0616268915670242 -0.0211391837795348 0.997684970035676
1748445098.65116 0.084247359926472 -0.543046265152879 1.43548846442317 0.0202036883406518 -0.0688781248445508 -0.0239606830751745 0.997132639402554
1748445098.78449 0.0782345729288607 -0.552694703003033 1.4596360606459 0.0197860933685816 -0.0738653702229976 -0.0250765794610656 0.996756531332282
1748445098.85114 0.0769691566820665 -0.556823491527717 1.47068507502855 0.0199414966663126 -0.0756968309277138 -0.0253828543764868 0.996608266673476
1748445098.98449 0.0745027883427914 -0.565284445885364 1.49296665026778 0.0199835106986496 -0.0786435413491644 -0.0256080308291043 0.996373464852048
1748445099.05131 0.0730242890080478 -0.569501059924812 1.50429408459708 0.0195467501850203 -0.0804985639057227 -0.0261424270585282 0.996220095799021
1748445099.11785 0.0676450029405177 -0.575279510231789 1.51900624295352 0.0190217462457963 -0.0818007321351137 -0.0265022619273155 0.99611467387277
1748445099.25114 0.0638517610014337 -0.583589904318665 1.54178846729608 0.0168064716815994 -0.0856919874771761 -0.0275919077563658 0.995797726658477
1748445099.38445 0.0598013622322319 -0.591787816280703 1.56460719083671 0.0154390038051725 -0.0890367191997355 -0.0291138149505725 0.995483041329522
1748445099.45112 0.055632754465558 -0.597306133614638 1.5801266104426 0.0148171931066471 -0.0903282502193089 -0.0301916280501611 0.995344022736078
1748445099.58442 0.0506143944937869 -0.605796328794477 1.60344437204281 0.0129619594973085 -0.0943571088343455 -0.0314566072493385 0.994956886241195
1748445099.65112 0.0482185180843508 -0.609958874206712 1.61503016018427 0.012888645394722 -0.0964410829915268 -0.0323239923446876 0.994730194500102
1748445099.78445 0.0423046327766928 -0.618832040081004 1.6387429363141 0.0125767242733604 -0.0997330277987258 -0.034085004719937 0.994350723651314
1748445099.85111 0.0394343647870707 -0.623127955217698 1.65046788473429 0.0126184131342226 -0.101384273147543 -0.0346539630389524 0.994163521586873
1748445099.98442 0.0336503360827105 -0.63247800751169 1.67480625049132 0.0135244974212099 -0.104533092332281 -0.0361470766557885 0.99377226235501
1748445100.05111 0.0309549809962336 -0.637122449788405 1.68625192484733 0.0151502970764704 -0.105023877154706 -0.0364335290676931 0.993686596309702
1748445100.1845 0.0254704203850233 -0.646499029731965 1.71039053770598 0.0177849698280006 -0.103188477551531 -0.0356446223489085 0.993863820574237
1748445100.25111 0.0230609417368745 -0.650725946275504 1.72223527751169 0.0172968206674737 -0.101834900953926 -0.0351608507015677 0.99402926894556
1748445100.38442 0.0185195305034894 -0.65986602124171 1.74648944436525 0.017920143406413 -0.0972805369807802 -0.0342564969373832 0.994505836082727
1748445100.45109 0.0162045489570495 -0.664209382122101 1.75836236466261 0.0177860027497417 -0.094952456141293 -0.0346141675569856 0.994720839523964
1748445100.58442 0.0112626790809338 -0.673058600061803 1.78278893799666 0.0158738980850695 -0.0907776154366978 -0.0351905004616914 0.995122641975585
1748445100.65112 0.0090599670006124 -0.677608593073367 1.7950361769576 0.014897219482601 -0.0891225312116355 -0.0346683161265716 0.995305659151532
1748445100.78443 0.00502233633181998 -0.686862751460372 1.82110393798099 0.0128940475630214 -0.0835030406122273 -0.0329927108365075 0.995877736862118
1748445100.85112 0.00347569821977027 -0.691381218730247 1.83315500390219 0.012984263017337 -0.0790443476675955 -0.0316511494949784 0.9962838976674
1748445100.98448 0.00054604036340003 -0.700620056015539 1.85730426949274 0.0144149442145827 -0.071523549715945 -0.0282900984118818 0.996933428846263
1748445101.05115 -0.00058156493857614 -0.704903882075289 1.86889762082459 0.0144847889709046 -0.0681034863214335 -0.0271531373590492 0.997203496369169
1748445101.18445 -0.00260452546526521 -0.713687384669507 1.89259129173874 0.0142447592275561 -0.0615668482058017 -0.024990340064362 0.997688374664164
1748445101.25109 -0.00402639722860643 -0.71827771590252 1.90393110132369 0.0158302177318536 -0.060199836487536 -0.0247569559682061 0.997753715615544
1748445101.38439 -0.00713258890366734 -0.727259325965097 1.92902274210455 0.0144077067426761 -0.0591254228658531 -0.0245166839729925 0.997845446231188
1748445101.45108 -0.00826683724862823 -0.731628507981286 1.94122025259332 0.013672044684355 -0.0571255415468163 -0.024014871918386 0.997984485662916
1748445101.58437 -0.0107274515927839 -0.74090196804743 1.96634776246544 0.014276736435156 -0.0521668022534356 -0.0230810869855593 0.99826953422559
1748445101.65106 -0.0120323126208124 -0.745439504986603 1.97831594267231 0.0149471621207005 -0.0509731279393705 -0.0231254290599952 0.998320357953
1748445101.78439 -0.0127927891039859 -0.752834026658568 1.99818414604085 0.0151906751536867 -0.0499741113612808 -0.0224343199894311 0.998382959023559
1748445101.8511 -0.0139168769834386 -0.7572739697993 2.01034765097375 0.0148538503708886 -0.0492319740579327 -0.0223858213700543 0.998425986671574
1748445101.91774 -0.0151360324582742 -0.761744184314206 2.02234887548845 0.0146574370534072 -0.0488063264837956 -0.0225658604695263 0.998445734116508
1748445102.05118 -0.0189551228249187 -0.772307166467817 2.05051613758852 0.0151810657851819 -0.0482607442101399 -0.0219050249143614 0.998479146348791
1748445102.18447 -0.0208416899361066 -0.781209499850172 2.07491398628339 0.0143467335027633 -0.0467919608370631 -0.0206442518528642 0.998588252736962
1748445102.25111 -0.021744252081242 -0.785631536980176 2.08712641890387 0.0139107674079461 -0.0453165699067047 -0.0201731159197057 0.998672090546293
1748445102.38446 -0.0230683204148986 -0.794441301404493 2.11211864555666 0.0117186618337222 -0.036839402119801 -0.0184030193093055 0.999083009712698
1748445102.45108 -0.0233001033442701 -0.798913072942126 2.12480481484801 0.0111745889733303 -0.0313773932930125 -0.0170912040453536 0.99929899354282
1748445102.58457 -0.0234548943845655 -0.807586159458987 2.14983770584294 0.00937009574208025 -0.022245113434065 -0.0147022431698188 0.999600520347937
1748445102.65107 -0.0233029259648899 -0.812099315957355 2.16218410400016 0.00907839403715582 -0.0189697847088471 -0.0130416445120558 0.999693775882509
1748445102.78441 -0.0244375210980068 -0.816916358253371 2.17265104675682 0.010453263416356 -0.0124574355219492 -0.0108256248176631 0.999809155504925
1748445102.85105 -0.023543765564906 -0.820385317420675 2.1817582943262 0.0117258075286802 -0.008614056059762 -0.0101750580466505 0.999842373411803
1748445102.98443 -0.0231780571307864 -0.826382601359649 2.19774340630296 0.0114117168125871 -0.00769250112531479 -0.0102287059607624 0.99985297505193
1748445103.05105 -0.0221846270949378 -0.830399397540842 2.20771889949323 0.0117921973662118 -0.00797187187857226 -0.01091994097692 0.99983906116389
1748445103.18419 -0.0208007950631095 -0.834338904611295 2.21776843457113 0.0142280429021762 -0.0066191281916398 -0.00998584793330544 0.999827001424851
1748445103.25104 -0.0210883855123189 -0.838107508671764 2.22697821005968 0.0151684309033493 -0.00335066141212884 -0.00813136376180111 0.999846274531943
1748445103.38439 -0.0241834304365803 -0.845274839499498 2.24359336336566 0.016010273275551 0.0100923365873723 -0.00247735535867163 0.999817822706855
1748445103.45104 -0.0241752194180627 -0.848121150696676 2.25064513314376 0.0162959762942037 0.0153080977309734 -0.00136592110244427 0.999749087301419
1748445103.58432 -0.0216496212756734 -0.854711634843043 2.26808525801818 0.0156792258726302 0.0233264029342375 8.2998212000052e-05 0.999604938920112
1748445103.65101 -0.0210548876824616 -0.857540516983937 2.27543657815382 0.014729787284594 0.0268521719810707 0.001624860386695 0.999529566373688
1748445103.78432 -0.0191148750383188 -0.863771632784579 2.29399184821485 0.0148417739935963 0.0297929707929459 0.00305777077267736 0.999441219218997
1748445103.85103 -0.0187269269840364 -0.867087672110046 2.30179755678499 0.0152525022858799 0.0281045181620318 0.00267724775983505 0.999485032192745
1748445103.98432 -0.0178775313885737 -0.873429654194924 2.31726388764439 0.0169398745505097 0.028450038437108 0.00232834879568237 0.999448955552521
1748445104.05099 -0.0169331856051804 -0.876718883809911 2.32521702816694 0.0184768251290738 0.0293127734932159 0.00334169059508708 0.999393917005328
1748445104.18432 -0.0154326139079553 -0.883554541767119 2.34053797960137 0.0225633839017511 0.0308676114595337 0.00501292171655991 0.999256200824168
1748445104.25103 -0.0143380020388113 -0.886726051203044 2.34851398464834 0.0239323943945592 0.031505791491331 0.0053747294471648 0.999202550979739
1748445104.38433 -0.0126889439898566 -0.89454315173466 2.37014601397776 0.0255789227646639 0.0364271293768322 0.00663573532622826 0.998986861761576
1748445104.45103 -0.011664314777619 -0.897673941110884 2.37828536471377 0.0252608225764763 0.0394345948983572 0.00788779641301966 0.998871656538371
1748445104.58433 -0.0095904948526266 -0.904061988573925 2.39433819820377 0.0240726170452485 0.0456969518542269 0.0101912406454293 0.998613256628377
1748445104.65101 -0.00843387372835613 -0.907267526937564 2.4024037979354 0.0228744091212049 0.04834924750402 0.0119331835534576 0.998497226237224
1748445104.78437 -0.00431551263900562 -0.913140618175892 2.41934339314127 0.0213898635518001 0.053558286193871 0.0148661660780799 0.998224914948204
1748445104.85102 -0.00290345850137211 -0.916368114465251 2.4275461078716 0.0209320615790391 0.0565563015652783 0.0156920946964873 0.998056607470411
1748445104.98432 0.000127269020509579 -0.923103636873518 2.44565812243976 0.0209097619559547 0.0630390848541593 0.0175442027045369 0.997637738153062
1748445105.05101 0.00174069977037203 -0.926295180770014 2.45387543362791 0.0207433914661794 0.0656390364965165 0.018798988157176 0.997450663763655
1748445105.1843 0.00505230925669684 -0.933034523275158 2.47153432643333 0.020097300804554 0.0710390825986481 0.0215751890208487 0.997037641447217
1748445105.25096 0.00653010230129386 -0.936208356405068 2.479354921722 0.0198742424623169 0.0735925812203692 0.0225581659029862 0.996835129611194
1748445105.3843 0.0104922142579113 -0.942959891662665 2.49676168208189 0.020236585135199 0.0776197746045206 0.0240983753334182 0.996486286668662
1748445105.45098 0.01227038705528 -0.946166083140941 2.50502317951501 0.0206489158349541 0.0794919374774476 0.0246595685657499 0.996316495812989
1748445105.58428 0.0158230716836459 -0.952769393569882 2.52232909635803 0.0204968953072083 0.0826464227601912 0.025597522996392 0.996039262732227
1748445105.65097 0.0176236242842037 -0.955891838097946 2.53065463722313 0.0204562155478822 0.08448645215172 0.0259793859285249 0.995875822658152
1748445105.78431 0.0207777179238792 -0.962303317114208 2.54704322938926 0.0197492200323562 0.0879582745612746 0.0266397956696739 0.995572012227641
1748445105.85098 0.0227246715922753 -0.9654118602915 2.55536080237455 0.0193023034045007 0.0894319013442198 0.0272775093758267 0.995432214461382
1748445105.98428 0.0266662971758726 -0.971677154084833 2.57193034559855 0.0185064292782311 0.0922373325549394 0.0285045193604584 0.995156911715207
1748445106.05095 0.0291971371475185 -0.975263873559563 2.58174127796587 0.0183461973392972 0.0933975677362232 0.0288332165826838 0.995042188555662
1748445106.18428 0.032852878651992 -0.981268508664961 2.59727172899865 0.0183635389324957 0.0956503595910928 0.0299292265101591 0.994795471716912
1748445106.25101 0.0352773592508983 -0.984868204410828 2.60641216669003 0.0185675743699635 0.0969263961220992 0.0307784248259459 0.994642251003863
1748445106.38431 0.0395387343278799 -0.991235210499047 2.62286445858379 0.0192629597768481 0.0997136375870562 0.031498252453159 0.994330925271959
1748445106.45097 0.0417659629133726 -0.994457426011993 2.6310088928178 0.0197427730234732 0.101330909503438 0.0318551844492231 0.994146627473159
1748445106.58429 0.046204042107729 -1.00058866238285 2.64705120520989 0.0207816052348727 0.103928681156055 0.0322413400477048 0.993844781698306
1748445106.65095 0.04825545477124 -1.00394844591609 2.65558553611797 0.0211482537709799 0.105513354128661 0.032340805498143 0.993666823317901
1748445106.78431 0.0508521144026185 -1.01045159595335 2.67109231797335 0.020929288397761 0.108841399999714 0.0327691200708706 0.993298393889292
1748445106.85095 0.0544011232199548 -1.01318610816242 2.67964915486397 0.0203722603201709 0.110089830722133 0.0323898613915208 0.993184825226432
1748445106.98416 0.0589152513293423 -1.01940613037859 2.69619425041722 0.0195088379306069 0.112789017099227 0.033054702706889 0.992877348665658
1748445107.05077 0.0613599275963585 -1.02247867536904 2.70457434882157 0.0185827484255724 0.11398822048027 0.0336372298175302 0.992738587858302
1748445107.18426 0.0669198225902826 -1.02897130747749 2.72176690543773 0.0179513601174294 0.116333506594016 0.0352686620886562 0.99242147567853
1748445107.25094 0.0693694375061053 -1.03210050256444 2.73000944006079 0.017822962348078 0.117880402024065 0.035549038430294 0.992231232474802
1748445107.38426 0.0742325553747004 -1.03836037300736 2.74644089678821 0.0171840900077123 0.120183310214795 0.0366693243774012 0.991925420405247
1748445107.45094 0.0768134148934243 -1.04150407846763 2.75462709174661 0.0174251239896049 0.121150441504935 0.0374592027402632 0.991774038633382
1748445107.58423 0.0811169408497327 -1.04785554202206 2.77026500981833 0.0173050903704901 0.123879724567888 0.0387200400420391 0.991390491273442
1748445107.65114 0.0836457948113972 -1.05099108922611 2.7784566906401 0.0174731383022052 0.125252634190278 0.0388040610178914 0.991211739193392
1748445107.78423 0.0852835489596356 -1.05563629272227 2.78836768330045 0.0175781946724083 0.127834786914239 0.0396988774992279 0.990844727216102
1748445107.8509 0.0880133435980335 -1.05879961787747 2.79671193577542 0.0174497082519653 0.128519475572376 0.0402116204243847 0.990737744139875
1748445107.98423 0.0882156523834477 -1.06389334523412 2.80547242694495 0.0167088281530295 0.129781432727013 0.0417717359615324 0.990521436848207
1748445108.0509 0.0900221483297171 -1.06639445556067 2.81168767661541 0.0162246458793955 0.128390601114365 0.0415075122279472 0.99072182818399
1748445108.18423 0.0919211809187722 -1.07198729085325 2.82400008404397 0.014715770753445 0.124392569873645 0.0415621490358505 0.991253006259696
1748445108.25091 0.0936400444298682 -1.07463528528467 2.8303254222419 0.0140683274424178 0.123456800790479 0.0419084485881348 0.99136480794836
1748445108.38431 0.0957598881030578 -1.08031627215014 2.84244063586665 0.0130817077468684 0.122566630276311 0.0427554411003873 0.99145260215577
1748445108.45095 0.0960849540935633 -1.08282532690379 2.84765842253938 0.0120991799426601 0.121715011167617 0.0431143646644852 0.991554445031013
1748445108.58422 0.0991423033574835 -1.08828393358283 2.8601347140269 0.0111726071706634 0.119287435337608 0.0438536124735647 0.991827878864375
1748445108.65089 0.101654576625688 -1.09131345700962 2.86829379505012 0.0111102468247608 0.117964836870171 0.0441346004843252 0.991974292367386
1748445108.78423 0.106582382013639 -1.0960630439956 2.88302687872338 0.011345428432099 0.115644059045241 0.0438126821177858 0.992259130341908
1748445108.85093 0.107806646610736 -1.09870538654834 2.88938948713407 0.0110446436589453 0.114727558710863 0.0438793896900539 0.992365961870479
1748445108.98405 0.11048640375911 -1.10421290126883 2.90235157104934 0.0100961343470851 0.112449254876391 0.0445546140692939 0.992606729532964
1748445109.05072 0.111991501938016 -1.10693506655599 2.90882833701876 0.0101116582041649 0.111278084218033 0.0449330180593989 0.992721494795595
1748445109.18419 0.114458697216371 -1.11242133975269 2.92189722519986 0.00910994095283524 0.108125119507501 0.0457674310042146 0.993041444133425
1748445109.25086 0.119310832964364 -1.11432245362763 2.9333136853591 0.00950419411008263 0.106858114623262 0.0445755380559107 0.993229094942605
1748445109.38418 0.121662762901558 -1.11965669164938 2.94680253748251 0.0090302986575489 0.0986242465547123 0.0427707818163181 0.994164157431001
1748445109.45084 0.122626121788051 -1.12233859500119 2.95338516722404 0.00922677970585245 0.0938931174381288 0.0416089244811124 0.994669616725843
1748445109.58417 0.12552058452545 -1.12775919021211 2.96718476403254 0.00979780919186468 0.0866467253346977 0.0401671745912196 0.99538080452115
1748445109.65086 0.127927202449165 -1.12890009902721 2.97404674115752 0.0102592556219218 0.0834041312832189 0.0390928007817136 0.995695862945115
1748445109.78419 0.130083488277792 -1.13423141399779 2.98778174932801 0.0108654320401685 0.0770350665791506 0.037660819811585 0.996257598994781
1748445109.85086 0.130921297381261 -1.13683194322376 2.99458976463022 0.011324930225114 0.073805781674951 0.0367599184156134 0.996530561972298
1748445109.98427 0.133155447703364 -1.14266463983017 3.01082400420218 0.0119343793076308 0.0681831045852486 0.0334534727406526 0.997040370296634
1748445110.05087 0.134579415784611 -1.1451573120155 3.01834538891476 0.0123221711121707 0.0650431184678665 0.0318549322030439 0.997297759013524
1748445110.18418 0.135772467566664 -1.15009888648374 3.03147361411897 0.0122651572501443 0.0579844188745537 0.0300703006974298 0.997789131079997
1748445110.25084 0.137162427787117 -1.15281440061456 3.03942947111279 0.012658686276348 0.0544158768582929 0.0286431076232752 0.998027175177701
1748445110.38428 0.138347934894767 -1.15804413631888 3.05322711947437 0.0138112128579582 0.047635864905713 0.0261067204786784 0.998428021401606
1748445110.45084 0.138865245847111 -1.16066815057816 3.0602633636979 0.0138410176106632 0.0443075223632348 0.0249451660604797 0.998610538890787
1748445110.58424 0.140097736443464 -1.16586294313311 3.07481734714879 0.0135409114692467 0.0377436884529069 0.022770298617491 0.998936219785539
1748445110.65091 0.140681634318234 -1.16845220867956 3.08192474739724 0.0135442528660525 0.0356735009157655 0.0219450679773983 0.999030714511912
1748445110.78427 0.141847742051002 -1.17364775563362 3.09650757937401 0.0117158022564203 0.0334773750386434 0.0211321000065656 0.999147356343059
1748445110.85066 0.142548713794096 -1.17614123241918 3.1040106891838 0.010799678820034 0.0320985126328892 0.0209370935349186 0.999207030869204
1748445110.98399 0.143735193825681 -1.18146068002504 3.11861973288808 0.0100807338702651 0.0298358427827985 0.0200842138585164 0.999302169338065
1748445111.05079 0.144348079285233 -1.18412006731007 3.12598513566944 0.0098075438636181 0.0296484517774218 0.0196319987040933 0.99931945143555
1748445111.18415 0.145205198648897 -1.18855844039708 3.13838700896202 0.00955849819824905 0.0300707148367295 0.0186918267051415 0.999327275138544
1748445111.25079 0.145286607758957 -1.19146391112835 3.14593146249248 0.00963385864844724 0.029946483053768 0.0181476835751437 0.999340311656199
1748445111.38417 0.146438054140964 -1.19675545608632 3.16052288598128 0.0105372325506025 0.0281049023497478 0.0174570518705188 0.999396984453163
1748445111.45079 0.14758474670635 -1.19901872447325 3.166688728835 0.0113613765129974 0.0273698689130159 0.0166411227637634 0.999422274332815
1748445111.58416 0.148334820876412 -1.20544007906839 3.18450262302032 0.0111258560752185 0.0259183009639916 0.0158121984558934 0.99947707896766
1748445111.65084 0.14884330760256 -1.20812439713231 3.19175184496915 0.0113914729992411 0.0248810926048827 0.0154576746009519 0.999505990912324
1748445111.78417 0.149942484766779 -1.21346279748617 3.2061224605112 0.0120780294565104 0.0235249150122339 0.0149898450943747 0.9995378952907
1748445111.85079 0.150187801670878 -1.21617301410171 3.21344373543706 0.0125269507673684 0.0230487825396323 0.0145122795805327 0.999550510414201
1748445111.98421 0.151645661833612 -1.22106306483195 3.22693308884383 0.0134839172094866 0.0211655890058322 0.0138248842611969 0.999589452922493
1748445112.05083 0.151484922387954 -1.22415871412714 3.23495763513444 0.0134345160165154 0.0208869100628289 0.0137284762311908 0.999597308773788
1748445112.18419 0.152188318875505 -1.22951873046951 3.24947445753332 0.0139217357495456 0.0205287488318387 0.0121521389914278 0.999618467848135
1748445112.25079 0.152486981324662 -1.23213607714641 3.25681702582123 0.0137558141803362 0.0199056716669068 0.0117296771404146 0.999638412870327
1748445112.38416 0.153184500599483 -1.23724382941276 3.27087591559687 0.0132698429406551 0.0178622799023119 0.0113089417328429 0.999688430493174
1748445112.45082 0.15359076497935 -1.24004502182925 3.27802567999479 0.0143219299093107 0.017521910640585 0.0108838446744411 0.999684653726503
1748445112.58415 0.153748847647999 -1.24513533730435 3.29153446316907 0.0143894842096516 0.0166351775154311 0.0102377910540516 0.999705657304961
1748445112.65082 0.1540715666045 -1.24784598656071 3.2987636484404 0.0143443199487961 0.0155292165106032 0.0103129502924331 0.999723325213551
1748445112.78395 0.155154155010668 -1.25279276322811 3.31243664458269 0.0138509781617046 0.0135175698766802 0.010527758594799 0.999757266544016
1748445112.85066 0.155508633087444 -1.25546248692662 3.31966856891834 0.0141933506553088 0.0129677208071322 0.010470842868319 0.999760345514799
1748445112.9841 0.155942299134888 -1.26063931193172 3.33415770528818 0.0127231722365068 0.0117632049292573 0.0101032427240881 0.999798815954735
1748445113.05074 0.156266908407559 -1.26317318549976 3.34129288640993 0.0122479952274452 0.0108161354282977 0.0100508131479885 0.999815972558135
1748445113.1841 0.157054076354714 -1.26801947710016 3.35449885213333 0.0115370218093523 0.00942554631955984 0.00956881799292181 0.9998432346756
1748445113.25078 0.157026378732471 -1.27107095818015 3.36319636968495 0.0111029726454174 0.00956071316826193 0.00940022582434167 0.999848464776838
1748445113.38411 0.157580974989141 -1.27621823143104 3.37761250235226 0.0106461431618329 0.00752872180202773 0.00960392481170665 0.999868862707514
1748445113.45079 0.157963352965638 -1.27882694424524 3.38475386123774 0.0106856102852418 0.00668266806763413 0.00978016454158592 0.999872745934136
1748445113.58417 0.158150302872989 -1.2841742400437 3.39923101183273 0.0120807876463226 0.00597627042587153 0.00965637536623734 0.999862537140195
1748445113.65074 0.158269024563039 -1.28680491813167 3.40644897308404 0.0117991163832747 0.00544745023274497 0.00920404631146392 0.999873187794348
1748445113.78411 0.158686999033943 -1.29235119899236 3.42162975072102 0.0119585149438358 0.00423803448870106 0.00909041774602267 0.999878191225918
1748445113.85078 0.15892670483737 -1.29505232883041 3.42882767700702 0.0121465927140005 0.00347319273436056 0.00907174402255352 0.999879043023735
1748445113.98412 0.159031343091683 -1.29966238939552 3.44155146911594 0.0129412452244883 0.00233431879876916 0.00991116066507236 0.999864412819087
1748445114.05085 0.159294524664504 -1.30236513984993 3.44884157865871 0.0132235650704099 0.00199375856235844 0.0105580812977587 0.99985483404989
1748445114.18409 0.159689366169188 -1.30737095182188 3.46247634949334 0.0132446158550289 0.00194346708997479 0.0105954553054017 0.99985425908649
1748445114.25079 0.159579393758777 -1.30980270898807 3.46905332428051 0.0130545480587501 0.00225162726811027 0.010437774198594 0.99985777079513
1748445114.38411 0.160229557395421 -1.31519235006331 3.48401679489447 0.0131165238929239 0.00278561061095076 0.0101233807842502 0.999858847205938
1748445114.45075 0.160330862598975 -1.31769143191722 3.49100571931505 0.0127086748302105 0.00237893980762329 0.0104472934278693 0.999861832599627
1748445114.58408 0.160636623833548 -1.3227721311409 3.50486822150199 0.0126153250041347 0.00198272887944107 0.0109954269561967 0.999858001391839
1748445114.65078 0.16121827780219 -1.32565622824723 3.51266379956286 0.0130001382309998 0.00273825497147274 0.0110568513574156 0.999850611043343
1748445114.78391 0.161629503650406 -1.33065525215564 3.526876313371 0.0118966022286447 0.00453057224561083 0.0116583150163165 0.999851003130727
1748445114.85075 0.162008350349343 -1.33320577354185 3.53398887732547 0.0110971733612497 0.00487488613937259 0.0122817913729244 0.999851111830752
1748445114.98402 0.162795400491322 -1.33840690164772 3.54839269529495 0.0106773950223139 0.0061877442439684 0.0136471722219164 0.999830715544914
1748445115.05069 0.163029211286999 -1.34089808952179 3.55538074774389 0.0102773685342267 0.00710451673385214 0.0137705240973507 0.999827122158663
1748445115.18403 0.163734519793485 -1.34615979087835 3.56988041289684 0.0102130324787039 0.00875114212640269 0.0144706093012176 0.999804837428547
1748445115.25077 0.164202816703375 -1.34920163229919 3.57797546994201 0.0106299045506163 0.00995500628992663 0.0148433750871868 0.999783765218776
1748445115.38416 0.164940718239458 -1.35423472202707 3.59174899433233 0.0111815008816973 0.0126448430249983 0.0145976438895647 0.999750964378519
1748445115.45085 0.165120959769706 -1.35705165949569 3.59959398021731 0.0115416830625873 0.0141331575907553 0.0147197006598523 0.999725149139043
1748445115.58409 0.165665112189456 -1.36115141614996 3.61093200856087 0.0124512043071202 0.0177123059608513 0.0159713638793162 0.999638013115091
1748445115.65073 0.166937132973247 -1.36511120362507 3.62120350675003 0.0137864285410555 0.0208541869750553 0.0170198697786225 0.999542576034863
1748445115.78402 0.168182119759079 -1.37033631866531 3.63508940153192 0.0148794291699871 0.0263558499409335 0.018350399620156 0.999373420997
1748445115.85073 0.169203489640751 -1.37332856918538 3.64324914339726 0.0148535304267927 0.0294566206714012 0.0195623518161162 0.99926422658069
1748445115.98406 0.170843191895294 -1.378547908916 3.65726776273073 0.0146355159347197 0.0352175729682582 0.0211441057296483 0.999048773093908
1748445116.05073 0.171700788706066 -1.3811137730968 3.66434757185205 0.0141984288663174 0.0377810172792017 0.0222735791741345 0.998936878397154
1748445116.18405 0.174122135772862 -1.38616650880395 3.67840372142525 0.0143417935537603 0.0426560210917993 0.0243536144389772 0.998689981068217
1748445116.25072 0.175320249211488 -1.38875652494113 3.68558247487211 0.0141223312404574 0.0453686129467005 0.025477730229384 0.998545509219277
1748445116.38406 0.177527849969861 -1.39390980255454 3.69963992446056 0.0134832926145933 0.0517564324187652 0.0268420995141842 0.998207881263829
1748445116.45077 0.178589637826182 -1.39648652365379 3.70688396162829 0.0129306413779536 0.0552627277535889 0.0272911243996027 0.998015041952672
1748445116.58409 0.18098776695519 -1.40161924379464 3.72104360257938 0.0127914158980756 0.0613573573736078 0.0285578275873383 0.997625232669534
1748445116.65052 0.182448872041129 -1.40422510449228 3.72813050250737 0.0129175751851741 0.0640672189287 0.0299035627960488 0.997413808126888
1748445116.78385 0.185526062688165 -1.40930985300219 3.74225378004028 0.0127666448072241 0.0703771424049427 0.0319831701147778 0.996925848514667
1748445116.85064 0.187041413828709 -1.41184214509532 3.74929313050978 0.0124758371152201 0.0735503009122844 0.032869655515014 0.996671607135626
1748445116.98401 0.190324925304417 -1.41710283743382 3.7630933379428 0.0130315337027565 0.0801324813210375 0.0345653179520209 0.996099494710023
1748445117.05064 0.192007738877952 -1.41960225143524 3.77003599486826 0.0131865466887173 0.0830887131346823 0.0359975484763827 0.995804477414989
1748445117.18397 0.195585947367981 -1.42469046808621 3.78380730499401 0.0123597378753653 0.0891716765238492 0.0383834203703292 0.995199659378083
1748445117.25066 0.19740071838105 -1.42723672936765 3.7907374566438 0.0128427578455178 0.0920073941091583 0.0392254176826805 0.994902542768779
1748445117.38421 0.200555431410467 -1.43225480524613 3.80463305234943 0.013186198625834 0.0909546293579227 0.0390616572935664 0.995001289694462
1748445117.4507 0.202064578888288 -1.4347929275238 3.81165700425794 0.0129983087320848 0.0899967839714004 0.0383076077668674 0.995120168638989
1748445117.58398 0.205365354509378 -1.43982835488535 3.82575787524026 0.0119104951638451 0.0908962438169896 0.0376847363873985 0.995075812995335
1748445117.65064 0.206543746505695 -1.44244136575774 3.83236025904726 0.0124972213083918 0.090923577186944 0.0373179722572828 0.995079942274842
1748445117.78427 0.209837170578772 -1.44736978830446 3.84648596797782 0.0125796285412581 0.0895357465915735 0.0373498288507235 0.995203543659726
1748445117.85064 0.211480289010015 -1.449902864513 3.85349430214633 0.0122849135293623 0.0893835578298575 0.0374417082729473 0.995217453108041
1748445117.98398 0.213802296022405 -1.45497017690573 3.86676576589291 0.0126174183345624 0.0892199163752414 0.0376929090295951 0.995218494545521
1748445118.05065 0.216124499121494 -1.45752821560212 3.87443286855638 0.0121904257219155 0.0891866206764616 0.037291292030542 0.995241930262047
1748445118.18398 0.219140429269937 -1.46267522528589 3.88835376685473 0.0115182579644045 0.0888371535530007 0.0372757025640008 0.995281775117191
1748445118.25065 0.220648409968083 -1.46526327129841 3.8953079200903 0.0116927318469008 0.0885244614638958 0.0374776973940545 0.995300016046681
1748445118.38401 0.223869304426689 -1.47037015145375 3.90937678845136 0.0124616188482909 0.0880323944528096 0.0374409057882118 0.995335714297615
1748445118.45065 0.225401937487836 -1.47286008537095 3.91640537268259 0.0120767413972315 0.0877062607352432 0.0376196114930323 0.995362511337542
1748445118.58394 0.228422546598887 -1.47792290902707 3.93044809746915 0.0125852948979666 0.087844160868179 0.0367288102759519 0.995377319537375
1748445118.65047 0.229958552865526 -1.48062721166545 3.93768920678256 0.0123824762633724 0.0879981022871015 0.0360533230457433 0.995390961468314
1748445118.78413 0.232139909590453 -1.48572604022585 3.95109220053471 0.0126621794935603 0.0871726588566493 0.0357571567275754 0.995470754216865
1748445118.85063 0.233588232653563 -1.48818854436988 3.95798381789304 0.0125135446571042 0.086709025892262 0.0356626270393852 0.995516515715123
1748445118.98403 0.236494292399854 -1.49326423278517 3.9721191113289 0.0119728119972201 0.0860497371796456 0.0356160919693605 0.995582035041324
1748445119.0506 0.2378056170461 -1.49592811877997 3.97903005311815 0.0124979863415386 0.0856559193858675 0.0357471079044249 0.995604845351828
1748445119.18393 0.240993848565321 -1.50098318963969 3.99315246643593 0.0123228518772056 0.0847098605132404 0.0355296475244084 0.995695752225664
1748445119.2506 0.242278171753425 -1.50352458770178 4.0000817796996 0.0119570804363446 0.0843378094098892 0.0352443824515727 0.995741932248003
1748445119.38397 0.245254436985284 -1.5088016226666 4.01434606359578 0.0121874816295993 0.0831505332662588 0.0352904665528536 0.99583735473196
1748445119.45065 0.246630159082618 -1.51133596433481 4.0213325160203 0.0126051836146666 0.0827436694046612 0.0349712555505743 0.995877304593648
1748445119.58396 0.249301988444443 -1.51650968600101 4.03532659351781 0.0128909878399296 0.0819825306196585 0.0345222579989322 0.995952258297737
1748445119.65061 0.25090303386675 -1.51911724301788 4.0428454573377 0.0128627963845135 0.0817494009416981 0.0338384580201016 0.995995252334902
1748445119.78396 0.253406027432698 -1.52408029367391 4.05615963094384 0.0120725295031382 0.0808475480313536 0.0329147694041095 0.996109705787364
1748445119.85059 0.254887778935085 -1.52664791296575 4.06373424251124 0.0115866194263021 0.0800098716800595 0.0329579452344703 0.996181682490665
1748445119.98395 0.257236378136743 -1.53090209292373 4.07488037824904 0.0116919417417611 0.078267179851671 0.0328089572173913 0.996323802477227
1748445120.05062 0.258897329523223 -1.5339943534286 4.08372848612227 0.011253124810876 0.0781606160611132 0.0324636817128293 0.996348530710306
1748445120.18401 0.261510776123784 -1.53935376521747 4.09892709318698 0.0103938120689627 0.0772117463373646 0.0319240823887755 0.996449280125107
1748445120.25062 0.26281087647808 -1.54193129215912 4.10596272050992 0.0104055903827429 0.0763373189542653 0.0319320455063889 0.99651627276901
1748445120.38397 0.265710039878594 -1.54781008462713 4.12122346417702 0.0107246973258586 0.0750363168064351 0.0313397870722604 0.996630498115354
1748445120.45063 0.266703016052531 -1.55038615179035 4.12791257118974 0.0111964320964112 0.0743952862237014 0.0312883622252892 0.996674981970182
1748445120.58375 0.266984869508423 -1.55337116795493 4.13594618048749 0.0116515378715283 0.0729920248659853 0.0307140984560144 0.996791377434228
1748445120.65044 0.267013149988245 -1.55537086238685 4.14039997699461 0.0123245938926647 0.0726404925121692 0.0302089576693994 0.996824398833365
1748445120.78388 0.265166363405472 -1.5568404177306 4.14338715315632 0.0119040677717626 0.0721516449978162 0.0281161359070277 0.99692623407966
1748445120.85058 0.263576419030175 -1.55815787118975 4.14605443112099 0.0114717342607121 0.0717245430416988 0.0269213172742996 0.996995101249112
1748445120.98406 0.263587084980772 -1.55890780766432 4.14968091519124 0.0111663123544293 0.070137005077584 0.0263431288550467 0.997126949565238
1748445121.05059 0.262441124502762 -1.55990173457877 4.1517918743319 0.0118747794536567 0.0696752153072233 0.0275702545700454 0.997117964459453
1748445121.18406 0.261816958609719 -1.56176785071248 4.15647232534175 0.0112603795872022 0.0691235672681538 0.0264316821891431 0.99719431530486
1748445121.25054 0.262258429160516 -1.56313547685481 4.1596716080646 0.0105755347743638 0.0679067461188672 0.026054741642032 0.99729533355659
1748445121.38402 0.260794018267494 -1.56476512312291 4.16170071223889 0.0112163797824494 0.0660513188228417 0.0265073979651061 0.997401009604191
1748445121.45059 0.260800787242017 -1.56571091685996 4.16382040889783 0.01077004785499 0.0654217304143649 0.0259249075482266 0.99746273235014
1748445121.58422 0.2600600431106 -1.56777153908794 4.16793743602561 0.0112728584980133 0.0639636696436026 0.0255856526752167 0.997560497415666
1748445121.65062 0.260084956715099 -1.56881455255665 4.17042883519447 0.0114499582384401 0.0629999481001209 0.0255845136116752 0.997619836239724
1748445121.78404 0.259185911750431 -1.57144213039959 4.17545408839021 0.0116952274798488 0.0626627235912699 0.0246213263314843 0.997662465474169
1748445121.85069 0.259161795533756 -1.57252374534738 4.17798171615062 0.0111292713521093 0.0625035188428393 0.0237405592592022 0.997700273277248
1748445121.984 0.258494586000636 -1.57476264512137 4.18260901567626 0.0106287259620554 0.060179622102209 0.0228660989520157 0.99786902185947
1748445122.05061 0.258666690679423 -1.57593287187381 4.18546454304428 0.0109853612827198 0.0588627196084885 0.0228314264549412 0.997944501484834
1748445122.18424 0.25877750636917 -1.57834109663859 4.19111046451915 0.0116932771654776 0.0573585390219931 0.0221423715199241 0.998039568681456
1748445122.25071 0.25861452181881 -1.58016176874003 4.19512205992252 0.0115153196945282 0.0568627585784685 0.0217954797829721 0.998077642851602
1748445122.38391 0.258496162075369 -1.58273296560047 4.20100707270647 0.0113193212446272 0.0546750798128621 0.0212302495094186 0.998214298194424
1748445122.45038 0.258357294676911 -1.58397274645179 4.203974734852 0.0108509635384744 0.0534557656571619 0.0209252707399208 0.998291976704588
1748445122.5837 0.258419408415646 -1.58666886331666 4.21034717681307 0.0100930858887527 0.0516716221117165 0.0201713504730234 0.998409379816556
1748445122.65055 0.258864378554492 -1.58821950769075 4.21424999184619 0.0102187533200254 0.0504717485033135 0.0206169136589274 0.998460376056448
1748445122.78388 0.258234798041168 -1.59106097867557 4.22032780488582 0.00999972974019098 0.0483051458175566 0.0202928607608305 0.998576395722836
1748445122.85058 0.25868767955188 -1.59247907712428 4.22418136603357 0.00970926024228391 0.0476737208956897 0.0195595825037268 0.998624238306775
1748445122.98396 0.258800264518232 -1.59526657030872 4.23121286058101 0.00948686518493286 0.0466150298451278 0.0173679344790695 0.998716873409793
1748445123.05055 0.25905614671192 -1.59668189373143 4.23496177779464 0.0101622818848188 0.0454965329026602 0.0165419293731038 0.998775829750273
1748445123.18385 0.259631226103387 -1.59924898502987 4.24191018339778 0.0101473725407343 0.0425358900263864 0.0161186309558261 0.998913368929605
1748445123.25051 0.259463184591938 -1.60069599610205 4.24514654307897 0.010626587772689 0.0415612287565993 0.0159379149947736 0.998952312556596
1748445123.38406 0.260443826722667 -1.60340279343461 4.25287257818198 0.011013655452539 0.0393519033046258 0.0148990279467531 0.999053625220447
1748445123.45053 0.260191469452565 -1.60481161589086 4.256199419031 0.0107932373027435 0.0380570820384932 0.0147523450102589 0.999108368922981
1748445123.58383 0.260642429543967 -1.6075456693323 4.2633782097322 0.0106737863428702 0.0356023707094949 0.013723344655711 0.999214797376636
1748445123.65052 0.260539641301321 -1.60882251657961 4.2669841120762 0.0102395709724173 0.0346167919493375 0.013045349076171 0.999263052338531
1748445123.78383 0.261842867879831 -1.61158030785069 4.27512444912805 0.0112460216499913 0.0319046348507973 0.0126130215189114 0.999348053963307
1748445123.85053 0.262045284749894 -1.61291777307916 4.27873272698661 0.0111366468282008 0.0313801711791201 0.013108878864531 0.999359503506675
1748445123.98386 0.262439793913215 -1.61563203596516 4.28605929979735 0.0104641566779594 0.032857863547179 0.0129378345419509 0.99932150715648
1748445124.05057 0.262603272844264 -1.61696268880946 4.28974247834991 0.0101399382450738 0.0345708920385233 0.0129612407496999 0.999266751830699
1748445124.18382 0.263125880265578 -1.61962520098724 4.29703246229323 0.0103844500093762 0.0388924646707256 0.0145436589453088 0.999083590784235
1748445124.25058 0.263408124772166 -1.62098088358376 4.30061989137277 0.0104266011282769 0.0402048719562194 0.0155199395587768 0.999016509240957
1748445124.38377 0.265307048199689 -1.62360611622659 4.30849497752804 0.0110330535110401 0.0422664948864858 0.0162224280100345 0.998913733997933
1748445124.45033 0.265699107153441 -1.62496050549078 4.31225311720532 0.0106240960824385 0.0437212421029641 0.016492508718984 0.998851129411966
1748445124.58365 0.266565721427209 -1.62772547319013 4.3198114255407 0.0102422625641754 0.0469834234474438 0.0177237348965333 0.998685898168209
1748445124.65044 0.267286012084379 -1.62899564833194 4.32351733637037 0.00991465081307252 0.048813945408933 0.0192049819481696 0.998574016836628
1748445124.78377 0.268532053798734 -1.63171511735998 4.33099584245714 0.0100325697695441 0.0537933190001458 0.0216648112451073 0.998266628876515
1748445124.85044 0.26905513520924 -1.63297711920864 4.33446837257172 0.00985378989676871 0.0562711272351998 0.0228939873535179 0.998104367492402
1748445124.9839 0.27039344028309 -1.63563649632273 4.34187031231755 0.0100205723470052 0.0615476173968679 0.0243630829763842 0.997756442780749
1748445125.05057 0.270826141004416 -1.63689279699127 4.34548628670818 0.00948770838792145 0.0643455255185797 0.0245314799508772 0.997580995822747
1748445125.18387 0.271209998956342 -1.63892491178073 4.35084313085394 0.00916330220124323 0.0689960675400461 0.0259828658769904 0.997236414917544
1748445125.25044 0.272614465090343 -1.64065783656085 4.35592415585137 0.00918343869493621 0.0710108772524877 0.0275783727710782 0.997051931005035
1748445125.38387 0.27306798899712 -1.64267076561508 4.36118016770586 0.0096222240471901 0.0762364883298805 0.0296628528494676 0.996601989669068
1748445125.4505 0.274929397495493 -1.64445303212718 4.36653837241487 0.00949758833753539 0.0791597952596946 0.0300738434829373 0.996362929141976
1748445125.5838 0.276971396860813 -1.64694007115269 4.3735679466141 0.0091280424726346 0.0839375409025626 0.0321661315933002 0.995909889521221
1748445125.65047 0.277688936644111 -1.64867945620967 4.37858094426486 0.00910195730311253 0.0864590986290446 0.0334025225375628 0.995653679813234
1748445125.78383 0.279421276116973 -1.65123493318619 4.38565768161347 0.00844518471232619 0.0914583614506246 0.0359318098197823 0.995124591204045
1748445125.85048 0.280280824954119 -1.65249816482639 4.38914799447558 0.00864893072732953 0.0941996536329247 0.036940873117921 0.994830132809615
1748445125.98377 0.282185011611081 -1.65499450214118 4.39626393896181 0.00855243841266101 0.100066743933036 0.0390244312860762 0.994178352368747
1748445126.05044 0.283286427279782 -1.65584736101081 4.39862576006656 0.0083712870747954 0.103036569298012 0.0398419558286147 0.993844054917952
1748445126.18378 0.285346103086364 -1.65833236969249 4.40572142760562 0.00775435756655973 0.109002537999914 0.0415350365021977 0.993143069950684
1748445126.25028 0.286465755591522 -1.65958148745922 4.40924792786014 0.00747627303957987 0.111733684633923 0.0425043241793023 0.992800620208119
1748445126.38361 0.288353387625785 -1.66205667526808 4.41602784032479 0.0078671676633078 0.11749024680066 0.0447743988682773 0.992032964566028
1748445126.45029 0.289152707302298 -1.66286838804996 4.41823478041902 0.0075886598245965 0.120292959411142 0.045978837334053 0.991644070559384
1748445126.58377 0.289486058066356 -1.66458569115964 4.42223212023454 0.00745393731029803 0.126257216361455 0.0486687032023438 0.990774904538782
1748445126.65042 0.290604842016182 -1.66581627674375 4.42569294968268 0.00731886930115416 0.129482486051467 0.0498803989126761 0.990299280905725
1748445126.78373 0.290900487662558 -1.66726698412439 4.42920281593317 0.00608391587992096 0.135770569002048 0.0522153826661675 0.989344678245884
1748445126.85039 0.292026079036408 -1.66817386760156 4.43177238724997 0.00599658432131278 0.138759780694035 0.0533212571280848 0.988871380805664
1748445126.98373 0.292436103508649 -1.66921929638598 4.434058139034 0.00563855648836736 0.145010582560977 0.0554184935584844 0.987860783814077
1748445127.05042 0.292740296195829 -1.66943336954201 4.43466555726799 0.00567998096691463 0.148443560202599 0.0564614063851099 0.987291424473852
1748445127.18375 0.290916960014301 -1.66994103802558 4.43435860681756 0.00505254696501134 0.155217001109615 0.058939764177312 0.986107630299262
1748445127.25044 0.291282860337718 -1.67052629721529 4.43579211749102 0.00503507755534383 0.158644390563119 0.0597274963730598 0.985514703854729
1748445127.38373 0.292462958059802 -1.67202288872681 4.43930175389773 0.00568851708386209 0.165821119157456 0.0615202918306143 0.984218599147482
1748445127.45043 0.292576198850551 -1.67284630103328 4.44086974302121 0.00521551246418639 0.169117140231763 0.0627715910925163 0.983581170347054
1748445127.58372 0.293221592027779 -1.67375512044069 4.4427784890193 0.00396454944733154 0.173397735129249 0.0655394124959851 0.982660721311994
1748445127.65042 0.293802145288561 -1.67443516642786 4.44460166269315 0.004316739598341 0.175635355513452 0.0661965790384661 0.982217695104556
1748445127.78373 0.294325019012158 -1.67587595966284 4.44805336237225 0.00478509241750774 0.180919241256147 0.0680268309666129 0.981130817629584
1748445127.85039 0.294773240987731 -1.67655359577104 4.44916780267674 0.00472068124518943 0.183593237975405 0.0693143613283095 0.980544112955626
1748445127.98375 0.295381637313389 -1.67757164360875 4.45102660400319 0.00413808747389577 0.18862400657315 0.0715819079144297 0.979428349005521
1748445128.05043 0.295983059445853 -1.67831583312571 4.4528544508761 0.00405866848400999 0.191385361242598 0.0723646884201664 0.978835288790729
1748445128.18356 0.296598838182461 -1.67964752745562 4.45583970318635 0.00435768408591897 0.192655464682261 0.0720734021740164 0.978606308592241
1748445128.25022 0.296997287332277 -1.68049282545918 4.4580577921123 0.00420368684767414 0.189475625947309 0.0711576213490601 0.97929459771445
1748445128.38376 0.298625719277916 -1.68183439969209 4.46095993813302 0.00507236069301698 0.186599271675722 0.0705296320063209 0.979888031346512
1748445128.45026 0.298613160229224 -1.68236554355798 4.46188452374971 0.0049725801950532 0.187078126724813 0.0702221429861694 0.979819319355241
1748445128.58376 0.299548431432502 -1.68295728322073 4.46227970865317 0.0040632973745372 0.185510152836107 0.0694684001906628 0.980175297681042
1748445128.65042 0.300042995592149 -1.68359481090526 4.46366223891823 0.00379185284074179 0.183688216184425 0.0696806834918328 0.980504392358917
1748445128.78377 0.300802559327108 -1.68498925220464 4.46654534617626 0.0042518005796125 0.180999883175479 0.0694418753717294 0.981019260986833
1748445128.85039 0.301409977623034 -1.68577500295703 4.46852562125266 0.00454085916070685 0.180462015815874 0.0687660799294617 0.981164648617595
1748445128.98368 0.302314268353196 -1.68719422383073 4.47139712340542 0.00413112111403957 0.178494062957403 0.0683763078885924 0.981553607220117
1748445129.0504 0.302584038502566 -1.68778006438768 4.47234075956773 0.00445042857391648 0.177030130248817 0.0680014234538322 0.981843334283962
1748445129.18375 0.302849694659984 -1.68880937670346 4.47379087043575 0.00449451266185541 0.173828484042035 0.0669110759121437 0.982489880564609
1748445129.2504 0.303465498284937 -1.68996615446355 4.4767021854252 0.00490366195047998 0.171928754299461 0.0658446769863297 0.982894163202263
1748445129.38376 0.304559899814873 -1.69159496712618 4.48041529182089 0.00562170555954628 0.167591109390106 0.0648224994530369 0.983707100739166
1748445129.45042 0.304961075263946 -1.69235144571752 4.48213305919123 0.00599343487278448 0.165717798881964 0.0642832893899117 0.984057594136317
1748445129.58375 0.305805559977489 -1.6938281319574 4.48525306730705 0.0056950376666518 0.161715999265177 0.063259555757134 0.984791211746455
1748445129.65067 0.306168937080348 -1.69461921317185 4.48693621247372 0.00574081935483195 0.159426865318015 0.0628653711266428 0.985189353739227
1748445129.78372 0.307255638959207 -1.69602525276715 4.49017625617721 0.00512038411466614 0.154650677525203 0.0626007920055913 0.985970633663998
1748445129.85046 0.307772067059236 -1.69708066113919 4.49276870856985 0.00479843380169603 0.152592046417963 0.0622534914144225 0.986314932062647
1748445129.9837 0.307736156490425 -1.69830819194995 4.49459896970042 0.00128146156276704 0.148798317983909 0.0608988244697604 0.986989742398382
1748445130.05085 0.308852298580143 -1.69925824308504 4.49744899475156 0.00045874598599871 0.145767505728072 0.0612409535310776 0.987421475073609
1748445130.18369 0.308839337471432 -1.70036270849518 4.49820846149546 0.00222428804675984 0.140037659391172 0.0603883546905939 0.988300436665233
1748445130.25019 0.309593704583092 -1.7014719144114 4.50106111855694 0.00249763241092266 0.138178615678909 0.059218801015078 0.988632169013196
1748445130.38352 0.311922468808081 -1.70163926577584 4.50188010910524 0.00342979990408659 0.133190441609078 0.0565150653183985 0.98947187434947
1748445130.45018 0.312375753983677 -1.70242061892118 4.50342186524623 0.00415511955649972 0.130517902552887 0.0555407328738315 0.989880315536431
1748445130.58377 0.312774530823711 -1.70379068861086 4.50643188242383 0.00586375999524741 0.125856162528446 0.0535611650357022 0.990584193429488
1748445130.65033 0.313035557236189 -1.70433852681294 4.50795521756366 0.00525889773185867 0.121978626729493 0.054190045764974 0.991038343130992
1748445130.78377 0.313301195975818 -1.70586311364939 4.51103459349776 0.0031778565031324 0.117481010686823 0.05227781830066 0.991693068983429
1748445130.85038 0.31337187046414 -1.70651429205545 4.51274195885841 0.00293733961043996 0.11523099614346 0.0512157989596009 0.992013171031881
1748445130.98366 0.314538897702494 -1.70734821129912 4.51471900801038 0.00297829505549646 0.109091895172292 0.0491233836384627 0.992812661757589
1748445131.05035 0.314802232759471 -1.70807956053762 4.51637377282037 0.0030076819959039 0.106064345081018 0.0484792274631465 0.993172227287958
1748445131.18369 0.315792138536662 -1.70933412590159 4.51903556235375 0.00297124126744008 0.0999560806294171 0.0463979669870251 0.993905016754623
1748445131.25057 0.315146163797546 -1.71043244471032 4.5208485506928 0.00261424990252435 0.0976262067652075 0.0458767343883906 0.994161764851144
1748445131.38367 0.316013700201057 -1.71164363858874 4.52422803312791 0.00319187607310151 0.0930634170696922 0.0443392337558208 0.994667303514292
1748445131.45034 0.315077470576171 -1.71240417159527 4.52614868031178 0.0036568169134476 0.091538904845889 0.0435731762860404 0.994841009859376
1748445131.58366 0.317808650413988 -1.71322364442981 4.52977233129058 0.00420966370810966 0.0867398795285169 0.0412305242887154 0.995368532704204
1748445131.65055 0.318122225899777 -1.7140618696365 4.53122924878454 0.00426606254625661 0.0844080507698183 0.0399768074186146 0.995619875526903
1748445131.78368 0.318254362009761 -1.71540410530212 4.53440874172062 0.00513870746386463 0.0803941814695091 0.0393789981256684 0.995971718362558
1748445131.85036 0.3186692633533 -1.71602810576808 4.53579720557312 0.00539664627671482 0.0794889305621622 0.0393367142836482 0.996044682248951
1748445131.98366 0.318786652267685 -1.71768038170902 4.53909286641511 0.00489848821063177 0.07740314485083 0.037596189473262 0.996278718289988
1748445132.05012 0.319349479383821 -1.71803895154904 4.54033212849854 0.00483848273178522 0.0751908486193026 0.0367092568512096 0.99648148795158
1748445132.1835 0.319113545665404 -1.72010632213068 4.54381901023992 0.00399813410952832 0.0711843783325626 0.0358585681991179 0.99681039435379
1748445132.25014 0.319527237503147 -1.72093370966408 4.54511722731153 0.00366157686607066 0.069327349579927 0.035113809746618 0.996969072649776
1748445132.38347 0.321867671599112 -1.72075702323627 4.54688121833229 0.00405188136018031 0.0647306965113792 0.0338830414791856 0.997319135827
1748445132.45029 0.322542676246374 -1.72140391958207 4.54799150871196 0.00411890802387393 0.0628045011645131 0.03298532726857 0.997472103577415
1748445132.58362 0.322647895670114 -1.7224474991203 4.55091790872181 0.00371097002771442 0.0599030497730647 0.0311189147933232 0.997712116029181
1748445132.65037 0.32347484297925 -1.72328154594988 4.55204912228742 0.0039973287108957 0.0585002878159423 0.0299645275419001 0.997829577020956
1748445132.78362 0.32402363799299 -1.72399987977576 4.5545028467921 0.00444795409438214 0.0560163185223099 0.0295311488919849 0.997983115592995
1748445132.85029 0.324424226270503 -1.7246602849883 4.55566895200246 0.00449422481633383 0.0547358852303096 0.0293381845278225 0.998059645381961
1748445132.98362 0.324097424679884 -1.72500601653883 4.56097961968321 0.00643347838468877 0.0526348046691385 0.0287582059979544 0.998178918471581
1748445133.05029 0.324234508685918 -1.72563936149055 4.56253785891285 0.00578785993839015 0.0511351670091873 0.0279758171683132 0.998283050555323
1748445133.18361 0.324682943752934 -1.72690492561945 4.56564355964426 0.00560098259575231 0.0476334883753219 0.0276461885087344 0.998466508221533
1748445133.25032 0.325251269047352 -1.72738191769555 4.56680872505392 0.00548234243819451 0.04611457039946 0.0274694568400449 0.998543348713102
1748445133.38366 0.325471604183548 -1.72882408855159 4.57008165483068 0.00466848153105925 0.0453999857001889 0.0280851257975789 0.998563103808443
1748445133.4503 0.326527270206694 -1.7291979121453 4.57089175553311 0.00457996832355256 0.045727687462463 0.0287327832871854 0.998530134574847
1748445133.58363 0.326540286379331 -1.73071651661038 4.57431089687878 0.00562522551460626 0.048100546003907 0.0294834115929557 0.998391417607782
1748445133.65029 0.326643758328065 -1.73195558884346 4.57592445608914 0.00437242914817965 0.0488603000880039 0.0291656657130032 0.998370130203309
1748445133.78362 0.326508673807977 -1.73299986763792 4.57941447166678 0.00475390682459648 0.0494446968294619 0.0291562109195284 0.998339890863909
1748445133.8503 0.326608309750879 -1.73387053741725 4.58111717836094 0.00468364525474746 0.0493252303889112 0.0296341126407401 0.998332061231234
1748445133.98341 0.328168491020613 -1.73463146720027 4.58323503389576 0.00412166552980575 0.0488943233870494 0.0305762818299591 0.998327325080927
1748445134.05007 0.327994652542157 -1.73530109534346 4.58514323273198 0.00436431407727439 0.0500113814676797 0.030760278179187 0.998265305303489
1748445134.18347 0.328973200879369 -1.73692039644053 4.5877350862057 0.00287820569123165 0.0525182376020345 0.031171004506011 0.998129209636338
1748445134.25007 0.327744613967216 -1.73622472416615 4.59212362889405 0.00378123210210512 0.0540565199464935 0.0326760244769682 0.997995928027487
1748445134.38369 0.328160765215592 -1.73768254108556 4.5952720260947 0.00334324702312738 0.0556194832629423 0.0344399136309621 0.997852287731004
1748445134.45023 0.32856859527878 -1.73832376545905 4.59676797960235 0.00374736804097153 0.0561188732832015 0.0352792509860471 0.99779356770028
1748445134.58356 0.329220634806246 -1.73956064726887 4.59993258279235 0.00419855673391906 0.0579156229917338 0.0365104327078041 0.997644797028642
1748445134.65023 0.329629392891942 -1.74015270685536 4.60142696390828 0.00363783419129227 0.0597030454481585 0.0368728424765834 0.997528298352638
1748445134.78356 0.330348071126267 -1.74128859322917 4.6045926684851 0.00399073597332811 0.0636137772158135 0.0366308770917911 0.99729410918656
1748445134.85041 0.330631122783261 -1.74197337261966 4.60611856771007 0.00416647309171136 0.0648141031084634 0.0369792698164967 0.99720324214478
1748445134.98367 0.331369424421248 -1.74333130843532 4.60905977412025 0.00431798971531433 0.0665790630090798 0.0391329544230921 0.997004109927222
1748445135.05023 0.33158841568315 -1.74404654533296 4.61065678268784 0.0043849427008455 0.0682438094306182 0.0398090092897097 0.996864483032312
1748445135.18365 0.33224394449702 -1.74505228625453 4.61381329120385 0.00455293973689075 0.0716685713468393 0.0407041697292087 0.99658720500893
1748445135.25059 0.332337836913664 -1.74574612572844 4.61559520287287 0.00397845538732255 0.0730752649967253 0.0414613241866434 0.996456289124154
1748445135.38358 0.333302555524659 -1.74677795151368 4.61871073907997 0.00319012371391025 0.0749084445782233 0.0424649960927818 0.99628071955067
1748445135.45029 0.333519685039256 -1.74772686100807 4.62029711803311 0.00255456202316734 0.0759388558456175 0.0431522361478877 0.99617500917317
1748445135.58356 0.334347339053881 -1.74912066344762 4.62328116128272 0.00347138628893029 0.078318546709104 0.0441145217184769 0.995945813632527
1748445135.65025 0.333605392760519 -1.75052713058607 4.62562428788159 0.00333419078449332 0.0798748483300488 0.0449486939445295 0.995785371798936
1748445135.78356 0.336330505071454 -1.75012596586949 4.62767819484261 0.00426906043284647 0.0811134975312129 0.045429339223106 0.995659856968747
1748445135.85025 0.33652567660985 -1.75066573413379 4.62931711545986 0.00428766228671973 0.0817957932916862 0.0451326208302727 0.995617451980875
1748445135.98342 0.33636415169272 -1.75060877906058 4.63306421209559 0.00539390715961285 0.0820201697011549 0.045296597509316 0.995586166929727
1748445136.05008 0.336575253601732 -1.75134266658146 4.63474694945714 0.00550375165324063 0.0825265421131117 0.0456059051292442 0.995529597742797
1748445136.18337 0.337412632057387 -1.752365108281 4.63784481871066 0.00601781304162435 0.0844623468292946 0.0459893322242462 0.995346612600782
1748445136.25003 0.337883007490375 -1.7528923722883 4.63934319294381 0.00585548725869805 0.0850989103114136 0.046095919294498 0.995288428023339
1748445136.38351 0.339085282650336 -1.75408421142562 4.64226137149174 0.00509304326473059 0.0859820643820962 0.046711853305816 0.995187996448728
1748445136.45023 0.339010682348542 -1.75468455094415 4.64403656357223 0.00527595938426084 0.0868927573276244 0.0472769378424208 0.995081255036403
1748445136.58352 0.339556200820034 -1.75557132435858 4.64712855043185 0.00418136631846011 0.0880829841729247 0.048339334312143 0.994930757808382
1748445136.65018 0.340308971754049 -1.75610682198641 4.64888864850406 0.00391635390288481 0.088658008308664 0.0488484948987655 0.99485589121288
1748445136.78353 0.341212946627903 -1.75716637380684 4.65185987005678 0.00326330796887164 0.0902024202904333 0.0493568268836554 0.994694313764196
1748445136.8502 0.340207180624512 -1.75772497258973 4.65476688078646 0.00287435148835136 0.0917336898248074 0.0503362512047678 0.994506375077253
1748445136.98351 0.339509541952298 -1.75856603691446 4.65663561052253 0.0027577331882277 0.0941120467844168 0.0505177545016684 0.9942752506413
1748445137.05018 0.33955062558489 -1.75916814466466 4.65851446063073 0.00185191117378836 0.0944930640143335 0.0509230145987192 0.994220537839752
1748445137.18352 0.34188602207824 -1.76024793822427 4.66223719564788 0.00146928045488798 0.0952033575586528 0.0525655590836812 0.99406791715794
1748445137.25018 0.342257729580876 -1.76075780055617 4.66359672866538 0.0020466342688209 0.0963939771266984 0.0533734518130743 0.993909093983662
1748445137.38352 0.342971983730902 -1.76162518492846 4.66643060423225 0.001233318581849 0.0981810402642281 0.0539555938640283 0.993704058635512
1748445137.45019 0.343152432694125 -1.76213405551785 4.66793820683868 0.00242310778059684 0.0987724380151858 0.0541970321998675 0.993630120184542
1748445137.58352 0.343856018955381 -1.76311329453297 4.67078609034796 -0.000699053643495651 0.0992585689418104 0.0562370698375868 0.993471006014624
1748445137.65021 0.344476354149547 -1.76359735576844 4.67216435694206 0.00104077014784248 0.100057050939644 0.0565067693939185 0.993375300864393
1748445137.78352 0.345136697965445 -1.76466795563132 4.67526648995702 0.000479202742602436 0.101083655450667 0.0575316644493241 0.993212954280779
1748445137.8501 0.345503392374356 -1.76512901011739 4.67665807042155 -0.000789329542871753 0.101344075105225 0.0587776712594951 0.993113256764429
1748445137.98334 0.346693168092175 -1.76608656100325 4.67960680129673 0.00157563987426279 0.102527075054974 0.0598455672635918 0.99292709919639
1748445138.05001 0.346940713615863 -1.76636451325375 4.68095816959527 0.00131507383260282 0.103573579664302 0.0600429453571416 0.992806944420302
1748445138.18331 0.347740344411048 -1.767370717997 4.68366796150637 0.0027782064181856 0.104827177143915 0.0598016153757277 0.992686915044008
1748445138.25016 0.348040220087948 -1.7679139461055 4.68518457524854 0.00238919913017355 0.104774252112614 0.0602403279810142 0.992666988826816
1748445138.38347 0.349023386263597 -1.76872897813256 4.68773651954162 1.60917103342317e-06 0.104349166702455 0.0614765553026339 0.992638849005033
1748445138.45014 0.34880022258835 -1.7693813771088 4.68932335229788 -0.000485233882423108 0.10478301882902 0.0620939897691784 0.992554592930637
1748445138.58362 0.349529442805861 -1.77025951204939 4.69198592631949 -0.000998532786450401 0.106608704032755 0.0632883590878435 0.992284319517697
1748445138.65014 0.349358662201177 -1.77074548312218 4.69324529267984 -0.000791575924443844 0.106918006493559 0.0637049566573944 0.992224567218671
1748445138.78352 0.349110702394738 -1.77178056566206 4.69569684222279 0.000842935148558766 0.105627656790023 0.0632561351428707 0.992391429300038
1748445138.85028 0.350032535386395 -1.77192224348363 4.69650084416358 0.00193667246521473 0.104536693454378 0.0627313251281741 0.992538719581786
1748445138.98348 0.350739494019967 -1.77271348794864 4.69861038986624 0.00304219019265794 0.10608433080471 0.0618184021197818 0.99242901257264
1748445139.05013 0.350969403700837 -1.77302614877004 4.69966970623563 0.00357060023844408 0.1065249998976 0.061844685137381 0.99237841075419
1748445139.18351 0.351177472432411 -1.77386383294486 4.70204744454656 0.00334799609132669 0.106163492922839 0.0616894838795778 0.992427584900413
1748445139.25013 0.351823537130487 -1.77410389823769 4.70284481434986 0.00306170905446335 0.106288788199797 0.0615801097568674 0.992421890892687
1748445139.38346 0.353094996277667 -1.77469120134074 4.70481608275956 0.00394424338842553 0.107016458484801 0.0610084765723275 0.992375879565695
1748445139.45013 0.353295035504438 -1.77515558028224 4.70589898823082 0.00325866976469702 0.107483346755403 0.0605998154104884 0.992352948105581
1748445139.58347 0.354057476380313 -1.77560305595986 4.70814885676889 0.000774233047252604 0.10763730143112 0.0609239751244836 0.992321460595732
1748445139.65014 0.353887250657887 -1.77603230022251 4.70941285041963 -0.00140948268859575 0.107554490573913 0.061594042701248 0.992288374828433
1748445139.78334 0.354582260809079 -1.77661432596816 4.71169640057502 -0.00560809455936634 0.106864599893335 0.0627728679563062 0.992274192758025
1748445139.84996 0.355231231577603 -1.77700345058145 4.71300015392391 -0.0119850311817187 0.106471684358024 0.0636782372314599 0.992202208000281
1748445139.98329 0.356899070982942 -1.7769602791427 4.71472877349733 -0.0204956825800648 0.108452440851783 0.062347094192748 0.991932878230472
1748445140.04994 0.357146317486191 -1.77728678373312 4.71596139832685 -0.0245011232603917 0.110581360490983 0.0602163441813363 0.991738599412354
1748445140.18326 0.357684982350849 -1.77801516935263 4.71818264757061 -0.0302854914117736 0.112441584466656 0.0600794785061358 0.991377897350453
1748445140.25009 0.358180428777867 -1.7780829056929 4.71910825374439 -0.0292290775806862 0.110915425028745 0.0610540549636819 0.99152197751082
1748445140.38354 0.358874275891124 -1.77858366528037 4.72093238366657 -0.0262482313102 0.110661348718799 0.0611946244969084 0.991625087513172
1748445140.45037 0.358823540848988 -1.77937539718936 4.7218224493115 -0.0238494038845638 0.111632021915047 0.0609475969317061 0.991592097611593
1748445140.58343 0.359219568835557 -1.77988300411529 4.72352610117586 -0.0167482372679801 0.113146585706276 0.0610699207950625 0.991558274366924
1748445140.65005 0.359995537091527 -1.77993751730389 4.72407884974854 -0.0136572567241004 0.113593405210198 0.0616980876060852 0.991515690050982
1748445140.78342 0.360053145363434 -1.78037576981089 4.72589055915128 -0.00745135583606199 0.116307297408677 0.0627288334130397 0.991202392715198
1748445140.85012 0.360798599323683 -1.78070122682394 4.7263167259003 -0.00464656303667449 0.119142011487283 0.0596527385326173 0.991072722526591
1748445140.98351 0.360546573100782 -1.78127613141648 4.72837655952087 -0.00147055524719841 0.123704166506907 0.0565528340077835 0.990705250627948
1748445141.11674 0.360998045824586 -1.781916991091 4.72971882750916 0.0011780108080795 0.124936624355003 0.0569013009469647 0.990531016241216
1748445141.18341 0.360320609619616 -1.78258402667288 4.73135974891649 0.000902747454622266 0.12523344866802 0.0595281690056644 0.990339419328838
1748445141.31674 0.360646055148406 -1.78310335386474 4.73330076960854 -0.000754509912361701 0.128530173228715 0.0595371643264517 0.989916537566958
1748445141.38343 0.361262868509174 -1.78274099427767 4.73404172410057 -0.000372420374989801 0.130670491850739 0.0587579570756815 0.989683073687149
1748445141.4501 0.361748523018289 -1.7834310282646 4.73414783850494 -0.00150106759701019 0.132388535627609 0.0586896439024705 0.989457704062709
1748445141.58342 0.362423829513078 -1.78408366557112 4.73555251575161 -0.00428140482550188 0.135386859948125 0.0584486731802683 0.989058046997027
1748445141.64987 0.362829809584922 -1.78400331706399 4.73645314359463 -0.00560323343071306 0.136523744947158 0.0577108452046618 0.988938486047786
1748445141.78322 0.363204340937837 -1.78436931727462 4.73758968865486 -0.00463033936994656 0.13863616751088 0.056712308328436 0.988707381938294
1748445141.91655 0.364012127410607 -1.78450559241242 4.73875757056864 -0.00576817204028973 0.13942295384865 0.0577089887005876 0.988533075195052
1748445141.98324 0.364517057910639 -1.78479343896938 4.73921545237741 -0.00493909818606769 0.140435968765334 0.0580394434601975 0.988374810984619
1748445142.04987 0.364783551965472 -1.78492891909074 4.7398643501212 -0.00636892037597742 0.141434966043138 0.0583816805251821 0.988204010623655
1748445142.18336 0.365192831429257 -1.78534850090523 4.74124818653857 -0.0109477885952756 0.143893975672496 0.0593577864681943 0.987750638003151
1748445142.31669 0.365630359365941 -1.78568327025975 4.7422048697275 -0.00749662373422644 0.14633188903411 0.0588175747599253 0.987456972117599
1748445142.38336 0.365807939114441 -1.78586413202007 4.74278277757916 -0.007195092605427 0.147273861195874 0.0586628400295907 0.987328370731096
1748445142.5167 0.366222890693513 -1.78612656881713 4.74378479506323 -0.00603172259442852 0.149008184453718 0.0583886161539919 0.987092168336864
1748445142.58337 0.366403302806834 -1.78629184706941 4.74429040625776 -0.00613801735187502 0.149357471979134 0.0580715388450564 0.987057428259956
1748445142.71668 0.366882242030312 -1.78671209416557 4.74530779530755 -0.00387467294372346 0.150863703328512 0.0599225445543667 0.986729151581991
1748445142.78336 0.367205466243205 -1.78694103852289 4.74578282884041 -0.00385719553993741 0.151984864180289 0.0607976669281569 0.98650360708857
1748445142.9167 0.367598222366619 -1.78721303518404 4.74696344264429 -0.00657000109818701 0.156298208478186 0.0606896547067632 0.985821723702442
1748445142.98336 0.367746987202127 -1.78743716516736 4.74761685966261 -0.00661146815800617 0.158293277188437 0.0601743398081555 0.985534664897381
1748445143.11669 0.36819738170885 -1.78775577376134 4.74881746979732 -0.00693472895337166 0.163852821325418 0.0604373946043516 0.984607273897305
1748445143.18337 0.368534942061519 -1.78810351837841 4.74943027816099 -0.00618704648059304 0.166701982144729 0.0609079412095699 0.984104868549321
1748445143.3167 0.369071559104641 -1.78847723794578 4.75095627688631 -0.0109208897381003 0.17214181502286 0.0621811052291381 0.983047018122962
1748445143.38336 0.369458353185268 -1.78868086635056 4.75141751616331 -0.00979796573808056 0.173651303146881 0.0625968240901758 0.982766942055241
1748445143.51674 0.368963675254485 -1.78925163639429 4.75368804116569 -0.00517554935769471 0.177778281099063 0.0644171297906042 0.981946296824755
1748445143.58316 0.370659926038094 -1.78946022397383 4.75322012760132 -0.0051928269114685 0.180043126239147 0.064752440378178 0.981511400192465
1748445143.71651 0.371358185391197 -1.79002380688011 4.75456921358674 0.000452969694519967 0.183914562474685 0.0646250333049028 0.980815392211267
1748445143.78349 0.371751564559186 -1.79030935300539 4.75533037073538 0.00103759081995197 0.184601456478721 0.0665131054499969 0.980559652685457
1748445143.91649 0.372601899292241 -1.79093570679708 4.75684375295712 0.00473433890603042 0.185230000928175 0.0689931700844918 0.9802588307549
1748445143.98317 0.373068456844586 -1.79120793161753 4.75773041480823 0.00478770937663447 0.18700007362172 0.0698688788355065 0.979860393155406
1748445144.11664 0.374049434737749 -1.79176041985712 4.75964908339484 0.00270747589575426 0.193680017107934 0.0704715788564453 0.978526686974261
1748445144.18334 0.374518871610139 -1.79206251708854 4.76056844151145 0.00275406012876583 0.196001690986922 0.0715908180360351 0.977982876668097
1748445144.31664 0.375528418008054 -1.79265977747087 4.76242040479681 0.00445118030096542 0.199700515667825 0.0730728603478734 0.977118338849759
1748445144.38331 0.376076849244685 -1.79293138069846 4.76339092351657 0.00210234133096443 0.201705134364023 0.0757021148134342 0.976514110878534
1748445144.51672 0.377031897766713 -1.7934433433857 4.76528736574531 0.00109376131215333 0.208318356063691 0.0779999286844583 0.974945268893763
1748445144.5834 0.377311820958327 -1.79370185635775 4.76647129143971 0.000263027226769852 0.21080016932332 0.0790735067331649 0.974325715540167
1748445144.71664 0.378545932012107 -1.7941745818822 4.76736781598426 -0.00234265464971684 0.212080033925516 0.0830921706818036 0.973710563951491
1748445144.78332 0.379045408442108 -1.7944403440547 4.76808598385843 -0.000692232858433783 0.213928562722707 0.0852082405378859 0.973125709561465
1748445144.91665 0.380068794348837 -1.7948889508643 4.76960933286274 -0.00189227647280926 0.221008585433038 0.0872508933098967 0.971359308428793
1748445144.98332 0.380501932227972 -1.79514227964648 4.77037601945782 -0.0016183518006404 0.223091154700026 0.0888157415704187 0.970741717287021
1748445145.11679 0.38143138530183 -1.79572136277728 4.77183305268549 0.00143418103929538 0.227836166678634 0.0898106665482729 0.969547661774339
1748445145.1833 0.38194453728653 -1.79595890836904 4.77249970977769 0.00283766439510819 0.229702345863525 0.0906544906119797 0.969025563799767
1748445145.31663 0.382372785873517 -1.79648484102644 4.77397487468969 0.00351660989110492 0.233869635861482 0.093468901453317 0.967758333127647
1748445145.3833 0.382912383528236 -1.79666244170726 4.77464008540701 0.0048233799805677 0.236614914644797 0.0937211361591684 0.967060735326501
1748445145.51647 0.383769434551894 -1.79718147989944 4.77592560738584 0.00577403305397245 0.241748787113522 0.0953184687055493 0.965628590087857
1748445145.5831 0.384677375144087 -1.79731015000025 4.77629787206371 0.00702624425410564 0.243351880310233 0.0954707085844815 0.965202485514585
1748445145.71644 0.385642783421768 -1.79778955278638 4.77759075091371 0.00594520085531747 0.246654393919304 0.0972247303977015 0.964195839208086
1748445145.78311 0.386126121239142 -1.79793620190401 4.77827725190803 0.00429808070705873 0.249380945656769 0.0987856027303341 0.9633442142551
1748445145.91644 0.387073811736825 -1.79838282311162 4.77950555187085 0.00548574092008008 0.25465086908851 0.099920386031994 0.961841337214326
1748445145.98311 0.387573699133434 -1.7985527380887 4.78015876145698 0.00418606433324303 0.25721970489667 0.102028653506661 0.960942586288008
1748445146.11661 0.38858588701112 -1.79897335579563 4.78144013520068 0.00334216790449493 0.266251364000718 0.102703546296695 0.9584106753681
1748445146.18322 0.389075633748615 -1.79919892176418 4.78211276972067 0.00215455405720227 0.269105190867057 0.103415359642097 0.957540086646672
1748445146.3166 0.390210878942889 -1.79950545865929 4.78356499783262 -0.00259305534427989 0.272790078610908 0.106847077294495 0.956118481752686
1748445146.38325 0.390805057248381 -1.79975121823631 4.78418161472261 -0.00328998415158149 0.275489484579806 0.109610757571438 0.955028900984075
1748445146.51665 0.391749085225385 -1.80017233169477 4.78519964572234 -0.0011160533955486 0.281352879439178 0.112399526030698 0.952998246695227
1748445146.58325 0.392232003133969 -1.80040100773196 4.78569463008966 0.00184076045861942 0.283528508134034 0.113192297364806 0.95225821104021
1748445146.71661 0.393313537982439 -1.80077757317897 4.78683706504331 0.00179583734274763 0.281892623332382 0.117314803303245 0.95224501091103
1748445146.78325 0.393892071147737 -1.80096898091418 4.78743169661578 0.00257730023147501 0.282900006907957 0.119651540699351 0.951653535916967
1748445146.91659 0.394983886392786 -1.80137336618967 4.78866316805438 0.00200309743527166 0.290144069748346 0.121511283497341 0.949235173375576
1748445146.98329 0.395362975288989 -1.80159474921554 4.78922086226185 0.00295031203708002 0.292307752088962 0.124321541967649 0.948204423070452
1748445147.11659 0.396555951759768 -1.80197158901502 4.79034208083779 0.00615237014712366 0.295706029745382 0.126980594402547 0.946781928935577
1748445147.18324 0.396529804515865 -1.80219833917671 4.79083419764869 0.00678510995377091 0.298090596466075 0.126886997141855 0.946042096599162
1748445147.31658 0.398387684295025 -1.80252966753503 4.79210280833703 0.00509120078634506 0.30517421932487 0.129595838361444 0.943423390749564
1748445147.38356 0.398902607555394 -1.8027074686209 4.79270919268167 0.00429462546767789 0.308620680805344 0.128770814047931 0.942418648489498
1748445147.51642 0.400034470953215 -1.80303693546269 4.79376921267922 0.00408153267952449 0.312303071254157 0.131565766949526 0.940819101497833
1748445147.58305 0.400615243184888 -1.80318078042823 4.79425908297255 0.00428165173812822 0.315269197807966 0.133972996932259 0.939488284368094
1748445147.7164 0.401742406500273 -1.80351522805071 4.79530337570207 0.00190742508380365 0.320707281031211 0.136281487696448 0.937320947026343
1748445147.78319 0.402242564143815 -1.80363161907103 4.79587517109549 0.00103551324361656 0.322667740881863 0.137609635617903 0.936455041575208
1748445147.91639 0.403413713796166 -1.80389685746861 4.79693101703529 -0.000631962779326256 0.326479358182155 0.141862424364422 0.934497662842161
1748445147.9832 0.403940062574146 -1.80407981485378 4.79739109201417 -0.0010820913845811 0.327631531833789 0.143894744708865 0.933783010592745
1748445148.11654 0.405209965138872 -1.80434331147036 4.79826591591854 0.00152810126538055 0.333222059846212 0.146633799261082 0.931374925930815
1748445148.18319 0.405740586926528 -1.80451311893961 4.79873630003208 0.00125654181675827 0.335717506942096 0.147368513067173 0.930362670140852
1748445148.31667 0.406763631303568 -1.80478154635098 4.79968307833436 0.000726296033034479 0.338694333211211 0.148808031315213 0.929054245434989
1748445148.38321 0.407313023705226 -1.80491935837801 4.80010692391343 0.000636402296372795 0.341698994819029 0.149289209675841 0.927876136025787
1748445148.51654 0.408375334959651 -1.80521468002958 4.80087590016234 0.00135562879197731 0.348906500668231 0.152146357038275 0.924723689597066
1748445148.58319 0.408837320865593 -1.80532603505636 4.80124435977539 0.00115347620143291 0.351852928404076 0.151615036736119 0.92369424968527
1748445148.71654 0.409705453917597 -1.80560879503264 4.80179086920085 0.00616050009937757 0.356594818437141 0.153286428411699 0.921577698605545
1748445148.78317 0.41018200067893 -1.80569001408286 4.8020834783503 0.00771496096526536 0.359291870150995 0.154653605627049 0.920289135917217
1748445148.91654 0.411168663530297 -1.80599945771942 4.80276433684255 0.00941526434151663 0.365226293691088 0.15387882322603 0.918064493898235
1748445148.9833 0.411654900569867 -1.8061255956418 4.80312614684769 0.0114991451748859 0.367947045144685 0.15431303674342 0.916880705610368
1748445149.11654 0.412757641296703 -1.80634918648293 4.80392856434395 0.010803706237716 0.371865456135806 0.156083822959782 0.915006668103953
1748445149.18321 0.413367399522188 -1.8064360022855 4.80436098484535 0.00963200659556946 0.372729128514206 0.15837558189041 0.914274245654365
1748445149.31678 0.413909701571187 -1.80679726629163 4.80505322583488 0.0081765409094755 0.376501379574599 0.15811464397251 0.912786730139426
1748445149.38303 0.415037518962522 -1.80682538035629 4.80571476200281 0.0079708624176606 0.378232516548676 0.158697490348909 0.91197134567624
1748445149.51653 0.416261047963256 -1.80703707542072 4.80661970568474 0.00653068396680123 0.379877338525136 0.160980994722234 0.910898280369562
1748445149.58302 0.416839093439249 -1.80713591404791 4.80706361545892 0.00505017550455922 0.380405206856362 0.161215480949078 0.91064589332314
1748445149.71654 0.417795536766706 -1.80723031143402 4.80794457435366 -0.000907491795302917 0.383667395728043 0.162294222516468 0.909097954706575
1748445149.783 0.418185511438402 -1.80735674503234 4.8082463182209 0.000250281020801546 0.385958099018764 0.162177040266532 0.908149156676159
1748445149.91656 0.418946760676935 -1.80747263199539 4.8087241656295 0.000531691200447049 0.388568275307422 0.162750608231758 0.906932551102493
1748445149.98316 0.419325422920293 -1.80756088058145 4.80896649145462 0.000304643932094784 0.389758242845778 0.163248617251336 0.906332338765077
1748445150.11657 0.420105855837179 -1.80763891235853 4.8095623172334 -0.00328463685226082 0.394004209659131 0.165115736970443 0.904149704051459
1748445150.18319 0.420493087405282 -1.80771464377822 4.80983215213839 -0.00379105205678576 0.39680954356125 0.165084502603428 0.90292575611907
1748445150.31649 0.421282851640413 -1.8078690090599 4.81036645829201 -0.00717254292527969 0.400308953929177 0.166315711021794 0.901132831662141
1748445150.38316 0.421667343870231 -1.80794343997157 4.81061389052793 -0.00653693054878962 0.401714421443008 0.166333696930938 0.900508685915353
1748445150.51649 0.422495730961968 -1.80812007118703 4.81113181809611 -0.005974181730169 0.404331465980626 0.16695158637132 0.899226079792347
1748445150.58314 0.422947092217186 -1.80814657228565 4.81145511345055 -0.0080598486653522 0.405244805688418 0.168279934295793 0.898550805472597
1748445150.71647 0.423800593451234 -1.80826847245461 4.81200685528871 -0.0108834094004436 0.408347829909947 0.170171337790224 0.896758226615371
1748445150.78314 0.424201297710356 -1.80832462986836 4.81225312490053 -0.0105540546724156 0.409507099560498 0.17106110575447 0.896063973964794
1748445150.9165 0.424939652961101 -1.80845114477237 4.81265914586083 -0.00931783185085549 0.411663671138038 0.172313298929013 0.894848773194082
1748445150.98318 0.425268053620851 -1.80852645920931 4.81280902487745 -0.00760801571624375 0.413569443927149 0.172697839567681 0.893911566853962
1748445151.1165 0.425898889831613 -1.80863906394935 4.81316865960071 -0.00692132160716419 0.416753162809172 0.17261611169463 0.892453121782421
1748445151.18318 0.426208537373052 -1.80871959617837 4.81336759230742 -0.00682298909298407 0.417859610203277 0.172522056814981 0.89195455763897
1748445151.31631 0.426821440984163 -1.80881538544288 4.81379208448474 -0.00635626678583839 0.419650760624186 0.171758416792919 0.891264205071021
1748445151.38295 0.427148899648325 -1.808890991612 4.81396698764331 -0.00519954725531446 0.420159325599369 0.172293255659212 0.89092880741088
1748445151.51628 0.427903816109944 -1.80898410125786 4.81439772146137 -0.0058114366572764 0.422419854193486 0.173313511597057 0.889657305193988
1748445151.58295 0.428295144820547 -1.80901545269259 4.81466543945942 -0.00636589349883471 0.424694157458173 0.173199654972088 0.888592272945474
1748445151.7163 0.429102513821045 -1.80909575858006 4.81515841945188 -0.00838263142877843 0.428362728942082 0.175659677268187 0.886328822574138
1748445151.78297 0.429479898711648 -1.80909608445034 4.81535297694159 -0.00971159566029239 0.429671627945998 0.17678125564237 0.885458279481012
1748445151.91645 0.430061389669464 -1.80920021433146 4.81568268592608 -0.00896895068440762 0.430570723502866 0.176248042930537 0.885135603932524
1748445151.98311 0.43031969211058 -1.80924547839463 4.81589652846903 -0.00929530724668548 0.430863330364495 0.175253180714885 0.885187387200994
1748445152.11644 0.430944060007855 -1.80929986267515 4.81629564469995 -0.0105739944847839 0.433390500921816 0.17573763684243 0.883842263839205
1748445152.18321 0.431270713019947 -1.80935557979768 4.81643528868607 -0.00956020906084237 0.435221899091617 0.176353273791793 0.882830688057861
1748445152.31644 0.431899718483837 -1.8094246981746 4.81675933370176 -0.00948430176928822 0.437093395714616 0.176855348618437 0.881805872688352
1748445152.3831 0.432195192867672 -1.80946792084789 4.81692652338052 -0.00967859678022798 0.437860507215354 0.177231252892115 0.881347595437674
1748445152.51644 0.432783094262172 -1.80961332990654 4.81719867053965 -0.00741288077142055 0.439631831257812 0.177659628652795 0.880401021404747
1748445152.58312 0.433136425486491 -1.80962210642551 4.81736950084383 -0.00846147944893344 0.440468048056444 0.178723260084234 0.879758090790727
1748445152.71651 0.433867803770159 -1.80964209269519 4.81769287719369 -0.0100254741452785 0.4435957392663 0.182118622652073 0.877470864049775
1748445152.78311 0.43417884012254 -1.80966958673698 4.81784365073834 -0.0105120854920796 0.445588305045427 0.182599106977793 0.876355022006643
1748445152.91644 0.434745069919949 -1.80975321112564 4.81807749552647 -0.00969608526403676 0.448218900314111 0.184315007771005 0.874662095464378
1748445152.9831 0.435030858289605 -1.80977215657158 4.81818862359336 -0.00960657931755515 0.449372580680872 0.185242165411873 0.873874898094429
1748445153.11644 0.435583857161677 -1.80983601378713 4.81844445995413 -0.00950078055565151 0.451522497974937 0.186141211831108 0.872575852433101
1748445153.18311 0.435858109152283 -1.80988274406006 4.8185950515661 -0.00889267214493977 0.451761577895281 0.186178974019484 0.872450449454146
1748445153.31623 0.436474315391607 -1.80991268387515 4.81885589104764 -0.00906629702471284 0.452985606353457 0.188485676840993 0.871317962813027
1748445153.38294 0.436792486430784 -1.80995365955482 4.81893721442319 -0.00804968988850563 0.454683491935493 0.18979400311294 0.870158813686565
1748445153.51624 0.437473196872762 -1.80996569852551 4.81913508316309 -0.00795748942896329 0.459105844089418 0.192777888077812 0.867176561118432
1748445153.58309 0.437828062293325 -1.80999639972468 4.81925060464109 -0.00764220867658494 0.461850050441171 0.193452111314638 0.86557056799659
1748445153.71626 0.438647637682163 -1.80996602775327 4.81956508004702 -0.0101440514437067 0.465400635856499 0.197969908277312 0.86261652069813
1748445153.78293 0.439041655836288 -1.80997285450139 4.81973703456686 -0.0114821999451016 0.466609864797116 0.19944024810933 0.861607207834595
1748445153.91644 0.43976901584918 -1.81001210089852 4.81999417941992 -0.0103323408830113 0.471053818736721 0.201472194441463 0.858726089886858
