EF-marginalizeFrame 0.000137503 6.70563e-09 0.00142651 1937
FullSystem::trackNewCoarseNoIMU 0.00289081 2.28502e-06 0.0278328 6813
FullSystemOptimize 0.216845 0.000604156 0.483975 1943
IMUInitAddPose 1.7963e-05 -nan 1.7963e-05 1
InitializerFirstFrame 0.0315715 -nan 0.0315715 1
InitializerOtherFrames 0.034842 0.00036092 0.10831 143
VisualMarginalization 3.72524e-05 5.3898e-10 0.000613838 1937
activatePointsMT 0.00538039 7.2109e-06 0.023436 1943
addActiveFrame 0.0743407 0.0111546 0.609953 6957
afterCoarseTracking 3.85779e-07 1.63733e-11 0.000245749 6813
baIteration 0.0339525 8.11646e-05 0.134942 11676
coarseTrackingIteration 0.000234924 8.57379e-08 0.00777027 50422
debugPlot 1.20729e-07 5.51085e-15 7.71e-07 1943
debugPlotIDepthMap 7.67606e-07 2.33389e-10 0.00067378 1943
debugPlotIDepthMapFloat 4.32208e-08 4.63315e-16 3.1e-07 1943
deliverTrackedFrame 0.0708625 0.011347 0.497995 6814
flagFramesForMarginalization 2.3372e-06 2.35325e-11 0.000164356 1943
fullCoarseTracking 0.00290043 2.28926e-06 0.027839 6813
initObjectsAndMakeImage 0.0013668 2.75925e-07 0.00762577 6957
makeKeyframe 0.238176 0.000612418 0.497987 1943
makeKeyframeChangeTrackingRef 0.00216718 2.7997e-07 0.00541402 1943
makeNewTraces 0.00387208 5.66122e-07 0.00877625 1943
makeNonKeyframe 0.00408651 2.30992e-06 0.010455 4871
marginalizeAndRemovePoints 0.00386015 1.37673e-06 0.0110157 1943
marginalizeFrame 0.0017475 2.16477e-07 0.0056508 1937
marginalizeFrameOverhead 0.00160656 1.78882e-07 0.00542626 1937
marginalizeFrames 0.00174324 2.58334e-07 0.00587898 1943
newFrameAndNewResidualsForOldPoints 0.00103642 9.28435e-08 0.0036952 1943
printEigenValLine 1.81013e-07 1.38588e-13 1.6481e-05 1943
printLogLine 0.000197142 1.27902e-07 0.00355665 1943
publishInMakeKeyframe 1.98682e-07 9.99402e-15 2.685e-06 1943
removeOutliers 0.0001778 7.93333e-09 0.0019225 1943
swapTrackingRef 7.38411e-07 2.06471e-11 0.000160289 1943
timeMeasurement 1.87872e-06 1.82441e-10 0.000797912 6957
traceNewCoarse 0.00368342 2.15014e-06 0.0104397 6814
zero 1.64793e-07 1.31095e-14 2.385e-06 6957
