1585067811.180926 16.062913 0.723166
1585067811.444927 16.100208 0.545614
1585067811.708927 16.119011 0.432535
1585067811.972928 16.126856 0.364855
1585067812.203928 16.133657 0.319834
1585067812.401929 16.152680 0.286423
1585067812.599929 16.141064 0.256667
1585067812.830930 16.145368 0.226584
1585067813.028931 16.161397 0.208962
1585067813.259931 16.189301 0.186265
1585067813.457932 16.186190 0.171531
1585067813.655932 16.179156 0.158903
1585067813.886932 16.194835 0.145206
1585067814.051933 16.201638 0.135922
1585067814.249933 16.208625 0.125994
1585067814.414934 16.213001 0.119957
1585067814.579934 16.221226 0.114367
1585067814.711935 16.226021 0.110337
1585067814.843935 16.232209 0.106450
1585067814.975935 16.232892 0.103698
1585067815.107935 16.235067 0.101134
1585067815.239936 16.226107 0.099044
1585067815.404936 16.236004 0.097122
1585067815.569937 16.252713 0.094751
1585067815.701937 16.265720 0.092331
1585067815.866937 16.287178 0.089732
1585067815.998938 16.299230 0.087884
1585067816.163938 16.299598 0.085983
1585067816.328938 16.288497 0.083850
1585067816.493939 16.285954 0.082235
1585067816.691939 16.283615 0.080271
1585067816.889940 16.290349 0.078706
1585067817.054940 16.301037 0.077123
1585067817.252941 16.314218 0.075514
1585067817.417941 16.342256 0.074282
1585067817.582941 16.352940 0.072817
1585067817.780942 16.362623 0.071430
1585067817.912942 16.374983 0.070126
1585067818.044942 16.397507 0.068836
1585067818.209943 16.392287 0.067030
1585067818.341943 16.376980 0.065503
1585067818.473943 16.367702 0.064470
1585067818.638944 16.362141 0.062980
1585067818.770944 16.347018 0.061660
1585067818.902945 16.345007 0.060552
1585067819.034945 16.351096 0.059362
1585067819.133945 16.360951 0.058694
1585067819.265945 16.352321 0.057524
1585067819.397946 16.341891 0.056904
1585067819.529946 16.330922 0.056153
1585067819.661946 16.325651 0.055432
1585067819.793947 16.320678 0.054735
1585067819.925947 16.325325 0.054018
1585067820.057947 16.325231 0.053200
1585067820.222948 16.323529 0.052300
1585067820.354948 16.309783 0.051680
1585067820.519948 16.305885 0.050892
1585067820.684949 16.298935 0.050119
1585067820.849949 16.303808 0.049473
1585067820.981949 16.293147 0.048934
1585067821.113950 16.281298 0.048547
1585067821.278950 16.278743 0.048002
1585067821.410950 16.285379 0.047543
1585067821.542951 16.285794 0.047110
1585067821.707951 16.307199 0.046597
1585067821.872952 16.320880 0.046290
1585067822.004952 16.309719 0.045961
1585067822.136952 16.277593 0.045649
1585067822.268953 16.267671 0.045160
1585067822.400953 16.269647 0.044728
1585067822.532953 16.277457 0.044259
1585067822.697953 16.289019 0.044077
1585067822.862954 16.290242 0.043728
1585067823.027954 16.275937 0.043454
1585067823.192955 16.255353 0.043184
1585067823.324955 16.252486 0.042906
1585067823.456955 16.256981 0.042708
1585067823.588956 16.269957 0.042508
1585067823.720956 16.276371 0.042266
1585067823.819956 16.293740 0.042181
1585067823.951957 16.284038 0.042354
1585067824.083957 16.282958 0.042286
1585067824.215957 16.285653 0.042127
1585067824.380957 16.288207 0.041939
1585067824.512958 16.282186 0.041857
1585067824.611958 16.284704 0.041738
1585067824.743958 16.281810 0.041568
1585067824.974959 16.278657 0.041216
1585067825.139959 16.281561 0.040911
1585067825.337960 16.290424 0.040533
1585067825.502960 16.284809 0.040123
1585067825.667961 16.283426 0.039672
1585067825.832961 16.271903 0.038971
1585067825.997961 16.259632 0.038062
1585067826.162962 16.313097 0.037672
1585067826.327962 16.325130 0.037004
1585067826.459962 16.292030 0.036202
1585067826.591963 16.291158 0.035426
1585067826.723963 16.299766 0.034611
1585067826.855963 16.302193 0.033796
1585067826.987964 16.284629 0.033060
1585067827.119964 16.249689 0.032266
1585067827.251964 16.256077 0.031522
1585067827.383965 16.257913 0.030886
1585067827.515965 16.262102 0.030338
1585067827.614965 16.269774 0.029951
1585067827.713965 16.281430 0.029810
1585067827.878966 16.296251 0.029269
1585067828.043966 16.305615 0.028777
1585067828.208967 16.301914 0.028374
1585067828.373967 16.292391 0.027967
1585067828.538967 16.313473 0.027529
1585067828.670968 16.314154 0.027323
1585067828.835968 16.306361 0.027027
1585067829.000968 16.313343 0.026775
1585067829.198969 16.335428 0.026539
1585067829.363969 16.313266 0.026549
1585067829.528970 16.316667 0.026361
1585067829.693970 16.324766 0.026213
1585067829.825970 16.329057 0.026149
1585067829.990971 16.326902 0.025997
1585067830.122971 16.317685 0.025888
1585067830.287971 16.298607 0.025666
1585067830.419972 16.318855 0.025597
1585067830.584972 16.304135 0.025447
1585067830.716972 16.318873 0.025331
1585067830.848973 16.331174 0.025323
1585067830.947973 16.335517 0.025319
1585067831.046973 16.332827 0.025312
1585067831.145973 16.321850 0.025301
1585067831.277974 16.316497 0.025360
1585067831.442974 16.322456 0.025341
1585067831.607974 16.342495 0.025316
1585067831.772975 16.349069 0.025326
1585067831.970975 16.319966 0.025315
1585067832.201976 16.317421 0.025307
1585067832.399976 16.319985 0.025313
1585067832.630977 16.318272 0.025315
1585067832.828977 16.319247 0.025286
1585067833.026978 16.322936 0.025267
1585067833.224978 16.315678 0.025254
1585067833.422979 16.318749 0.025221
1585067833.587979 16.333294 0.025234
1585067833.719980 16.337313 0.025216
1585067833.851980 16.339471 0.025165
1585067833.983980 16.338604 0.025204
1585067834.082980 16.337525 0.025129
1585067834.214981 16.339042 0.025193
1585067834.313981 16.341364 0.025177
1585067834.412981 16.342346 0.025203
1585067834.511981 16.338413 0.025189
1585067834.610982 16.337102 0.025099
1585067834.709982 16.327951 0.025158
1585067834.841982 16.330982 0.025150
1585067834.973983 16.336697 0.025203
1585067835.105983 16.339406 0.025192
1585067835.204983 16.340336 0.025166
1585067835.303983 16.343708 0.025143
1585067835.369983 16.343593 0.025134
1585067835.468984 16.344228 0.025135
1585067835.567984 16.346595 0.025131
1585067835.699984 16.351175 0.025105
1585067835.831985 16.347826 0.025083
1585067835.930985 16.343943 0.025054
1585067836.029985 16.342346 0.025057
1585067836.095985 16.340925 0.024669
1585067836.161985 16.340538 0.024732
1585067836.227985 16.342252 0.024790
1585067836.293986 16.349605 0.024798
1585067836.359986 16.349146 0.024868
1585067836.425986 16.347372 0.024982
1585067836.491986 16.340966 0.025026
1585067836.557986 16.341101 0.025001
1585067836.623986 16.345694 0.024924
1585067836.689986 16.348535 0.024900
1585067836.755987 16.349930 0.024942
1585067836.821987 16.352680 0.024909
1585067836.887987 16.344239 0.024740
1585067836.953987 16.343590 0.024868
1585067837.052987 16.351311 0.024859
1585067837.118988 16.352411 0.024980
1585067837.184988 16.355161 0.024686
1585067837.250988 16.351144 0.024787
1585067837.349988 16.350617 0.024851
1585067837.415988 16.352748 0.024909
1585067837.481989 16.353400 0.024940
1585067837.580989 16.356746 0.024897
1585067837.679989 16.364374 0.024873
1585067837.811989 16.366291 0.024800
1585067837.910990 16.364472 0.024760
1585067838.042990 16.368319 0.024697
1585067838.141990 16.370941 0.024639
1585067838.240990 16.373237 0.024600
1585067838.339991 16.371058 0.024562
1585067838.438991 16.369598 0.024537
1585067838.570991 16.372651 0.024549
1585067838.702991 16.373890 0.024517
1585067838.834992 16.374370 0.024509
1585067838.933992 16.373565 0.024493
1585067839.032992 16.376069 0.024431
1585067839.131992 16.379248 0.024453
1585067839.230993 16.382037 0.024442
1585067839.362993 16.388563 0.024430
1585067839.527993 16.399502 0.024443
1585067839.659994 16.400446 0.024367
1585067839.791994 16.407895 0.024381
1585067839.890994 16.409054 0.024368
1585067839.989995 16.410780 0.024385
1585067840.088995 16.414030 0.024374
1585067840.187995 16.418588 0.024370
1585067840.286995 16.421681 0.024343
1585067840.385995 16.421249 0.024351
1585067840.550996 16.432020 0.024336
1585067840.715996 16.432176 0.024312
1585067840.847996 16.436385 0.024309
1585067840.979997 16.435611 0.024290
1585067841.111997 16.436544 0.024179
1585067841.243997 16.436082 0.024127
1585067841.342998 16.433420 0.024181
1585067841.441998 16.436221 0.024190
1585067841.573998 16.441047 0.024169
1585067841.705999 16.442333 0.024125
1585067841.804999 16.441876 0.024100
1585067841.936999 16.434610 0.024125
1585067842.069000 16.433803 0.023967
1585067842.201000 16.434004 0.024005
1585067842.300000 16.430897 0.024005
1585067842.432000 16.428322 0.024019
1585067842.564001 16.427433 0.023959
1585067842.696001 16.429181 0.023925
1585067842.795001 16.434437 0.023877
1585067842.927001 16.436465 0.023903
1585067843.059002 16.438432 0.023851
1585067843.191002 16.437123 0.023738
1585067843.323002 16.440926 0.023671
1585067843.422003 16.440278 0.023581
1585067843.521003 16.441598 0.023528
1585067843.620003 16.451691 0.023443
1585067843.719003 16.456356 0.023384
1585067843.818003 16.466252 0.023284
1585067843.917004 16.475785 0.023199
1585067843.983004 16.481874 0.023138
1585067844.049004 16.483767 0.023037
1585067844.115004 16.484658 0.022968
1585067844.181005 16.486744 0.022903
1585067844.247005 16.488573 0.022792
1585067844.313005 16.493702 0.022725
1585067844.379005 16.503388 0.022624
1585067844.511005 16.512238 0.022454
1585067844.610006 16.518526 0.022243
1585067844.742006 16.517611 0.022021
1585067844.907006 16.525479 0.021679
1585067845.039006 16.542378 0.021396
1585067845.171007 16.536607 0.021123
1585067845.303007 16.554924 0.020839
1585067845.468007 16.586200 0.020451
1585067845.633008 16.619017 0.020011
1585067845.831008 16.682950 0.019383
1585067845.996009 16.717162 0.019009
1585067846.260009 16.762940 0.018339
1585067846.491010 16.798866 0.017677
1585067846.689010 16.836836 0.017185
1585067846.887011 16.875272 0.016711
1585067847.085011 16.898461 0.016266
1585067847.316012 16.915996 0.015848
1585067847.646013 16.945268 0.015395
1585067848.174014 16.988521 0.014797
1585067856.886034 17.004645 0.014693
1585067883.418097 17.005534 0.014694
1585067883.880099 16.998942 0.014705
1585067884.045099 17.001430 0.014692
1585067884.276100 16.998822 0.014699
1585067884.507100 16.998221 0.014698
1585067884.804101 16.999139 0.014679
1585067885.068101 16.998552 0.014662
1585067885.695103 16.995894 0.014637
1585067886.124104 16.991997 0.014591
1585067886.454105 16.993257 0.014533
1585067886.784106 16.981124 0.014460
1585067887.147106 16.973604 0.014392
1585067887.543107 16.963846 0.014331
1585067887.972108 16.952999 0.014242
1585067888.368109 16.943963 0.014205
1585067888.731110 16.933886 0.014157
1585067889.028111 16.930041 0.014122
1585067889.259111 16.922052 0.014081
1585067889.490112 16.912942 0.014090
1585067889.688112 16.906256 0.014040
1585067889.886113 16.892184 0.014014
1585067890.084113 16.885163 0.014006
1585067890.282114 16.883189 0.014012
1585067890.480114 16.875600 0.013999
1585067890.678115 16.874957 0.014007
1585067890.876115 16.870488 0.013981
1585067891.041115 16.868702 0.013945
1585067891.206116 16.864482 0.013944
1585067891.371116 16.869794 0.013937
1585067891.503117 16.868199 0.013833
1585067891.635117 16.871120 0.013894
1585067891.767117 16.871247 0.013885
1585067891.899117 16.871061 0.013835
1585067892.031118 16.869010 0.013865
1585067892.163118 16.868165 0.013850
1585067892.295118 16.868613 0.013805
1585067892.427119 16.870746 0.013810
1585067892.592119 16.873885 0.013795
1585067892.724120 16.869766 0.013716
1585067892.856120 16.869261 0.013751
1585067892.988120 16.871884 0.013727
1585067893.153121 16.875871 0.013684
1585067893.285121 16.875109 0.013682
1585067893.417121 16.875695 0.013637
1585067893.549122 16.876525 0.013628
1585067893.681122 16.881041 0.013594
1585067893.813122 16.881113 0.013590
1585067893.945122 16.880444 0.013569
1585067894.077123 16.881899 0.013544
1585067894.242123 16.879539 0.013516
1585067894.374124 16.878352 0.013499
1585067894.539124 16.876298 0.013471
1585067894.572124 16.875687 0.013448
1585067894.737124 16.876213 0.013442
1585067894.935125 16.876923 0.013423
1585067895.100125 16.878657 0.013407
1585067895.265126 16.878357 0.013395
1585067895.430126 16.876694 0.013353
1585067895.595126 16.880353 0.013355
1585067895.760127 16.877286 0.013337
1585067895.925127 16.878759 0.013336
1585067896.090127 16.876495 0.013299
1585067896.255128 16.872199 0.013286
1585067896.420128 16.870888 0.013306
1585067896.585129 16.870954 0.013296
1585067896.750129 16.870347 0.013258
1585067896.882129 16.868835 0.013282
1585067897.047130 16.868783 0.013270
1585067897.212130 16.867790 0.013244
1585067897.377131 16.866945 0.013238
1585067897.542131 16.865969 0.013246
1585067897.707131 16.865797 0.013234
1585067897.872132 16.864920 0.013217
1585067898.037132 16.864772 0.013210
1585067898.169132 16.863603 0.013202
1585067898.301133 16.862625 0.013203
1585067898.433133 16.861348 0.013186
1585067898.532133 16.860884 0.013149
1585067898.631134 16.860121 0.013144
1585067898.730134 16.858914 0.013177
1585067898.862134 16.858748 0.013176
1585067898.994134 16.859705 0.013173
1585067899.126135 16.858595 0.013106
1585067899.225135 16.856982 0.013134
1585067899.324135 16.855441 0.013147
1585067899.423136 16.855444 0.013130
1585067899.522135 16.853789 0.013138
1585067899.621136 16.854366 0.013145
1585067899.687136 16.854674 0.013132
1585067899.786136 16.854009 0.013125
1585067899.918137 16.853261 0.013104
1585067900.017137 16.851949 0.013097
1585067900.116137 16.851337 0.013132
1585067900.215137 16.850827 0.013119
1585067900.314138 16.850442 0.013131
1585067900.413138 16.849500 0.013106
1585067900.512138 16.850419 0.013116
1585067900.611138 16.847217 0.013091
1585067900.710138 16.846384 0.013102
1585067900.809139 16.845803 0.013116
1585067900.908139 16.844570 0.013111
1585067901.007139 16.843569 0.013110
1585067901.106139 16.843602 0.013113
1585067901.205140 16.844283 0.013097
1585067901.304140 16.844151 0.013039
1585067901.403140 16.843442 0.013095
1585067901.502141 16.844136 0.013095
1585067901.601140 16.843348 0.013093
1585067901.733141 16.842604 0.013085
1585067901.865141 16.841678 0.013092
1585067901.964141 16.842335 0.013072
1585067902.063142 16.842560 0.013052
1585067902.162142 16.843169 0.013084
1585067902.261142 16.842119 0.013045
1585067902.360142 16.841219 0.013051
1585067902.459143 16.838617 0.013074
1585067902.558143 16.839256 0.013077
1585067902.657143 16.839102 0.013048
1585067902.756143 16.838685 0.013072
1585067902.888144 16.839073 0.013008
1585067902.987144 16.838956 0.013055
1585067903.086144 16.840096 0.013060
1585067903.185144 16.840418 0.013064
1585067903.284145 16.839191 0.013055
1585067903.383145 16.837634 0.013044
1585067903.515145 16.835382 0.013042
1585067903.680146 16.832098 0.013045
1585067903.812146 16.831290 0.013035
1585067903.944146 16.831881 0.013043
1585067904.076146 16.832232 0.013045
1585067904.208147 16.830349 0.013052
1585067904.340147 16.830386 0.013041
1585067904.472147 16.829965 0.013036
1585067904.604148 16.829290 0.013039
1585067904.736148 16.828685 0.013024
1585067904.868148 16.830962 0.013033
1585067905.000149 16.830762 0.013033
1585067905.132149 16.830095 0.013034
1585067905.231149 16.828836 0.013025
1585067905.330149 16.828306 0.013035
1585067905.429150 16.828091 0.013010
1585067905.528150 16.828954 0.013019
1585067905.594150 16.827564 0.012968
1585067905.693150 16.826547 0.013012
1585067905.792150 16.825850 0.013023
1585067905.891151 16.825634 0.012994
1585067905.990151 16.825409 0.013001
1585067906.155151 16.823725 0.013025
1585067906.287152 16.822114 0.013014
1585067906.419152 16.822776 0.013023
1585067906.584152 16.824581 0.013011
1585067906.749153 16.825476 0.013011
1585067906.914153 16.825917 0.013006
1585067907.079154 16.826422 0.012996
1585067907.211154 16.823519 0.013005
1585067907.343154 16.822615 0.013007
1585067907.475154 16.821287 0.013007
1585067907.607155 16.820791 0.013001
1585067907.706155 16.821152 0.012994
1585067907.838155 16.823637 0.012991
1585067907.937155 16.825823 0.012998
1585067908.036156 16.824478 0.013002
1585067908.135156 16.824519 0.012975
1585067908.234156 16.823785 0.012994
1585067908.300156 16.821501 0.012989
1585067908.366157 16.821100 0.012906
1585067908.432157 16.822033 0.012984
1585067908.498157 16.823392 0.012982
1585067908.597157 16.823132 0.012991
1585067908.663157 16.824115 0.012989
1585067908.729157 16.823468 0.012967
1585067908.795157 16.822051 0.012985
1585067908.861158 16.820346 0.012987
1585067908.927158 16.819676 0.012987
1585067909.026158 16.819084 0.012985
1585067909.125158 16.819728 0.012982
1585067909.224159 16.820465 0.012976
1585067909.323159 16.821735 0.012975
1585067909.422159 16.822642 0.012982
1585067909.521159 16.823804 0.012974
1585067909.620159 16.824007 0.012983
1585067909.719160 16.824826 0.012979
1585067909.818160 16.825205 0.012966
1585067909.950160 16.826921 0.012949
1585067910.082161 16.825970 0.012973
1585067910.214161 16.825115 0.012970
1585067910.346161 16.825509 0.012979
1585067910.445162 16.824892 0.012919
1585067910.544162 16.824161 0.012930
1585067910.643162 16.824750 0.012962
1585067910.742162 16.826287 0.012887
1585067910.841162 16.825338 0.012956
1585067910.973163 16.825486 0.012921
1585067911.105163 16.826169 0.012947
1585067911.204163 16.825759 0.012888
1585067911.303164 16.826140 0.012945
1585067911.402164 16.827059 0.012938
1585067911.501164 16.827542 0.012942
1585067911.567164 16.826288 0.012929
1585067911.666164 16.825289 0.012970
1585067911.765165 16.825032 0.012967
1585067911.864165 16.824204 0.012916
1585067911.963165 16.824602 0.012952
1585067912.062165 16.825364 0.012958
1585067912.161165 16.824383 0.012940
1585067912.260166 16.825138 0.012918
1585067912.359166 16.826610 0.012937
1585067912.425166 16.826751 0.012954
1585067912.524167 16.825950 0.012945
1585067912.656167 16.825517 0.012954
1585067912.755167 16.823363 0.012952
1585067912.854167 16.822868 0.012956
1585067912.953168 16.822563 0.012934
1585067913.052168 16.822341 0.012945
1585067913.151168 16.822446 0.012922
1585067913.250168 16.823748 0.012943
1585067913.349169 16.823228 0.012905
1585067913.448169 16.821602 0.012856
1585067913.547169 16.821628 0.012879
1585067913.613169 16.821144 0.012931
1585067913.745169 16.822474 0.012941
1585067913.877170 16.822806 0.012931
1585067913.976170 16.821125 0.012887
1585067914.075170 16.820371 0.012913
1585067914.174170 16.819095 0.012944
1585067914.240171 16.820116 0.012876
1585067914.306171 16.819018 0.012920
1585067914.405171 16.819358 0.012942
1585067914.537171 16.820340 0.012887
1585067914.669172 16.821203 0.012928
1585067914.801172 16.824410 0.012915
1585067914.900172 16.823849 0.012919
1585067915.032172 16.821274 0.012922
1585067915.164173 16.820466 0.012925
1585067915.263173 16.819787 0.012913
1585067915.362173 16.821404 0.012836
1585067915.494174 16.822525 0.012891
1585067915.593174 16.820097 0.012922
1585067915.725174 16.820802 0.012933
1585067915.857175 16.820981 0.012933
1585067916.022175 16.816598 0.012926
1585067916.154175 16.816339 0.012921
1585067916.286175 16.815729 0.012903
1585067916.385176 16.816050 0.012908
1585067916.484176 16.814731 0.012928
1585067916.583176 16.813965 0.012886
1585067916.682177 16.814197 0.012927
1585067916.814177 16.815850 0.012872
1585067916.913177 16.816445 0.012922
1585067917.012177 16.816113 0.012904
1585067917.111177 16.817120 0.012917
1585067917.210177 16.817290 0.012923
1585067917.309178 16.818616 0.012913
1585067917.408178 16.819386 0.012910
1585067917.507179 16.819068 0.012883
1585067917.606179 16.820451 0.012890
1585067917.705179 16.821477 0.012882
1585067917.804179 16.822999 0.012911
1585067917.903179 16.826134 0.012864
1585067918.002180 16.824549 0.012906
1585067918.101180 16.825076 0.012896
1585067918.200180 16.824394 0.012904
1585067918.299180 16.827828 0.012889
1585067918.398180 16.828571 0.012844
1585067918.497181 16.827548 0.012870
1585067918.596181 16.831231 0.012889
1585067918.695181 16.835423 0.012816
1585067918.794181 16.839182 0.012857
1585067918.893182 16.841914 0.012890
1585067918.992182 16.848079 0.012804
1585067919.091182 16.854669 0.012844
1585067919.190182 16.856856 0.012860
1585067919.289183 16.861596 0.012831
1585067919.388183 16.866613 0.012819
1585067919.487183 16.866968 0.012814
1585067919.586183 16.872598 0.012792
1585067919.685184 16.876808 0.012774
1585067919.751184 16.877872 0.012835
1585067919.850184 16.879463 0.012765
1585067919.916184 16.882674 0.012773
1585067919.982184 16.884488 0.012801
1585067920.081185 16.888207 0.012844
1585067920.147185 16.889971 0.012834
1585067920.246185 16.890699 0.012784
1585067920.312185 16.891414 0.012812
1585067920.378185 16.895401 0.012791
1585067920.477185 16.897674 0.012749
1585067920.576185 16.900334 0.012813
1585067920.675186 16.903339 0.012727
1585067920.774186 16.904689 0.012821
1585067920.873186 16.908983 0.012832
1585067920.972186 16.910002 0.012756
1585067921.071187 16.912374 0.012783
1585067921.203187 16.914326 0.012696
1585067921.302187 16.916508 0.012830
1585067921.434187 16.917257 0.012798
1585067921.566188 16.919203 0.012814
1585067921.731188 16.920448 0.012781
1585067921.863189 16.920881 0.012805
1585067921.995189 16.924699 0.012828
1585067922.127189 16.926316 0.012833
1585067922.226189 16.929536 0.012822
1585067922.325190 16.929260 0.012794
1585067922.457190 16.928282 0.012798
1585067922.589190 16.929743 0.012809
1585067922.655190 16.929330 0.012824
1585067922.754191 16.930343 0.012760
1585067922.886191 16.927969 0.012761
1585067923.051191 16.929225 0.012820
1585067923.216192 16.931121 0.012827
1585067923.381192 16.930100 0.012815
1585067923.546193 16.928549 0.012783
1585067923.678193 16.927333 0.012817
1585067923.777193 16.927078 0.012787
1585067923.876193 16.927118 0.012674
1585067923.975194 16.926512 0.012800
1585067924.107194 16.924857 0.012768
1585067924.239194 16.923694 0.012711
1585067924.371194 16.921307 0.012812
1585067924.503195 16.920336 0.012774
1585067924.635195 16.919132 0.012740
1585067924.767195 16.915538 0.012813
1585067924.899196 16.915432 0.012780
1585067924.998196 16.913420 0.012764
1585067925.130196 16.912055 0.012802
1585067925.229197 16.910597 0.012792
1585067925.361197 16.909563 0.012809
1585067925.493197 16.908201 0.012743
1585067925.625198 16.906805 0.012790
1585067925.724198 16.905870 0.012773
1585067925.823198 16.905444 0.012740
1585067925.922198 16.904585 0.012716
1585067926.087198 16.902810 0.012741
1585067926.252199 16.902957 0.012733
1585067926.417199 16.902592 0.012758
1585067926.549200 16.902272 0.012779
1585067926.681200 16.901368 0.012748
1585067926.813200 16.900503 0.012714
1585067926.945201 16.900648 0.012735
1585067927.077201 16.900860 0.012757
1585067927.209201 16.898936 0.012663
1585067927.308202 16.896244 0.012719
1585067927.407202 16.895161 0.012739
1585067927.506202 16.893693 0.012686
1585067927.605202 16.893638 0.012772
1585067927.737202 16.893331 0.012797
1585067927.869203 16.892165 0.012779
1585067928.034203 16.891431 0.012738
1585067928.199203 16.891197 0.012776
1585067928.364204 16.890291 0.012732
1585067928.562204 16.891085 0.012715
1585067928.760205 16.889359 0.012624
1585067928.991205 16.886428 0.012663
1585067929.222206 16.889521 0.012683
1585067929.387206 16.891073 0.012755
1585067929.585207 16.892593 0.012764
1585067929.783207 16.893528 0.012754
1585067929.948208 16.895618 0.012774
1585067930.113208 16.893507 0.012742
1585067930.278208 16.891571 0.012704
1585067930.410209 16.891883 0.012782
1585067930.542209 16.891167 0.012782
1585067930.707210 16.889447 0.012564
1585067930.872210 16.888054 0.012494
1585067931.037210 16.884548 0.012608
1585067931.169211 16.883683 0.012707
1585067931.334211 16.886246 0.012780
1585067931.499212 16.886837 0.012694
1585067931.664212 16.884890 0.012637
1585067931.829212 16.883695 0.012788
1585067931.994213 16.884546 0.012775
1585067932.159213 16.886760 0.012640
1585067932.291213 16.887330 0.012754
1585067932.423214 16.890962 0.012571
1585067932.555214 16.892107 0.012769
1585067932.687214 16.895288 0.012753
1585067932.819215 16.896119 0.012783
1585067932.951215 16.900029 0.012765
1585067933.083215 16.902020 0.012783
1585067933.182215 16.904490 0.012736
1585067933.281216 16.906793 0.012760
1585067933.380216 16.910109 0.012785
1585067933.479216 16.912910 0.012780
1585067933.578217 16.915339 0.012776
1585067933.710217 16.918197 0.012773
1585067933.842217 16.922578 0.012549
1585067933.974217 16.923917 0.012769
1585067934.073218 16.926149 0.012493
1585067934.172218 16.931020 0.012650
1585067934.304218 16.933650 0.012645
1585067934.403219 16.935266 0.012760
1585067934.502218 16.939869 0.012766
1585067934.601219 16.943766 0.012707
1585067934.700219 16.945450 0.012778
1585067934.799219 16.949051 0.012779
1585067934.898220 16.952341 0.012756
1585067935.030220 16.957535 0.012773
1585067935.129220 16.960363 0.012768
1585067935.261220 16.963929 0.012760
1585067935.393221 16.967131 0.012773
1585067935.525221 16.970250 0.012752
1585067935.657221 16.972840 0.012718
1585067935.789222 16.975918 0.012725
1585067935.888222 16.977555 0.012767
1585067935.987222 16.980440 0.012726
1585067936.086222 16.983950 0.012515
1585067936.185223 16.984667 0.012747
1585067936.284223 16.985464 0.012714
1585067936.416223 16.987043 0.012733
1585067936.515224 16.988316 0.012580
1585067936.647224 16.987993 0.012712
1585067936.746224 16.987372 0.012743
1585067936.845224 16.988623 0.012748
1585067936.944225 16.989325 0.012747
1585067937.043225 16.989869 0.012749
1585067937.175225 16.989695 0.012748
1585067937.274225 16.990035 0.012649
1585067937.373225 16.989847 0.012734
1585067937.472226 16.989560 0.012745
1585067937.604226 16.989991 0.012764
1585067937.703226 16.989487 0.012636
1585067937.802227 16.989450 0.012708
1585067937.901227 16.989929 0.012630
1585067938.000227 16.989473 0.012339
1585067938.099227 16.989215 0.012690
1585067938.198227 16.988323 0.012725
1585067938.297228 16.986278 0.012396
1585067938.396228 16.987453 0.012520
1585067938.495228 16.987300 0.012132
1585067938.627228 16.986205 0.012739
1585067938.792229 16.984087 0.012743
1585067938.924229 16.984762 0.012533
1585067939.023229 16.986299 0.012730
1585067939.221230 16.985508 0.012429
1585067939.386230 16.984666 0.012602
1585067939.551231 16.985968 0.012448
1585067939.716231 16.985011 0.012536
1585067939.914232 16.983687 0.012598
1585067940.112232 16.985150 0.012747
1585067940.310233 16.985048 0.012723
1585067940.475233 16.984432 0.012743
1585067940.640233 16.983917 0.012708
1585067940.772233 16.983356 0.012696
1585067940.904234 16.984887 0.012682
1585067941.003234 16.983792 0.012058
1585067941.135234 16.983028 0.012712
1585067941.234235 16.982325 0.012633
1585067941.366235 16.981610 0.012702
1585067941.531235 16.980180 0.012284
1585067941.696236 16.980648 0.012732
1585067941.861236 16.980911 0.012527
1585067942.026237 16.980705 0.012703
1585067942.191237 16.980399 0.012671
1585067942.356237 16.981348 0.012447
1585067942.521238 16.980543 0.012728
1585067942.653238 16.980116 0.012696
1585067942.851238 16.981232 0.012701
1585067943.049239 16.982803 0.012673
1585067943.247239 16.981375 0.012689
1585067943.478240 16.980261 0.012707
1585067943.643240 16.979384 0.012668
1585067943.808241 16.979201 0.012721
1585067943.940241 16.978758 0.012690
1585067944.072241 16.978764 0.012652
1585067944.204242 16.979112 0.012674
1585067944.336242 16.980511 0.012624
1585067944.468242 16.981088 0.012164
1585067944.567242 16.982457 0.012593
1585067944.666243 16.982025 0.012732
1585067944.798243 16.982530 0.012657
1585067944.897243 16.982627 0.012539
1585067944.996244 16.981963 0.012359
1585067945.095244 16.982369 0.012609
1585067945.194244 16.982430 0.012725
1585067945.293244 16.983196 0.012666
1585067945.392245 16.980648 0.012479
1585067945.491245 16.979943 0.012724
1585067945.590245 16.979634 0.012716
1585067945.722245 16.979698 0.012692
1585067945.854246 16.980298 0.012658
1585067945.953246 16.980977 0.012625
1585067946.052246 16.980504 0.012721
1585067946.151246 16.979996 0.012697
1585067946.250247 16.980066 0.012731
1585067946.349247 16.980464 0.012724
1585067946.448247 16.979599 0.012695
1585067946.547247 16.979611 0.012692
1585067946.646247 16.980683 0.012593
1585067946.745248 16.980462 0.012665
1585067946.877248 16.979696 0.012724
1585067947.009248 16.981282 0.012711
1585067947.141249 16.982484 0.012693
1585067947.273249 16.983892 0.012592
1585067947.405249 16.984646 0.012650
1585067947.537250 16.984953 0.012692
1585067947.669250 16.987591 0.012583
1585067947.834250 16.987096 0.012720
1585067947.966251 16.988946 0.012442
1585067948.098251 16.992196 0.012654
1585067948.230251 16.995210 0.012686
1585067948.362252 16.994835 0.012524
1585067948.461252 16.995457 0.012523
1585067948.593252 16.996578 0.012666
1585067948.725253 16.999665 0.012605
1585067948.824253 16.999499 0.012461
1585067948.923253 17.000379 0.012648
1585067949.022253 17.000763 0.012720
1585067949.121253 17.001986 0.012612
1585067949.220254 17.003344 0.012469
1585067949.319254 17.003686 0.012716
1585067949.418254 17.003783 0.012604
1585067949.484254 17.006905 0.012341
1585067949.550255 17.008348 0.012502
1585067949.649255 17.008036 0.012694
1585067949.715255 17.010748 0.011894
1585067949.814255 17.012092 0.012419
1585067949.913255 17.017003 0.012151
1585067950.012255 17.017242 0.012366
1585067950.111256 17.021387 0.012519
1585067950.210256 17.023587 0.012661
1585067950.309256 17.024990 0.012668
1585067950.375256 17.026511 0.012665
1585067950.474257 17.027787 0.012631
1585067950.573257 17.028964 0.012690
1585067950.672257 17.030365 0.012700
1585067950.771257 17.029943 0.012609
1585067950.870258 17.031692 0.012624
1585067950.969258 17.034952 0.012257
1585067951.068258 17.034856 0.012707
1585067951.167258 17.035268 0.012697
1585067951.266259 17.036179 0.012426
1585067951.332259 17.038526 0.012625
1585067951.398259 17.038216 0.012582
1585067951.464259 17.037777 0.012446
1585067951.563259 17.038141 0.012613
1585067951.662259 17.038598 0.012684
1585067951.761260 17.039102 0.012524
1585067951.860260 17.040530 0.012649
1585067951.959260 17.041173 0.012610
1585067952.058260 17.040765 0.012717
1585067952.157261 17.041861 0.012559
1585067952.256261 17.041922 0.012649
1585067952.355261 17.041557 0.012624
1585067952.454262 17.042018 0.012450
1585067952.553262 17.041211 0.012697
1585067952.652262 17.043137 0.012717
1585067952.751262 17.043063 0.012633
1585067952.850262 17.041977 0.012508
1585067952.949263 17.040293 0.012626
1585067953.048263 17.041123 0.012720
1585067953.114263 17.040796 0.012562
1585067953.213263 17.041656 0.012702
1585067953.279263 17.042007 0.012624
1585067953.345264 17.041158 0.012371
1585067953.444264 17.040998 0.012560
1585067953.510264 17.040818 0.012608
1585067953.576264 17.040357 0.012604
1585067953.642264 17.040542 0.012393
1585067953.741264 17.039867 0.012663
1585067953.840265 17.038931 0.012531
1585067953.939265 17.039788 0.012713
1585067954.038265 17.039432 0.012499
1585067954.137265 17.039491 0.012604
1585067954.236266 17.040365 0.012504
1585067954.335266 17.039971 0.012454
1585067954.434266 17.039441 0.012692
1585067954.533267 17.039081 0.012531
1585067954.632267 17.038116 0.012559
1585067954.731267 17.037681 0.012657
1585067954.830267 17.038300 0.012649
1585067954.896267 17.037642 0.012590
1585067954.995267 17.037004 0.012480
1585067955.061268 17.036465 0.012531
1585067955.160268 17.037300 0.012484
1585067955.259268 17.036359 0.012646
1585067955.325268 17.035382 0.012703
1585067955.424268 17.034991 0.012680
1585067955.523269 17.034364 0.012625
1585067955.622269 17.033934 0.012715
1585067955.721269 17.034420 0.012685
1585067955.820269 17.034412 0.012609
1585067955.919270 17.032482 0.012556
1585067956.018270 17.033156 0.012476
1585067956.117270 17.033038 0.012611
1585067956.216270 17.034319 0.012298
1585067956.315271 17.034065 0.012631
1585067956.414271 17.033432 0.012613
1585067956.513271 17.032901 0.012532
1585067956.645271 17.034166 0.012556
1585067956.810272 17.033053 0.012476
1585067956.975272 17.032817 0.012620
1585067957.107272 17.032597 0.012684
1585067957.239273 17.031468 0.012601
1585067957.371273 17.029736 0.012573
1585067957.503273 17.025884 0.012572
1585067957.668274 17.023446 0.012700
1585067957.800274 17.021445 0.012712
1585067957.932274 17.021592 0.012636
1585067958.031275 17.022662 0.012065
1585067958.130275 17.019923 0.011884
1585067958.196275 17.019025 0.012444
1585067958.262275 17.019351 0.012606
1585067958.361275 17.018808 0.012705
1585067958.460276 17.018705 0.012600
1585067958.592276 17.017631 0.012312
1585067958.724276 17.016127 0.012686
1585067958.823277 17.012674 0.012672
1585067958.955277 17.012082 0.012709
1585067959.120277 17.008024 0.012712
1585067959.252278 17.007631 0.012612
1585067959.417278 17.009176 0.012690
1585067959.582278 17.008392 0.012550
1585067959.714279 17.006665 0.012678
1585067959.846279 17.006356 0.012277
1585067959.945279 17.001967 0.012633
1585067960.176280 16.997079 0.012691
1585067960.374280 16.998080 0.012711
1585067960.572281 16.998706 0.012384
1585067960.770281 16.998784 0.012379
1585067960.935282 16.998247 0.012576
1585067961.100282 16.994693 0.011909
1585067961.232282 16.991774 0.012641
1585067961.364283 16.990076 0.011901
1585067961.496283 16.993099 0.012286
1585067961.628283 16.992538 0.012547
1585067961.760284 16.993266 0.012563
1585067961.892284 16.993232 0.012360
1585067962.024284 16.993959 0.012703
1585067962.123285 16.994730 0.012698
1585067962.222285 16.994085 0.012616
1585067962.321285 16.993435 0.012669
1585067962.420285 16.992723 0.012540
1585067962.519285 16.991333 0.012548
1585067962.651286 16.993057 0.012701
1585067962.750286 16.995555 0.012664
1585067962.849286 16.997236 0.012690
1585067963.014287 16.999534 0.012701
1585067963.146287 17.000947 0.012671
1585067963.278287 17.002620 0.012474
1585067963.410288 17.003619 0.012509
1585067963.575288 17.004652 0.012550
1585067963.740288 17.004550 0.012637
1585067963.905289 17.005480 0.012657
1585067964.103289 17.006253 0.012634
1585067964.268290 17.005202 0.012572
1585067964.433290 17.006141 0.012595
1585067964.598290 17.006858 0.012643
1585067964.763291 17.007223 0.012294
1585067964.928291 17.006667 0.011632
1585067965.126292 17.005904 0.012521
1585067965.324292 17.006487 0.012622
1585067965.489293 17.005936 0.011991
1585067965.687293 17.004995 0.012598
1585067965.852293 17.005501 0.012387
1585067966.017294 17.004977 0.012644
1585067966.182294 17.004491 0.012542
1585067966.347295 17.004193 0.012707
1585067966.512295 17.004692 0.012448
1585067966.677295 17.004980 0.011974
1585067966.809296 17.004718 0.012600
1585067966.941296 17.004398 0.012464
1585067967.073296 17.004565 0.012655
1585067967.205297 17.004818 0.012661
1585067967.337297 17.004819 0.012536
1585067967.469297 17.005470 0.012298
1585067967.601297 17.004906 0.012556
1585067967.733298 17.005193 0.012274
1585067967.865298 17.005345 0.012495
1585067967.964298 17.004946 0.012578
1585067968.096299 17.005575 0.012594
1585067968.195299 17.006383 0.012594
1585067968.294299 17.007764 0.012148
1585067968.393299 17.008229 0.012632
1585067968.492300 17.008543 0.012489
1585067968.591300 17.009879 0.012452
1585067968.723300 17.010010 0.012686
1585067968.822300 17.010159 0.012593
1585067968.921301 17.010887 0.012628
1585067969.020301 17.012175 0.012378
1585067969.086301 17.012932 0.011457
1585067969.185301 17.014317 0.011935
1585067969.284302 17.012999 0.012565
1585067969.383302 17.013184 0.012503
1585067969.482302 17.014886 0.012352
1585067969.581302 17.014691 0.012677
1585067969.713303 17.014735 0.012685
1585067969.845303 17.015558 0.012659
1585067969.944303 17.015626 0.012665
1585067970.043303 17.015606 0.012496
1585067970.142303 17.015702 0.012686
1585067970.208304 17.015874 0.012660
1585067970.307304 17.015938 0.012692
1585067970.406304 17.016019 0.012694
1585067970.472304 17.016055 0.012574
1585067970.538305 17.015865 0.012630
1585067970.604305 17.015800 0.012683
1585067970.670305 17.015522 0.012647
1585067970.736305 17.014933 0.012509
1585067970.802305 17.014725 0.012674
1585067970.868305 17.015053 0.012571
1585067970.934305 17.015771 0.012675
1585067971.033306 17.015693 0.012534
1585067971.132306 17.015108 0.012296
1585067971.198306 17.015732 0.012438
1585067971.264306 17.015581 0.012622
1585067971.330306 17.015029 0.012664
1585067971.396307 17.015208 0.012295
1585067971.462306 17.015392 0.012546
1585067971.528307 17.015575 0.012649
1585067971.627307 17.015601 0.012642
1585067971.726307 17.015297 0.012471
1585067971.825308 17.014763 0.012644
1585067971.924308 17.014706 0.012499
1585067972.023308 17.014838 0.012451
1585067972.122308 17.014567 0.012598
1585067972.188308 17.014413 0.012345
1585067972.287308 17.013982 0.012656
1585067972.386309 17.013901 0.012596
1585067972.485309 17.014083 0.012652
1585067972.551309 17.014163 0.012582
1585067972.617309 17.014614 0.012387
1585067972.683310 17.014420 0.012425
1585067972.749310 17.013993 0.012671
1585067972.815310 17.013748 0.012599
1585067972.881310 17.013874 0.012645
1585067972.947310 17.013724 0.012663
1585067973.046310 17.013950 0.012649
1585067973.112310 17.013951 0.012589
1585067973.178311 17.013756 0.012589
1585067973.244311 17.013580 0.012605
1585067973.310311 17.013780 0.012545
1585067973.376311 17.013751 0.012510
1585067973.442312 17.013537 0.012664
1585067973.508312 17.013636 0.012641
1585067973.574312 17.013611 0.012584
1585067973.673312 17.014000 0.012633
1585067973.805312 17.013727 0.012653
1585067973.904313 17.013436 0.012653
1585067974.003313 17.013135 0.012288
1585067974.102313 17.013129 0.011538
1585067974.201313 17.012206 0.012583
1585067974.300313 17.012211 0.012591
1585067974.399314 17.012181 0.012447
1585067974.498314 17.012230 0.012636
1585067974.597314 17.012014 0.012601
1585067974.696314 17.011954 0.012511
1585067974.795315 17.011469 0.012664
1585067974.894315 17.011587 0.012606
1585067974.993315 17.011785 0.012534
1585067975.092315 17.011650 0.012353
1585067975.158315 17.011227 0.012468
1585067975.224316 17.011393 0.012470
1585067975.290316 17.011462 0.012289
1585067975.356316 17.011217 0.012592
1585067975.455316 17.011044 0.012472
1585067975.554316 17.011246 0.012244
1585067975.620317 17.010571 0.012612
1585067975.686317 17.010981 0.012389
1585067975.752317 17.010543 0.012557
1585067975.851317 17.011049 0.012561
1585067975.950317 17.011106 0.012435
1585067976.082318 17.010889 0.012443
1585067976.181318 17.011115 0.012388
1585067976.280318 17.010414 0.012415
1585067976.379318 17.010187 0.012533
1585067976.511319 17.010223 0.012602
1585067976.610319 17.010536 0.012626
1585067976.709319 17.010615 0.012607
1585067976.808320 17.010664 0.012250
1585067976.907320 17.010477 0.012137
1585067976.973320 17.009862 0.012562
1585067977.039320 17.010558 0.012328
1585067977.105320 17.011317 0.012450
1585067977.171320 17.011371 0.012638
1585067977.270320 17.010922 0.012130
1585067977.369321 17.010528 0.012599
1585067977.468321 17.010289 0.012561
1585067977.534321 17.009894 0.012488
1585067977.633322 17.009874 0.012456
1585067977.732322 17.009959 0.012608
1585067977.798322 17.009918 0.012380
1585067977.864322 17.010160 0.012553
1585067977.963322 17.010193 0.012428
1585067978.062322 17.010208 0.012615
1585067978.161323 17.010136 0.012440
1585067978.260323 17.010231 0.012239
1585067978.326323 17.010824 0.012470
1585067978.425323 17.010147 0.012103
1585067978.557323 17.008624 0.012455
1585067978.722324 17.008474 0.012625
1585067978.854324 17.008580 0.012276
1585067978.986325 17.009087 0.012361
1585067979.118325 17.010928 0.012335
1585067979.283325 17.011943 0.012372
1585067979.415326 17.012588 0.012340
1585067979.547326 17.014060 0.011482
1585067979.712326 17.014268 0.012222
1585067979.844327 17.018380 0.011335
1585067979.976327 17.017546 0.012620
1585067980.108327 17.017717 0.011427
1585067980.240327 17.020961 0.011931
1585067980.372328 17.020590 0.011392
1585067980.471328 17.023217 0.012043
1585067980.570328 17.024970 0.012182
1585067980.669329 17.027377 0.012505
1585067980.768329 17.026058 0.011230
1585067980.867329 17.028645 0.011148
1585067980.933329 17.030310 0.011263
1585067980.999329 17.030922 0.011856
1585067981.065329 17.030978 0.012244
1585067981.131330 17.031889 0.011624
1585067981.197330 17.033212 0.011858
1585067981.263330 17.034338 0.011924
1585067981.329330 17.034076 0.012481
1585067981.395330 17.034489 0.012360
1585067981.461330 17.035013 0.012555
1585067981.527331 17.034835 0.012455
1585067981.593331 17.035000 0.012462
1585067981.659331 17.035842 0.012084
1585067981.725331 17.035424 0.012655
1585067981.791331 17.035668 0.012514
1585067981.890332 17.036012 0.012639
1585067981.989332 17.037845 0.012587
1585067982.088332 17.038412 0.012656
1585067982.220332 17.039259 0.012544
1585067982.352333 17.039326 0.012652
1585067982.484333 17.039000 0.012572
1585067982.616333 17.038558 0.012456
1585067982.715333 17.039593 0.012437
1585067982.814334 17.039420 0.012562
1585067982.913334 17.039492 0.012615
1585067983.012334 17.039255 0.012455
1585067983.111334 17.039577 0.012561
1585067983.210335 17.039619 0.012653
1585067983.309335 17.039184 0.012626
1585067983.408335 17.040006 0.012441
1585067983.507335 17.040193 0.012617
1585067983.606335 17.040300 0.012650
1585067983.705336 17.040562 0.012611
1585067983.804336 17.040561 0.012633
1585067983.903336 17.040536 0.012533
1585067983.969336 17.040665 0.012649
1585067984.035337 17.040704 0.012644
1585067984.134337 17.040596 0.012613
1585067984.233337 17.041281 0.012650
1585067984.332337 17.041574 0.012651
1585067984.398338 17.042710 0.012259
1585067984.464338 17.042240 0.012493
1585067984.563338 17.042065 0.012644
1585067984.662338 17.041936 0.012639
1585067984.728338 17.041270 0.012516
1585067984.827338 17.040983 0.012621
1585067984.926339 17.041219 0.012640
1585067985.025339 17.041287 0.012329
1585067985.124339 17.040792 0.012645
1585067985.223340 17.040502 0.012471
1585067985.322340 17.039851 0.012614
1585067985.421340 17.039614 0.012634
1585067985.487340 17.038999 0.012525
1585067985.553340 17.038599 0.012411
1585067985.619340 17.038270 0.012636
1585067985.685341 17.038108 0.012487
1585067985.751341 17.038140 0.012645
1585067985.817341 17.038156 0.012545
1585067985.883341 17.038189 0.012548
1585067985.949341 17.037860 0.012634
1585067986.048342 17.037602 0.012559
1585067986.147341 17.037803 0.012267
1585067986.246342 17.037760 0.012553
1585067986.345342 17.037204 0.012636
1585067986.477342 17.036723 0.012145
1585067986.609343 17.036463 0.012627
1585067986.741343 17.036419 0.012435
1585067986.873343 17.036564 0.012503
1585067986.972343 17.036438 0.012408
1585067987.071344 17.036849 0.012533
1585067987.170344 17.037063 0.012625
1585067987.236344 17.036994 0.012369
1585067987.302345 17.036619 0.012615
1585067987.368345 17.036947 0.012252
1585067987.434345 17.037807 0.011679
1585067987.500345 17.037303 0.012496
1585067987.566345 17.037237 0.012507
1585067987.632345 17.036929 0.012564
1585067987.698345 17.036845 0.012081
1585067987.797346 17.036632 0.012549
1585067987.896346 17.036079 0.012565
1585067988.028346 17.035789 0.012608
1585067988.193347 17.036122 0.012404
1585067988.358347 17.036696 0.012213
1585067988.490347 17.037482 0.012620
1585067988.622348 17.037754 0.012628
1585067988.754348 17.037837 0.012469
1585067988.886348 17.038371 0.012374
1585067989.018348 17.038595 0.011952
1585067989.150349 17.039695 0.012085
1585067989.282349 17.039931 0.012090
1585067989.381349 17.040639 0.012346
1585067989.480350 17.040802 0.012463
1585067989.579350 17.040269 0.012123
1585067989.678350 17.040994 0.012235
1585067989.777350 17.041355 0.012458
1585067989.876350 17.041388 0.012495
1585067989.975351 17.041973 0.012455
1585067990.074351 17.041811 0.012554
1585067990.173351 17.042795 0.012579
1585067990.272352 17.043151 0.012569
1585067990.371352 17.042912 0.012367
1585067990.470352 17.043323 0.012387
1585067990.602352 17.043633 0.012247
1585067990.701352 17.043280 0.012387
1585067990.800353 17.043278 0.012441
1585067990.899353 17.043014 0.012605
1585067990.998353 17.042815 0.012570
1585067991.097353 17.042358 0.012560
1585067991.196354 17.042117 0.012609
1585067991.295354 17.041198 0.012617
1585067991.394354 17.041202 0.012569
1585067991.493354 17.040840 0.012554
1585067991.592355 17.040447 0.012483
1585067991.691355 17.039952 0.012624
1585067991.790355 17.039547 0.012609
1585067991.889355 17.038492 0.012458
1585067991.988356 17.038592 0.012577
1585067992.087356 17.037238 0.012422
1585067992.186356 17.037235 0.012614
1585067992.285356 17.036711 0.012563
1585067992.384356 17.035712 0.012623
1585067992.483357 17.034944 0.012614
1585067992.582357 17.035429 0.012359
1585067992.681357 17.034332 0.012586
1585067992.780357 17.033837 0.012594
1585067992.879358 17.033941 0.012412
1585067993.011358 17.032460 0.012576
1585067993.143358 17.031228 0.012524
1585067993.275359 17.030850 0.012544
1585067993.374359 17.030814 0.012597
1585067993.506359 17.030548 0.012589
1585067993.638360 17.029781 0.012591
1585067993.737360 17.029575 0.012604
1585067993.836360 17.028982 0.012520
1585067993.935360 17.028611 0.012612
1585067994.034360 17.028343 0.012456
1585067994.133361 17.027866 0.012551
1585067994.232361 17.027807 0.012602
1585067994.331361 17.027781 0.012600
1585067994.430361 17.027589 0.012527
1585067994.529362 17.027080 0.012391
1585067994.628362 17.026713 0.012610
1585067994.760362 17.026461 0.012593
1585067994.892363 17.026383 0.012550
1585067994.991363 17.026076 0.012320
1585067995.090363 17.026028 0.012553
1585067995.189363 17.025880 0.012589
1585067995.255363 17.025608 0.012571
1585067995.354364 17.025360 0.012585
1585067995.453364 17.025487 0.012561
1585067995.552364 17.025254 0.012489
1585067995.651364 17.025501 0.012255
1585067995.750364 17.025305 0.012178
1585067995.849365 17.024850 0.012576
1585067995.948365 17.025000 0.012584
1585067996.047365 17.025062 0.012591
1585067996.146365 17.024778 0.012499
1585067996.245366 17.024732 0.012560
1585067996.344366 17.024671 0.012505
1585067996.443366 17.024066 0.012557
1585067996.542367 17.024319 0.012408
1585067996.641367 17.023972 0.012515
1585067996.740367 17.023669 0.012252
1585067996.872367 17.024070 0.012566
1585067996.971367 17.024065 0.012530
1585067997.070368 17.023709 0.012461
1585067997.169368 17.023882 0.012569
1585067997.268368 17.023520 0.012413
1585067997.367368 17.023569 0.012548
1585067997.466368 17.023230 0.012409
1585067997.565369 17.023324 0.012561
1585067997.631369 17.023315 0.012564
1585067997.730369 17.022560 0.012500
1585067997.829370 17.022450 0.012315
1585067997.928370 17.022573 0.012520
1585067998.027370 17.023014 0.012558
1585067998.093370 17.022938 0.012461
1585067998.192370 17.022784 0.012558
1585067998.291370 17.023057 0.012409
1585067998.390371 17.022802 0.012527
1585067998.489371 17.022490 0.012547
1585067998.588371 17.022555 0.012518
1585067998.687371 17.022454 0.012480
1585067998.786372 17.022846 0.012311
1585067998.885372 17.022548 0.012495
1585067998.984372 17.021807 0.012497
1585067999.083373 17.022214 0.012492
1585067999.182373 17.022194 0.012538
1585067999.281373 17.022013 0.012455
1585067999.380373 17.021766 0.012369
1585067999.479373 17.022221 0.012544
1585067999.578374 17.021815 0.012476
1585067999.677374 17.022211 0.012518
1585067999.743374 17.021375 0.012443
1585067999.842374 17.021261 0.012398
1585067999.941375 17.021290 0.012466
1585068000.040375 17.021530 0.012534
1585068000.106375 17.021184 0.012497
1585068000.205375 17.020947 0.012501
1585068000.271375 17.020713 0.012453
1585068000.337375 17.020940 0.012538
1585068000.403376 17.020531 0.012503
1585068000.469376 17.020658 0.012518
1585068000.535376 17.020929 0.012389
1585068000.601376 17.020139 0.012516
1585068000.667376 17.020405 0.012370
1585068000.733376 17.020272 0.012451
1585068000.799376 17.020533 0.011806
1585068000.865377 17.019577 0.012203
1585068000.964377 17.019849 0.012525
1585068001.063377 17.019780 0.012526
1585068001.162377 17.019859 0.012476
1585068001.228378 17.019440 0.012523
1585068001.294378 17.019410 0.012432
1585068001.360378 17.019419 0.012478
1585068001.426378 17.019693 0.012490
1585068001.492378 17.019644 0.012437
1585068001.558378 17.019382 0.012461
1585068001.624378 17.019540 0.012503
1585068001.690379 17.019446 0.012518
1585068001.756379 17.018949 0.012384
1585068001.822379 17.018906 0.012458
1585068001.888379 17.019007 0.012424
1585068001.954379 17.019018 0.012432
1585068002.020379 17.018868 0.012501
1585068002.086380 17.018839 0.012520
1585068002.185380 17.018002 0.012093
1585068002.251380 17.018531 0.012375
1585068002.317380 17.017957 0.012321
1585068002.383380 17.018831 0.012124
1585068002.449380 17.018264 0.012487
1585068002.515381 17.018076 0.012145
1585068002.581381 17.018524 0.012401
1585068002.647381 17.018414 0.012145
1585068002.713381 17.018125 0.012435
1585068002.779381 17.018064 0.012370
1585068002.845381 17.018314 0.012450
1585068002.911381 17.018527 0.012504
1585068002.977382 17.018233 0.012473
1585068003.076382 17.018242 0.012286
1585068003.142382 17.018073 0.012523
1585068003.208382 17.018247 0.012421
1585068003.274382 17.017933 0.012408
1585068003.340383 17.018271 0.012516
1585068003.406383 17.018300 0.012430
1585068003.472383 17.018168 0.012397
1585068003.538383 17.017718 0.012498
1585068003.604383 17.018205 0.012444
1585068003.670383 17.017999 0.012520
1585068003.736383 17.017893 0.012527
1585068003.802384 17.017977 0.012507
1585068003.868384 17.017744 0.012377
1585068003.934384 17.017967 0.012522
1585068004.000384 17.017953 0.012394
1585068004.066384 17.017675 0.012435
1585068004.132385 17.017759 0.012503
1585068004.198385 17.017984 0.012484
1585068004.264385 17.017787 0.012516
1585068004.330385 17.017771 0.012494
1585068004.429385 17.017712 0.012513
1585068004.561385 17.017604 0.012492
1585068004.693386 17.017326 0.012486
1585068004.792386 17.017224 0.012463
1585068004.924386 17.017363 0.012325
1585068005.056386 17.017018 0.012504
1585068005.155387 17.017126 0.012519
1585068005.254387 17.017084 0.012506
1585068005.353387 17.017082 0.012511
1585068005.452388 17.017122 0.012463
1585068005.518388 17.016916 0.012440
1585068005.584388 17.017031 0.012375
1585068005.650388 17.017114 0.012491
1585068005.716388 17.017162 0.012499
1585068005.782388 17.016903 0.012358
1585068005.848389 17.016679 0.012411
1585068005.914389 17.016641 0.012477
1585068005.980389 17.016402 0.012113
1585068006.046389 17.016581 0.012518
1585068006.112389 17.016411 0.012501
1585068006.178389 17.016096 0.012501
1585068006.244389 17.015979 0.012444
1585068006.310390 17.016302 0.012500
1585068006.376390 17.016320 0.012516
1585068006.442390 17.015919 0.012377
1585068006.508390 17.016122 0.012410
1585068006.574390 17.016101 0.012420
1585068006.640390 17.015994 0.012516
1585068006.706391 17.016019 0.012518
1585068006.772391 17.015829 0.012043
1585068006.838391 17.016181 0.012494
1585068006.904391 17.016137 0.012497
1585068006.970391 17.015785 0.012398
1585068007.036391 17.015913 0.012490
1585068007.135391 17.015807 0.012401
1585068007.201392 17.015999 0.012444
1585068007.300392 17.015502 0.012434
1585068007.399392 17.015501 0.012491
1585068007.498393 17.015647 0.012426
1585068007.597393 17.015588 0.012496
1585068007.696393 17.015455 0.012495
1585068007.762393 17.015538 0.012436
1585068007.828393 17.015536 0.012515
1585068007.894393 17.015356 0.012512
1585068007.960393 17.015102 0.012393
1585068008.026394 17.015456 0.012444
1585068008.092394 17.015247 0.012513
1585068008.191394 17.015153 0.012499
1585068008.290394 17.014985 0.012464
1585068008.356395 17.014698 0.012441
1585068008.422395 17.014606 0.012411
1585068008.488395 17.014656 0.012388
1585068008.554395 17.015205 0.012486
1585068008.620395 17.014958 0.012479
1585068008.719395 17.014687 0.012391
1585068008.818396 17.014985 0.012428
1585068008.884396 17.015010 0.012394
1585068008.983396 17.015135 0.012431
1585068009.082396 17.014942 0.012469
1585068009.148396 17.014480 0.012468
1585068009.214396 17.014443 0.012292
1585068009.280397 17.014716 0.012256
1585068009.346397 17.014729 0.012473
1585068009.412397 17.014417 0.012478
1585068009.478397 17.014684 0.012474
1585068009.544397 17.014181 0.012401
1585068009.610397 17.014350 0.012513
1585068009.676398 17.014510 0.012467
1585068009.742398 17.014540 0.012443
1585068009.808398 17.014479 0.012291
1585068009.874398 17.014469 0.012442
1585068009.940398 17.014550 0.012509
1585068010.006398 17.014405 0.012511
1585068010.072399 17.014394 0.012514
1585068010.138399 17.014383 0.012493
1585068010.237399 17.014326 0.012474
1585068010.336399 17.013984 0.012259
1585068010.402400 17.014493 0.012378
1585068010.501400 17.014409 0.012465
1585068010.600400 17.014217 0.012375
1585068010.666400 17.014058 0.012211
1585068010.765400 17.014285 0.012517
1585068010.864400 17.013972 0.012468
1585068010.963401 17.014085 0.012453
1585068011.062401 17.013739 0.012516
1585068011.128401 17.013777 0.012507
1585068011.194401 17.013449 0.012189
1585068011.260401 17.013818 0.012495
1585068011.326401 17.013813 0.012295
1585068011.392402 17.013731 0.012376
1585068011.458402 17.013640 0.012455
1585068011.524402 17.013382 0.012354
1585068011.590402 17.013568 0.012466
1585068011.656402 17.013694 0.012495
1585068011.755403 17.013334 0.012511
1585068011.854403 17.012883 0.012383
1585068011.953403 17.013494 0.012502
1585068012.052403 17.013348 0.012469
1585068012.118404 17.013175 0.012516
1585068012.184404 17.013108 0.012514
1585068012.250404 17.012912 0.012450
1585068012.316404 17.012924 0.012456
1585068012.415404 17.013169 0.012497
1585068012.514404 17.013197 0.012510
1585068012.580405 17.012774 0.012442
1585068012.646405 17.012640 0.012240
1585068012.712405 17.013431 0.012495
1585068012.778405 17.013368 0.012514
1585068012.844405 17.013090 0.012444
1585068012.910405 17.013074 0.012505
1585068012.976406 17.012782 0.012364
1585068013.042406 17.012943 0.012428
1585068013.108406 17.012978 0.012457
1585068013.207406 17.013157 0.012511
1585068013.273406 17.012872 0.012481
1585068013.339406 17.012377 0.012311
1585068013.405406 17.012610 0.012508
1585068013.471407 17.012600 0.012458
1585068013.537407 17.012373 0.012509
1585068013.603407 17.012017 0.012389
1585068013.702407 17.012233 0.012519
1585068013.801408 17.012250 0.012460
1585068013.900408 17.011941 0.012502
1585068014.032408 17.011774 0.012495
1585068014.131408 17.011247 0.012507
1585068014.230408 17.011451 0.012474
1585068014.329409 17.011527 0.012439
1585068014.428409 17.011308 0.012486
1585068014.494409 17.011624 0.012503
1585068014.593410 17.011759 0.012491
1585068014.692410 17.011744 0.012276
1585068014.791410 17.011953 0.012362
1585068014.857410 17.011643 0.012518
1585068014.956410 17.011532 0.012501
1585068015.022410 17.011005 0.012343
1585068015.121411 17.011370 0.012517
1585068015.220411 17.010979 0.012446
1585068015.319411 17.010877 0.012453
1585068015.418411 17.011031 0.012392
1585068015.517411 17.011209 0.012478
1585068015.616412 17.011560 0.012516
1585068015.715412 17.011471 0.012460
1585068015.814412 17.010705 0.012496
1585068015.913413 17.010729 0.012064
1585068016.012413 17.011184 0.012393
1585068016.111413 17.010859 0.012478
1585068016.210413 17.010682 0.012514
1585068016.276413 17.010408 0.012490
1585068016.342414 17.010391 0.012515
1585068016.408414 17.010596 0.012488
1585068016.474414 17.010744 0.012438
1585068016.540414 17.010557 0.012499
1585068016.606414 17.010179 0.012503
1585068016.672415 17.010182 0.012381
1585068016.738415 17.010017 0.012510
1585068016.804415 17.010360 0.012488
1585068016.903415 17.010263 0.012510
1585068017.002415 17.010095 0.012404
1585068017.101415 17.010453 0.012482
1585068017.200415 17.010445 0.012415
1585068017.299416 17.010482 0.012440
1585068017.365416 17.010398 0.012399
1585068017.431416 17.009778 0.012485
1585068017.497416 17.009777 0.012477
1585068017.563416 17.010059 0.012469
1585068017.629417 17.009903 0.012511
1585068017.695417 17.009803 0.012516
1585068017.761417 17.009380 0.012517
1585068017.827417 17.009485 0.012513
1585068017.893417 17.009682 0.012523
1585068017.959417 17.009628 0.012469
1585068018.025418 17.009761 0.012504
1585068018.091418 17.009751 0.012450
1585068018.190418 17.009568 0.012517
1585068018.289418 17.009391 0.012460
1585068018.388419 17.009558 0.012493
1585068018.487419 17.009278 0.012457
1585068018.553419 17.009429 0.012433
1585068018.619419 17.009601 0.012499
1585068018.685419 17.009403 0.012390
1585068018.751419 17.009396 0.012439
1585068018.817420 17.009206 0.012384
1585068018.883420 17.009119 0.012443
1585068018.949420 17.009299 0.012447
1585068019.015420 17.009447 0.012473
1585068019.081420 17.009215 0.012474
1585068019.147420 17.009184 0.012301
1585068019.213421 17.009222 0.012480
1585068019.279421 17.009012 0.012341
1585068019.345421 17.009015 0.012446
1585068019.411421 17.008926 0.012505
1585068019.477421 17.008983 0.012507
1585068019.543421 17.008720 0.012444
1585068019.609421 17.008674 0.012478
1585068019.675421 17.008773 0.012476
1585068019.741422 17.008695 0.012425
1585068019.807422 17.008740 0.012349
1585068019.873422 17.008728 0.012510
1585068019.939422 17.008749 0.012506
1585068020.005422 17.008530 0.012470
1585068020.071423 17.008275 0.012463
1585068020.137423 17.008273 0.012396
1585068020.203423 17.008248 0.012491
1585068020.269423 17.008373 0.012488
1585068020.335423 17.008072 0.012487
1585068020.401423 17.007955 0.012494
1585068020.500424 17.007898 0.012487
1585068020.632424 17.007763 0.012512
1585068020.764424 17.007611 0.012501
1585068020.896425 17.007690 0.012527
1585068020.995425 17.007622 0.012511
1585068021.061425 17.007498 0.012400
1585068021.127425 17.007471 0.012479
1585068021.193425 17.007653 0.012509
1585068021.259426 17.007596 0.012480
1585068021.325426 17.007441 0.012524
1585068021.391426 17.007375 0.012495
1585068021.457426 17.007355 0.012524
1585068021.523426 17.007021 0.012416
1585068021.589427 17.006936 0.012501
1585068021.655427 17.006935 0.012403
1585068021.721427 17.007040 0.012501
1585068021.787427 17.006767 0.012508
1585068021.853427 17.006685 0.012508
1585068021.919427 17.006693 0.012465
1585068021.985427 17.006870 0.012242
1585068022.051427 17.007095 0.012496
1585068022.117427 17.006817 0.012459
1585068022.183428 17.006685 0.012504
1585068022.282428 17.006241 0.012500
1585068022.381428 17.006198 0.012414
1585068022.513428 17.006354 0.012515
1585068022.612429 17.006089 0.012520
1585068022.711429 17.005957 0.012437
1585068022.810429 17.006089 0.012500
1585068022.909430 17.006173 0.012498
1585068023.008430 17.006176 0.012513
1585068023.107430 17.006203 0.012498
1585068023.206430 17.006052 0.012500
1585068023.305430 17.005777 0.012524
1585068023.404431 17.005449 0.012480
1585068023.536431 17.005388 0.012439
1585068023.668431 17.005661 0.012515
1585068023.800432 17.005726 0.012490
1585068023.932432 17.005921 0.012477
1585068024.031432 17.005779 0.012472
1585068024.163432 17.005888 0.012506
1585068024.295433 17.005377 0.012524
1585068024.394433 17.005057 0.012440
1585068024.493433 17.004521 0.012429
1585068024.592433 17.003749 0.012510
1585068024.691434 17.003592 0.012500
1585068024.823434 17.003981 0.012511
1585068024.988434 17.004528 0.012482
1585068025.153435 17.004498 0.012403
1585068025.285435 17.004446 0.012342
1585068025.417435 17.004888 0.012455
1585068025.549436 17.005132 0.012489
1585068025.681436 17.004900 0.012081
1585068025.846436 17.004726 0.012004
1585068025.978437 17.005100 0.012446
1585068026.110437 17.004853 0.012135
1585068026.242437 17.004913 0.012330
1585068026.374438 17.004777 0.012170
1585068026.506438 17.004904 0.012083
1585068026.638438 17.004563 0.012370
1585068026.770439 17.005077 0.012348
1585068026.869439 17.005278 0.012516
1585068026.968439 17.005320 0.012415
1585068027.067439 17.005088 0.012454
1585068027.166440 17.005325 0.012320
1585068027.265440 17.005112 0.012509
1585068027.364440 17.005480 0.012438
1585068027.463440 17.005331 0.012519
1585068027.562440 17.005380 0.012277
1585068027.661441 17.005138 0.012429
1585068027.760441 17.004762 0.012356
1585068027.892441 17.004002 0.012444
1585068027.991442 17.003555 0.012298
1585068028.090442 17.003176 0.012505
1585068028.189442 17.002730 0.012474
1585068028.321442 17.003089 0.012496
1585068028.420443 17.003062 0.012492
1585068028.519443 17.002386 0.012512
1585068028.618443 17.001004 0.012481
1585068028.750443 16.999919 0.012468
1585068028.882444 16.999986 0.012414
1585068028.981444 16.998808 0.012483
1585068029.113444 16.998800 0.012505
1585068029.245445 16.999499 0.012431
1585068029.344445 16.999131 0.012192
1585068029.410445 16.998448 0.012382
1585068029.476445 16.997773 0.012190
1585068029.542445 16.997086 0.012495
1585068029.674446 16.996759 0.012458
1585068029.773446 16.995846 0.012412
1585068029.839446 16.995158 0.012373
1585068029.905446 16.994615 0.012456
1585068030.004447 16.993756 0.012507
1585068030.103446 16.992243 0.012446
1585068030.202447 16.991217 0.012466
1585068030.301447 16.990628 0.012489
1585068030.433447 16.989152 0.012439
1585068030.532448 16.988383 0.012496
1585068030.631448 16.987614 0.012501
1585068030.730448 16.986574 0.012450
1585068030.829448 16.985417 0.012472
1585068030.928449 16.984465 0.012477
1585068031.093449 16.982028 0.012471
1585068031.225450 16.981339 0.012439
1585068031.357450 16.979872 0.012437
1585068031.489450 16.978342 0.012407
1585068031.621450 16.977807 0.012489
1585068031.753451 16.976132 0.012486
1585068031.885451 16.974579 0.012448
1585068031.984451 16.973847 0.012479
1585068032.083452 16.973559 0.012499
1585068032.182452 16.972826 0.012405
1585068032.281452 16.972076 0.012469
1585068032.380452 16.970993 0.012479
1585068032.479452 16.969962 0.012472
1585068032.578453 16.969561 0.012493
1585068032.644453 16.969336 0.012478
1585068032.743453 16.968691 0.012456
1585068032.842453 16.968133 0.012252
1585068032.941453 16.967795 0.012356
1585068033.040454 16.967197 0.012482
1585068033.139454 16.966043 0.012482
1585068033.238454 16.965392 0.012486
1585068033.337454 16.965582 0.012441
1585068033.436455 16.965236 0.012466
1585068033.535455 16.964517 0.012445
1585068033.601455 16.964214 0.012479
1585068033.700455 16.963366 0.012461
1585068033.799455 16.962261 0.012246
1585068033.898456 16.960984 0.012418
1585068033.997456 16.959843 0.012468
1585068034.096456 16.958298 0.012455
1585068034.195457 16.957522 0.012446
1585068034.294457 16.956630 0.012362
1585068034.393457 16.955612 0.012482
1585068034.459457 16.955281 0.012345
1585068034.558457 16.954851 0.012330
1585068034.657458 16.954053 0.012393
1585068034.723458 16.953749 0.012416
1585068034.822458 16.952638 0.012480
1585068034.888458 16.952076 0.012447
1585068034.987458 16.951134 0.012457
1585068035.086459 16.950008 0.012452
1585068035.152459 16.949337 0.012460
1585068035.251459 16.949321 0.012485
1585068035.383459 16.947418 0.012417
1585068035.482460 16.946557 0.012415
1585068035.581460 16.945839 0.012379
1585068035.680460 16.945834 0.012365
1585068035.779460 16.946223 0.012411
1585068035.845460 16.946137 0.012377
1585068035.944461 16.945670 0.012480
1585068036.010461 16.945161 0.012447
1585068036.076461 16.945107 0.012432
1585068036.142461 16.945046 0.012361
1585068036.175461 16.944667 0.012293
1585068036.241461 16.944076 0.012427
1585068036.307462 16.945507 0.012450
1585068036.373462 16.945230 0.012455
1585068036.472462 16.944680 0.012210
1585068036.538462 16.943900 0.012421
1585068036.637462 16.943466 0.012343
1585068036.736463 16.943351 0.012437
1585068036.835463 16.943027 0.012464
1585068036.934463 16.942634 0.012427
1585068037.000463 16.942794 0.012424
1585068037.066463 16.942951 0.012377
1585068037.132464 16.942610 0.012408
1585068037.198464 16.942046 0.012460
1585068037.264464 16.941279 0.012461
1585068037.330464 16.940709 0.012368
1585068037.396464 16.940405 0.012467
1585068037.462464 16.940191 0.012472
1585068037.561465 16.939503 0.012433
1585068037.693465 16.938873 0.012427
1585068037.792465 16.937858 0.012482
1585068037.891465 16.937230 0.012468
1585068037.990466 16.937166 0.012456
1585068038.089466 16.936731 0.012466
1585068038.188466 16.937300 0.012464
1585068038.287466 16.937008 0.012478
1585068038.386467 16.936457 0.012281
1585068038.485467 16.935510 0.012438
1585068038.584467 16.934632 0.012424
1585068038.716467 16.933705 0.012474
1585068038.815468 16.932425 0.012441
1585068038.914468 16.931521 0.012272
1585068039.013468 16.930709 0.012457
1585068039.112468 16.930582 0.012461
1585068039.211468 16.930148 0.012393
1585068039.310469 16.929799 0.012452
1585068039.409469 16.929589 0.012423
1585068039.475469 16.929140 0.012419
1585068039.541469 16.928775 0.012454
1585068039.607469 16.928808 0.012466
1585068039.706470 16.928335 0.012467
1585068039.838470 16.927461 0.012476
1585068039.970470 16.926523 0.012333
1585068040.069470 16.924981 0.012461
1585068040.168471 16.924744 0.012423
1585068040.234471 16.924691 0.012463
1585068040.300471 16.925203 0.012421
1585068040.366471 16.924625 0.012475
1585068040.432472 16.923770 0.012460
1585068040.498472 16.923725 0.012458
1585068040.564472 16.923199 0.012427
1585068040.663472 16.922284 0.012429
1585068040.762472 16.922202 0.012459
1585068040.861473 16.921659 0.012468
1585068040.960473 16.921139 0.012453
1585068041.059473 16.920088 0.012445
1585068041.125473 16.919156 0.012439
1585068041.224473 16.918135 0.012452
1585068041.356474 16.916975 0.012434
1585068041.455474 16.915860 0.012412
1585068041.554474 16.915318 0.012312
1585068041.620474 16.914846 0.012478
1585068041.719474 16.915242 0.012468
1585068041.818475 16.915545 0.012438
1585068041.917475 16.914715 0.012452
1585068042.016475 16.913519 0.012458
1585068042.115475 16.912842 0.012461
1585068042.214476 16.914173 0.012470
1585068042.313476 16.913227 0.012456
1585068042.445476 16.911825 0.012363
1585068042.577477 16.908987 0.012311
1585068042.676477 16.909738 0.012464
1585068042.808477 16.907801 0.012476
1585068042.940477 16.906718 0.012434
1585068043.072478 16.904559 0.012406
1585068043.204478 16.901657 0.012444
1585068043.336478 16.901271 0.012398
1585068043.468479 16.899159 0.012475
1585068043.600479 16.896671 0.012421
1585068043.699479 16.896471 0.012475
1585068043.831480 16.895221 0.012321
1585068043.963480 16.894801 0.012457
1585068044.095480 16.893601 0.012365
1585068044.194480 16.893320 0.012417
1585068044.293481 16.893751 0.012475
1585068044.425481 16.891876 0.012473
1585068044.524481 16.891538 0.012478
1585068044.656482 16.888607 0.012353
1585068044.788482 16.886856 0.012419
1585068044.953482 16.883325 0.012475
1585068045.118483 16.881761 0.012412
1585068045.283483 16.879318 0.012374
1585068045.415483 16.879186 0.012474
1585068045.547484 16.876583 0.012474
1585068045.712484 16.872548 0.012476
1585068045.844484 16.870874 0.012427
1585068046.009485 16.866962 0.012462
1585068046.174485 16.862530 0.012468
1585068046.339486 16.858139 0.012456
1585068046.504486 16.855366 0.012426
1585068046.702487 16.851518 0.012354
1585068046.900487 16.845445 0.012450
1585068047.098487 16.841068 0.012455
1585068047.296488 16.834526 0.012422
1585068047.527488 16.828599 0.012420
