DelayedMarginalization 0.00139247 9.28777e-07 0.00971547 1834
DelayedMarginalizationOnly 0.000668332 4.93398e-07 0.00728754 1834
EF-marginalizeFrame 0.0017648 9.8511e-07 0.0101006 1834
FullSystem::trackNewCoarse 0.00582243 1.8398e-05 0.0363489 7154
FullSystem::trackNewCoarseNoIMU 0.00172296 4.03103e-07 0.0063262 387
FullSystemOptimize 0.140495 0.000322244 0.191164 1840
GraphUnrolling 0.0263174 0.000154053 0.039473 4
IMUInitAddPose 3.57482e-05 3.43154e-09 0.00178136 1840
IMUInitOptimize 0.0373779 0.000522337 0.084027 35
IMUIntegration::finishKeyframeOperations 5.04589e-05 2.5378e-09 0.000998031 1800
InitializerFirstFrame 0.029235 -nan 0.029235 1
InitializerOtherFrames 0.0268579 8.08865e-05 0.0810682 491
MainMarginalization 0.00159086 9.49849e-07 0.00991161 1834
MarginalizationReplacementBuildGraph 0.00193684 -nan 0.00193684 1
MarginalizeMainGraph 0.000722411 3.00334e-07 0.00724652 1834
PGBA 0.0557768 6.19449e-05 0.0627036 4
PGBAFull 0.0505417 0.00078955 0.0674135 5
PrepareGraphForMainOptimization 0.0264115 0.000154182 0.0395716 4
VisualMarginalization 3.02885e-05 6.46187e-09 0.00212732 1834
activatePointsMT 0.00423621 4.01567e-06 0.0168485 1840
addActiveFrame 0.0491053 0.00465406 0.296377 8033
addIMUData 0.00102287 1.13249e-06 0.0136418 7154
addIMUDataToBA 0.000105417 7.48625e-09 0.0022634 8032
addKeyframeToBA 5.19631e-05 7.31493e-10 0.000708824 1840
afterCoarseTracking 3.51781e-07 2.91778e-12 0.000113511 7541
baIteration 0.0228739 2.92716e-05 0.0523524 10573
baMatrixInversion 0.000170674 9.67152e-09 0.00269094 10573
baUpdateBuildHessians 0.000582046 2.56176e-07 0.0106075 10573
coarseTrackingIteration 0.000557175 8.52342e-07 0.00920328 60302
computeBAUpdate 0.000852479 2.84614e-07 0.0108639 10573
computeCoarseUpdate 0.000312486 5.37312e-07 0.00800263 58090
computeFactorForCoarseGraphAndMarginalCovariances 0.0022448 5.94227e-07 0.012762 1800
convertHAndBFromDSO 0.000103057 2.376e-09 0.00150334 17881
debugPlot 1.09247e-07 1.35266e-13 1.5648e-05 1840
debugPlotIDepthMap 4.4327e-07 4.35606e-14 2.624e-06 1840
debugPlotIDepthMapFloat 3.59745e-08 5.89502e-16 3.91e-07 1840
deliverTrackedFrame 0.042282 0.00482248 0.288351 7542
flagFramesForMarginalization 1.97785e-06 9.11568e-13 1.637e-05 1840
fullCoarseTracking 0.00703999 2.82537e-05 0.088582 7541
initObjectsAndMakeImage 0.0011471 2.62848e-07 0.00526204 8033
makeKeyframe 0.163284 0.000362448 0.2883 1840
makeKeyframeChangeTrackingRef 0.00180116 9.36657e-08 0.00518094 1840
makeNewTraces 0.00342691 1.57631e-07 0.00625091 1840
makeNonKeyframe 0.00314212 2.92091e-06 0.00834272 5702
marginalizeAndRemovePoints 0.0032526 7.5888e-07 0.00678849 1840
marginalizeFrame 0.00338227 1.24227e-06 0.0115726 1834
marginalizeFrameOverhead 0.00161338 1.428e-07 0.00501967 1834
marginalizeFrames 0.00338518 1.27937e-06 0.0115905 1840
newFrameAndNewResidualsForOldPoints 0.000983059 5.67687e-08 0.00323768 1840
printBiases 9.95906e-06 1.50882e-09 0.000947669 1840
printEigenValLine 1.46452e-07 1.66352e-15 1.183e-06 1840
printLogLine 0.000141357 7.10263e-08 0.00286365 1840
publishInMakeKeyframe 7.19867e-07 3.5475e-10 0.000807967 1840
removeOutliers 0.000152488 3.64671e-09 0.00167806 1840
swapTrackingRef 0.000161791 8.11442e-08 0.00296296 1839
timeMeasurement 1.68037e-06 6.8829e-11 0.000727881 8033
traceNewCoarse 0.00300005 2.35262e-06 0.00832847 7542
updateBAValues 1.09275e-05 3.36264e-11 0.000171649 18782
zero 1.42608e-07 5.2586e-14 1.5308e-05 8033
