EF-marginalizeFrame 0.000122674 5.31656e-09 0.00123664 2105
FullSystem::trackNewCoarseNoIMU 0.00243058 1.5548e-06 0.0156847 6476
FullSystemOptimize 0.149278 0.000335589 0.607716 2111
IMUInitAddPose 1.7462e-05 -nan 1.7462e-05 1
InitializerFirstFrame 0.0291899 -nan 0.0291899 1
InitializerOtherFrames 0.0350014 0.000468041 0.114475 112
VisualMarginalization 3.32433e-05 4.37928e-10 0.000701829 2105
activatePointsMT 0.00454664 5.03379e-06 0.018664 2111
addActiveFrame 0.0606927 0.00593746 0.636708 6589
afterCoarseTracking 2.97888e-07 1.12411e-12 8.3903e-05 6476
baIteration 0.0232349 4.04529e-05 0.118566 12684
coarseTrackingIteration 0.000150133 3.34472e-08 0.00439611 65858
debugPlot 1.01027e-07 3.96544e-15 7.91e-07 2111
debugPlotIDepthMap 3.80417e-07 3.05914e-14 4.228e-06 2111
debugPlotIDepthMapFloat 3.98162e-08 7.2737e-16 4.61e-07 2111
deliverTrackedFrame 0.057572 0.00602397 0.629393 6477
flagFramesForMarginalization 1.95167e-06 7.83844e-13 1.7142e-05 2111
fullCoarseTracking 0.00243812 1.5612e-06 0.0156909 6476
initObjectsAndMakeImage 0.00109731 1.17082e-07 0.00433442 6589
makeKeyframe 0.168118 0.000343928 0.629387 2111
makeKeyframeChangeTrackingRef 0.00177397 6.05568e-08 0.00403612 2111
makeNewTraces 0.00343286 1.8647e-07 0.00656649 2111
makeNonKeyframe 0.00410322 1.67451e-06 0.00882068 4366
marginalizeAndRemovePoints 0.00335033 7.63617e-07 0.0070658 2111
marginalizeFrame 0.00160486 1.18244e-07 0.00427559 2105
marginalizeFrameOverhead 0.0014793 9.69758e-08 0.00413996 2105
marginalizeFrames 0.0016014 1.25355e-07 0.00427725 2111
newFrameAndNewResidualsForOldPoints 0.000899616 4.40504e-08 0.00287913 2111
printEigenValLine 1.53381e-07 1.00829e-15 9.42e-07 2111
printLogLine 0.000159877 7.36401e-08 0.00320244 2111
publishInMakeKeyframe 1.67282e-07 6.73453e-15 9.82e-07 2111
removeOutliers 0.000145466 2.6511e-09 0.00143614 2111
swapTrackingRef 5.53999e-07 1.35757e-13 4.028e-06 2111
timeMeasurement 1.84879e-06 1.75362e-11 0.00017131 6589
traceNewCoarse 0.00365803 1.60505e-06 0.00880814 6477
zero 1.2725e-07 1.94885e-14 8.476e-06 6589
