EF-marginalizeFrame 0.000138093 1.29275e-08 0.0027639 1929
FullSystem::trackNewCoarseNoIMU 0.00296959 1.24511e-05 0.169537 6813
FullSystemOptimize 0.213768 0.000530223 0.465975 1935
IMUInitAddPose 3.3224e-05 -nan 3.3224e-05 1
InitializerFirstFrame 0.0306714 -nan 0.0306714 1
InitializerOtherFrames 0.0351568 0.000418636 0.112118 143
VisualMarginalization 3.88697e-05 4.22032e-09 0.00257845 1929
activatePointsMT 0.00542793 7.88103e-06 0.0284205 1935
addActiveFrame 0.073324 0.0108344 0.59185 6957
afterCoarseTracking 3.5962e-07 2.6058e-13 2.2443e-05 6813
baIteration 0.0334447 7.64362e-05 0.109988 11628
coarseTrackingIteration 0.000230033 7.70425e-08 0.00811232 53198
debugPlot 1.3193e-07 4.79188e-15 7.01e-07 1935
debugPlotIDepthMap 4.53951e-07 8.17058e-13 3.6329e-05 1935
debugPlotIDepthMapFloat 1.51908e-07 2.22925e-11 0.000207734 1935
deliverTrackedFrame 0.06974 0.0110105 0.476812 6814
flagFramesForMarginalization 2.09347e-06 7.51514e-13 1.3908e-05 1935
fullCoarseTracking 0.00297953 1.24548e-05 0.169543 6813
initObjectsAndMakeImage 0.00136559 2.60585e-07 0.0069037 6957
makeKeyframe 0.235153 0.000538495 0.476802 1935
makeKeyframeChangeTrackingRef 0.00215716 2.86554e-07 0.00712248 1935
makeNewTraces 0.00386352 5.385e-07 0.00820717 1935
makeNonKeyframe 0.00409877 2.33783e-06 0.0196204 4879
marginalizeAndRemovePoints 0.00383226 1.31795e-06 0.0114196 1935
marginalizeFrame 0.00176839 2.36612e-07 0.00594159 1929
marginalizeFrameOverhead 0.00162654 1.86295e-07 0.0044865 1929
marginalizeFrames 0.00176403 2.72282e-07 0.00594328 1935
newFrameAndNewResidualsForOldPoints 0.00104804 1.00024e-07 0.00374107 1935
printEigenValLine 1.81382e-07 6.9793e-13 3.685e-05 1935
printLogLine 0.000199313 1.34459e-07 0.00377922 1935
publishInMakeKeyframe 1.95519e-07 6.00896e-15 7.62e-07 1935
removeOutliers 0.000178187 4.83249e-09 0.000627899 1935
swapTrackingRef 5.8289e-07 4.36606e-13 2.2292e-05 1935
timeMeasurement 2.12517e-06 5.09605e-10 0.00185851 6957
traceNewCoarse 0.00369802 2.15776e-06 0.0196048 6814
zero 4.82287e-07 5.02309e-10 0.0018561 6957
