EF-marginalizeFrame 0.000130334 8.05186e-09 0.00265382 2010
FullSystem::trackNewCoarseNoIMU 0.00264317 3.71811e-06 0.112786 7065
FullSystemOptimize 0.154774 0.000564635 0.580847 2016
IMUInitAddPose 1.9107e-05 -nan 1.9107e-05 1
InitializerFirstFrame 0.0253218 -nan 0.0253218 1
InitializerOtherFrames 0.0291583 0.000256302 0.0890555 119
VisualMarginalization 3.3762e-05 5.22307e-10 0.000578555 2010
activatePointsMT 0.00474173 4.9798e-06 0.0227334 2016
addActiveFrame 0.0556872 0.00601799 0.609497 7185
afterCoarseTracking 2.78583e-07 1.3182e-12 9.6219e-05 7065
baIteration 0.0240682 5.02753e-05 0.113495 12114
coarseTrackingIteration 0.000158531 3.90745e-08 0.0148562 76974
debugPlot 1.11124e-07 4.49696e-15 7.42e-07 2016
debugPlotIDepthMap 4.17876e-07 2.31456e-13 1.9656e-05 2016
debugPlotIDepthMapFloat 4.76091e-08 1.41427e-15 4.41e-07 2016
deliverTrackedFrame 0.0523341 0.00609945 0.605796 7066
flagFramesForMarginalization 2.00603e-06 6.01128e-12 0.000103063 2016
fullCoarseTracking 0.00265019 3.72092e-06 0.112791 7065
initObjectsAndMakeImage 0.00112097 1.27506e-07 0.00436366 7185
makeKeyframe 0.174075 0.000628524 0.60579 2016
makeKeyframeChangeTrackingRef 0.00183873 4.0124e-07 0.0263567 2016
makeNewTraces 0.00352587 6.36267e-07 0.0254677 2016
makeNonKeyframe 0.00371247 1.91916e-06 0.0202306 5050
marginalizeAndRemovePoints 0.00348602 1.10071e-06 0.0170052 2016
marginalizeFrame 0.00172507 3.49127e-07 0.0191464 2010
marginalizeFrameOverhead 0.00159138 2.72736e-07 0.0164846 2010
marginalizeFrames 0.00172112 3.57172e-07 0.0191483 2016
newFrameAndNewResidualsForOldPoints 0.000930442 4.42696e-08 0.00268465 2016
printEigenValLine 1.86802e-07 3.96232e-12 8.9498e-05 2016
printLogLine 0.000164338 8.65653e-08 0.00369497 2016
publishInMakeKeyframe 1.82849e-07 7.3181e-15 1.243e-06 2016
removeOutliers 0.000153621 6.77866e-09 0.0028866 2016
swapTrackingRef 5.40201e-07 1.09058e-11 0.000148057 2016
timeMeasurement 1.76776e-06 6.5688e-12 0.00012239 7185
traceNewCoarse 0.00337674 1.71227e-06 0.0202015 7066
zero 1.47918e-07 3.54085e-14 1.0319e-05 7185
