EF-marginalizeFrame 0.000120921 3.26213e-09 0.000990194 2020
FullSystem::trackNewCoarseNoIMU 0.00256731 6.54657e-06 0.153426 6094
FullSystemOptimize 0.148613 0.000217312 0.296147 2026
IMUInitAddPose 1.534e-05 -nan 1.534e-05 1
InitializerFirstFrame 0.0401125 -nan 0.0401125 1
InitializerOtherFrames 0.0322873 0.000262681 0.0954311 247
VisualMarginalization 3.23617e-05 2.70774e-10 0.000451647 2020
activatePointsMT 0.00448267 4.24147e-06 0.0142021 2026
addActiveFrame 0.0609761 0.00579529 0.40284 6342
afterCoarseTracking 2.85206e-07 1.65909e-14 2.184e-06 6094
baIteration 0.023105 3.64714e-05 0.0801538 12174
coarseTrackingIteration 0.000156642 3.67186e-08 0.00514958 64814
debugPlot 9.63865e-08 4.95243e-15 9.82e-07 2026
debugPlotIDepthMap 3.9629e-07 3.71874e-14 3.286e-06 2026
debugPlotIDepthMapFloat 3.98924e-08 6.32362e-16 3.4e-07 2026
deliverTrackedFrame 0.0583555 0.00598986 0.307731 6095
flagFramesForMarginalization 1.82349e-06 5.74188e-13 1.7284e-05 2026
fullCoarseTracking 0.00257496 6.55217e-06 0.153435 6094
initObjectsAndMakeImage 0.00114931 2.48251e-07 0.00611198 6342
makeKeyframe 0.167326 0.000221634 0.307723 2026
makeKeyframeChangeTrackingRef 0.00176585 5.38302e-08 0.00440774 2026
makeNewTraces 0.00339126 1.65386e-07 0.00597988 2026
makeNonKeyframe 0.00407405 1.93472e-06 0.00827078 4069
marginalizeAndRemovePoints 0.00340081 8.5449e-07 0.0068384 2026
marginalizeFrame 0.00160651 1.33044e-07 0.00407489 2020
marginalizeFrameOverhead 0.00148248 1.13189e-07 0.00390549 2020
marginalizeFrames 0.00160275 1.41824e-07 0.00407614 2026
newFrameAndNewResidualsForOldPoints 0.000890004 4.42071e-08 0.00384487 2026
printEigenValLine 1.49781e-07 1.95079e-15 9.72e-07 2026
printLogLine 0.000146347 6.04723e-08 0.0030996 2026
publishInMakeKeyframe 2.13115e-07 7.90581e-15 1.403e-06 2026
removeOutliers 0.000146046 2.89995e-09 0.00158913 2026
swapTrackingRef 3.9155e-07 4.69771e-14 2.374e-06 2026
timeMeasurement 1.69752e-06 2.52228e-11 0.000266147 6342
traceNewCoarse 0.00361377 1.78511e-06 0.00825672 6095
zero 1.33094e-07 4.00731e-14 1.3314e-05 6342
