1610026590.255599 27.059080 0.458676
1610026590.387599 27.386639 0.396077
1610026590.519600 27.225739 0.369770
1610026590.618600 27.332777 0.351431
1610026590.717600 27.412125 0.333234
1610026590.816601 27.335476 0.307946
1610026590.915601 27.448211 0.292315
1610026591.014601 27.351767 0.272746
1610026591.146601 27.218025 0.255846
1610026591.212602 27.427901 0.249593
1610026591.311602 27.793082 0.236599
1610026591.443602 27.952367 0.222361
1610026591.575603 28.000778 0.199517
1610026591.707603 28.092489 0.184079
1610026591.839603 28.178701 0.171243
1610026591.971603 28.314253 0.164140
1610026592.103604 28.454581 0.157860
1610026592.202604 28.485337 0.151566
1610026592.334604 28.697022 0.145782
1610026592.466604 28.715761 0.134041
1610026592.598605 28.668737 0.128662
1610026592.730605 28.599824 0.122333
1610026592.862606 28.570859 0.118195
1610026592.994606 28.624039 0.114906
1610026593.126606 28.719635 0.112435
1610026593.258607 28.776477 0.109231
1610026593.390607 28.764815 0.106062
1610026593.522607 28.868812 0.103034
1610026593.654607 28.812747 0.099547
1610026593.786608 28.828413 0.096254
1610026593.918608 28.857764 0.093656
1610026594.050608 28.904974 0.092230
1610026594.182609 28.956579 0.090718
1610026594.314609 28.824926 0.087244
1610026594.413609 28.740643 0.085138
1610026594.512609 28.730088 0.083638
1610026594.611610 28.775816 0.081288
1610026594.710610 28.800221 0.080092
1610026594.842610 28.796148 0.078816
1610026594.974611 28.796089 0.077540
1610026595.073611 28.811713 0.076590
1610026595.172611 28.815342 0.075604
1610026595.271611 28.809142 0.074628
1610026595.370612 28.801788 0.073304
1610026595.469612 28.802533 0.072171
1610026595.568612 28.793932 0.071785
1610026595.667612 28.806493 0.071140
1610026595.766613 28.809058 0.070701
1610026595.865613 28.760595 0.069705
1610026595.964613 28.695599 0.068147
1610026596.063613 28.729030 0.067788
1610026596.162613 28.763671 0.067011
1610026596.294614 28.804586 0.066751
1610026596.426614 28.757517 0.066199
1610026596.558614 28.759932 0.065416
1610026596.657615 28.739870 0.064500
1610026596.756615 28.746521 0.064066
1610026596.888615 28.748692 0.063120
1610026596.987616 28.749727 0.062234
1610026597.086616 28.758700 0.061700
1610026597.185616 28.762798 0.061029
1610026597.284616 28.788280 0.060587
1610026597.383616 28.820198 0.060351
1610026597.482617 28.848115 0.060227
1610026597.581617 28.851642 0.060256
1610026597.680617 28.775443 0.059203
1610026597.779618 28.758537 0.058486
1610026597.878618 28.782266 0.057796
1610026597.944618 28.809202 0.057693
1610026598.043618 28.797273 0.057286
1610026598.109618 28.753485 0.056696
1610026598.175619 28.777149 0.056612
1610026598.241619 28.778484 0.056323
1610026598.340619 28.777473 0.056185
1610026598.439619 28.750166 0.055408
1610026598.538619 28.757403 0.054841
1610026598.637619 28.738448 0.054456
1610026598.703620 28.756887 0.054437
1610026598.802620 28.778947 0.054298
1610026598.901620 28.763493 0.054322
1610026599.000621 28.810754 0.054056
1610026599.099621 28.802249 0.053653
1610026599.198621 28.797560 0.053122
1610026599.297621 28.802357 0.052713
1610026599.396621 28.793613 0.052613
1610026599.495622 28.821532 0.052361
1610026599.594622 28.829270 0.052113
1610026599.693622 28.839322 0.051660
1610026599.792622 28.803645 0.050827
1610026599.891623 28.770282 0.049826
1610026599.990623 28.767871 0.049279
1610026600.089623 28.755724 0.048502
1610026600.188623 28.717610 0.047383
1610026600.287624 28.708802 0.046224
1610026600.386624 28.715538 0.045544
1610026600.485624 28.744537 0.045341
1610026600.584624 28.739045 0.045007
1610026600.683625 28.707206 0.044399
1610026600.782625 28.763600 0.044530
1610026600.881625 28.801603 0.044391
1610026600.980625 28.781400 0.043987
1610026601.079625 28.770117 0.043429
1610026601.178626 28.767050 0.042917
1610026601.277626 28.767736 0.042337
1610026601.376626 28.764504 0.041401
1610026601.475626 28.751883 0.040616
1610026601.574627 28.759511 0.039805
1610026601.673627 28.793330 0.039143
1610026601.772627 28.778682 0.038312
1610026601.871628 28.736271 0.036796
1610026601.970628 28.765006 0.036048
1610026602.069628 28.699138 0.035061
1610026602.135628 28.653106 0.034538
1610026602.201628 28.608398 0.034163
1610026602.267628 28.625549 0.033929
1610026602.333629 28.618503 0.033653
1610026602.399629 28.596446 0.033303
1610026602.465629 28.598824 0.032833
1610026602.531629 28.588281 0.032564
1610026602.630629 28.629428 0.032234
1610026602.729630 28.633536 0.032186
1610026602.828630 28.599764 0.031812
1610026602.894630 28.572100 0.031620
1610026602.960630 28.555501 0.031389
1610026603.026630 28.570561 0.031241
1610026603.092631 28.585758 0.030960
1610026603.158631 28.567281 0.030875
1610026603.224631 28.570076 0.030714
1610026603.290631 28.548120 0.030698
1610026603.356631 28.540674 0.030611
1610026603.422631 28.524619 0.030488
1610026603.488631 28.495507 0.030399
1610026603.554631 28.469321 0.030285
1610026603.620632 28.437865 0.030267
1610026603.686632 28.420615 0.030212
1610026603.752632 28.438538 0.030154
1610026603.818632 28.459023 0.030097
1610026603.884632 28.439104 0.030093
1610026603.950632 28.444299 0.030048
1610026604.016633 28.428551 0.029952
1610026604.082633 28.428255 0.029883
1610026604.148633 28.420028 0.029830
1610026604.214633 28.395189 0.029638
1610026604.280633 28.405954 0.029862
1610026604.346633 28.409724 0.029858
1610026604.412634 28.394372 0.029864
1610026604.478634 28.395223 0.029809
1610026604.544634 28.394612 0.029704
1610026604.610634 28.391354 0.029560
1610026604.676634 28.381526 0.029412
1610026604.742635 28.361479 0.029218
1610026604.808635 28.359562 0.028949
1610026604.874635 28.351042 0.028854
1610026604.940635 28.326993 0.028788
1610026605.006635 28.304040 0.028614
1610026605.072635 28.290223 0.028275
1610026605.138636 28.297861 0.028349
1610026605.204636 28.306361 0.028185
1610026605.270636 28.321903 0.028296
1610026605.336636 28.319659 0.028009
1610026605.402636 28.316115 0.027978
1610026605.468636 28.306462 0.027805
1610026605.534636 28.287221 0.027763
1610026605.600636 28.296936 0.027562
1610026605.666637 28.298422 0.027462
1610026605.732637 28.293995 0.027405
1610026605.798637 28.278753 0.027281
1610026605.864637 28.257872 0.027198
1610026605.930637 28.266999 0.027139
1610026605.996637 28.265722 0.027133
1610026606.062638 28.278078 0.026971
1610026606.128638 28.294220 0.026783
1610026606.194638 28.274273 0.026583
1610026606.260638 28.282424 0.026495
1610026606.359638 28.270347 0.026452
1610026606.458639 28.279258 0.026419
1610026606.557639 28.267527 0.026242
1610026606.656639 28.289038 0.026305
1610026606.755639 28.271992 0.026314
1610026606.821640 28.255105 0.026267
1610026606.887640 28.241401 0.026188
1610026606.953640 28.245411 0.026120
1610026607.019640 28.246873 0.026102
1610026607.085640 28.253953 0.026087
1610026607.151640 28.245346 0.026036
1610026607.217640 28.245437 0.026025
1610026607.283641 28.260741 0.026042
1610026607.349641 28.257804 0.026020
1610026607.415641 28.253458 0.025971
1610026607.481641 28.256090 0.025950
1610026607.547641 28.264700 0.025875
1610026607.613642 28.257257 0.025589
1610026607.679641 28.263893 0.025708
1610026607.745642 28.274292 0.025686
1610026607.811642 28.271393 0.025767
1610026607.877642 28.275990 0.025652
1610026607.943642 28.282398 0.025726
1610026608.009642 28.282193 0.025566
1610026608.075643 28.282716 0.025540
1610026608.141643 28.278198 0.025320
1610026608.207643 28.279087 0.025519
1610026608.273643 28.286268 0.025577
1610026608.339643 28.278450 0.025282
1610026608.405643 28.285928 0.025431
1610026608.471643 28.283653 0.025367
1610026608.537643 28.280651 0.025302
1610026608.603644 28.279814 0.025416
1610026608.669644 28.279850 0.025431
1610026608.735644 28.274511 0.025550
1610026608.801644 28.270253 0.025544
1610026608.867644 28.293060 0.025521
1610026608.933645 28.307570 0.025350
1610026608.999645 28.321804 0.025424
1610026609.065645 28.328858 0.024989
1610026609.131645 28.329267 0.025274
1610026609.197645 28.316630 0.025209
1610026609.263645 28.308073 0.025365
1610026609.329646 28.320081 0.025372
1610026609.395646 28.318910 0.025351
1610026609.461646 28.325216 0.025374
1610026609.527646 28.329654 0.025339
1610026609.593646 28.328266 0.025362
1610026609.659647 28.333713 0.025315
1610026609.725646 28.330554 0.025321
1610026609.791647 28.330533 0.025310
1610026609.857647 28.326085 0.025224
1610026609.923647 28.331820 0.025219
1610026609.989647 28.329874 0.024295
1610026610.055647 28.347709 0.025009
1610026610.121647 28.351422 0.024986
1610026610.187648 28.355912 0.025183
1610026610.253648 28.369403 0.025106
1610026610.319648 28.364073 0.025016
1610026610.385648 28.371032 0.025080
1610026610.451648 28.380455 0.024825
1610026610.517648 28.389706 0.024931
1610026610.583648 28.401273 0.024902
1610026610.649649 28.397768 0.024929
1610026610.715649 28.399274 0.024779
1610026610.781649 28.410280 0.024949
1610026610.847649 28.425920 0.024812
1610026610.913649 28.448930 0.024998
1610026610.979650 28.452074 0.024859
1610026611.045650 28.452860 0.024830
1610026611.111650 28.465521 0.024905
1610026611.177650 28.478996 0.024889
1610026611.243650 28.460453 0.024938
1610026611.309650 28.472173 0.024795
1610026611.375651 28.478139 0.024918
1610026611.441651 28.490407 0.024844
1610026611.507651 28.501363 0.024855
1610026611.573651 28.498982 0.024713
1610026611.639651 28.502152 0.024358
1610026611.705652 28.497533 0.024290
1610026611.771652 28.503346 0.024390
1610026611.837652 28.498530 0.023975
1610026611.903652 28.512540 0.024624
1610026611.969652 28.501375 0.024184
1610026612.035652 28.502872 0.024537
1610026612.101652 28.513326 0.024508
1610026612.167652 28.513172 0.024635
1610026612.233653 28.509811 0.024028
1610026612.299653 28.520242 0.024362
1610026612.365653 28.529537 0.024457
1610026612.431653 28.543474 0.024416
1610026612.497653 28.550475 0.024645
1610026612.563653 28.552951 0.024604
1610026612.629653 28.559195 0.024620
1610026612.695654 28.570267 0.024637
1610026612.761654 28.569013 0.024571
1610026612.827654 28.570512 0.023883
1610026612.893654 28.568791 0.024397
1610026612.959654 28.576213 0.024267
1610026613.025655 28.581247 0.024507
1610026613.091655 28.577218 0.024486
1610026613.157655 28.583116 0.024495
1610026613.223655 28.580836 0.024486
1610026613.289655 28.586521 0.024523
1610026613.355655 28.588139 0.024521
1610026613.421656 28.603753 0.024429
1610026613.487656 28.609540 0.024470
1610026613.553656 28.603460 0.024307
1610026613.619656 28.615818 0.024410
1610026613.685656 28.614901 0.024455
1610026613.784656 28.607956 0.024455
1610026613.850657 28.606571 0.024457
1610026613.949657 28.605072 0.024493
1610026614.015657 28.600922 0.024417
1610026614.081657 28.596981 0.024472
1610026614.147657 28.612209 0.024474
1610026614.213657 28.627487 0.024486
1610026614.312658 28.628009 0.024402
1610026614.411658 28.625956 0.024403
1610026614.510658 28.631584 0.024408
1610026614.609658 28.631982 0.024400
1610026614.708659 28.639562 0.024431
1610026614.807659 28.649989 0.024359
1610026614.906659 28.657375 0.024344
1610026615.005659 28.662935 0.024381
1610026615.071660 28.658893 0.024340
1610026615.137660 28.659222 0.024382
1610026615.203660 28.663560 0.024360
1610026615.302660 28.670425 0.024338
1610026615.401660 28.663483 0.024392
1610026615.500660 28.668107 0.024385
1610026615.632661 28.677836 0.024348
1610026615.830661 28.691305 0.024265
1610026615.995662 28.670583 0.024252
1610026616.193662 28.659145 0.024013
1610026616.358663 28.686633 0.024151
1610026616.523663 28.679269 0.024185
1610026616.655663 28.690977 0.024103
1610026616.787664 28.694598 0.024142
1610026616.886664 28.724305 0.024077
1610026616.985664 28.720160 0.024019
1610026617.084664 28.710934 0.023961
1610026617.150664 28.722389 0.023456
1610026617.249665 28.734814 0.023890
1610026617.348665 28.742604 0.023876
1610026617.480665 28.759015 0.023908
1610026617.612666 28.733340 0.023708
1610026617.744666 28.724705 0.023790
1610026617.876666 28.734633 0.023696
1610026617.975667 28.744256 0.023694
1610026618.074667 28.758095 0.023611
1610026618.173667 28.754485 0.023486
1610026618.305667 28.755560 0.023575
1610026618.437668 28.761289 0.023503
1610026618.569668 28.757515 0.023505
1610026618.701668 28.759757 0.023468
1610026618.833669 28.765759 0.023416
1610026618.965669 28.754108 0.023312
1610026619.097669 28.748891 0.023230
1610026619.229670 28.740696 0.023154
1610026619.361670 28.769870 0.023175
1610026619.493670 28.785759 0.023130
1610026619.625671 28.785546 0.023088
1610026619.757671 28.780071 0.023070
1610026619.889671 28.780281 0.023021
1610026620.021672 28.781242 0.022990
1610026620.153672 28.768034 0.022896
1610026620.252672 28.782962 0.022873
1610026620.351672 28.798576 0.022916
1610026620.450673 28.811097 0.022816
1610026620.549673 28.801441 0.022878
1610026620.681673 28.792494 0.022813
1610026620.813673 28.805069 0.022775
1610026620.945674 28.823097 0.022771
1610026621.077674 28.836473 0.022564
1610026621.209675 28.854580 0.022732
1610026621.341675 28.890629 0.022698
1610026621.440675 28.872235 0.022717
1610026621.539675 28.881033 0.022488
1610026621.638675 28.882198 0.022603
1610026621.737676 28.910141 0.022552
1610026621.836676 28.908385 0.022632
1610026621.935676 28.894275 0.022663
1610026622.034677 28.890944 0.022622
1610026622.133677 28.915512 0.022495
1610026622.232677 28.914542 0.022558
1610026622.331677 28.917557 0.022227
1610026622.430677 28.904662 0.022418
1610026622.529678 28.904282 0.022476
1610026622.628678 28.872583 0.022415
1610026622.727678 28.850904 0.022379
1610026622.826678 28.822148 0.022242
1610026622.925678 28.793456 0.022294
1610026623.024679 28.766542 0.022192
1610026623.123679 28.764472 0.022067
1610026623.222679 28.777647 0.022108
1610026623.321680 28.786159 0.021904
1610026623.420680 28.794818 0.021974
1610026623.552680 28.784825 0.021806
1610026623.684680 28.806864 0.021880
1610026623.816681 28.834213 0.021856
1610026623.948681 28.842806 0.021732
1610026624.080682 28.837436 0.021699
1610026624.212682 28.855561 0.021644
1610026624.344682 28.860681 0.021579
1610026624.476682 28.877823 0.021578
1610026624.608683 28.867639 0.021282
1610026624.740683 28.864632 0.021509
1610026624.872683 28.870119 0.021422
1610026625.004684 28.882257 0.021377
1610026625.136684 28.891971 0.021427
1610026625.268684 28.891086 0.021368
1610026625.400685 28.900448 0.021241
1610026625.532685 28.910036 0.021169
1610026625.664685 28.924710 0.020982
1610026625.796685 28.920851 0.021183
1610026625.928686 28.914276 0.021162
1610026626.060686 28.929106 0.021175
1610026626.192687 28.938729 0.021155
1610026626.324687 28.942757 0.021147
1610026626.456687 28.939479 0.020991
1610026626.621688 28.948858 0.021092
1610026626.786688 28.960276 0.021066
1610026626.951689 28.961521 0.021066
1610026627.116689 28.959010 0.020808
1610026627.281689 28.963334 0.020970
1610026627.446690 28.947324 0.021003
1610026627.611690 28.944485 0.020985
1610026627.776690 28.949643 0.020911
1610026627.941691 28.937749 0.020897
1610026628.106691 28.948429 0.020962
1610026628.271692 28.964624 0.020938
1610026628.436692 28.969534 0.020947
1610026628.601692 28.970967 0.020942
1610026628.766693 28.977696 0.020961
1610026628.931693 28.975875 0.020964
1610026629.096694 28.978873 0.020962
1610026629.261694 28.975647 0.020948
1610026629.459695 28.987389 0.020875
1610026629.690695 28.994303 0.020950
1610026629.888695 29.000823 0.020954
1610026630.119696 29.000666 0.020948
1610026630.350697 29.001786 0.020939
1610026630.581697 29.003163 0.020954
1610026630.812698 29.005425 0.020909
1610026631.043699 29.006577 0.020950
1610026631.274699 29.011038 0.020942
1610026631.538700 29.007860 0.020950
1610026631.802700 29.011800 0.020940
1610026632.066701 29.011470 0.020931
1610026632.297701 29.015086 0.020921
1610026632.594702 29.022008 0.020940
1610026632.891703 29.024544 0.020894
1610026633.155704 29.034021 0.020905
1610026633.518704 29.049483 0.020878
1610026633.716705 29.056223 0.020842
1610026634.112706 29.070066 0.020844
1610026634.475707 29.078224 0.020774
1610026634.706707 29.081249 0.020801
1610026634.904708 29.087585 0.020784
1610026635.069708 29.089929 0.020823
1610026635.201709 29.092280 0.020807
1610026662.096774 29.087499 0.020771
1610026662.591775 29.088995 0.020748
1610026662.888776 29.089482 0.020729
1610026663.152776 29.089254 0.020727
1610026663.449777 29.088595 0.020669
1610026663.911778 29.086454 0.020561
1610026664.241779 29.082078 0.020480
1610026664.538780 29.071973 0.020457
1610026664.802780 29.069573 0.020398
1610026665.132781 29.060616 0.020091
1610026665.528782 29.057259 0.020111
1610026665.858783 29.050970 0.019900
1610026666.089784 29.044281 0.019710
1610026666.320784 29.047175 0.019728
1610026666.551785 29.051214 0.019658
1610026666.749785 29.048286 0.019612
1610026666.914786 29.051689 0.019484
1610026667.112786 29.051549 0.019678
1610026667.277787 29.051581 0.019601
1610026667.409787 29.048484 0.019392
1610026667.541787 29.049153 0.019546
1610026667.673787 29.045404 0.019306
1610026667.805788 29.040945 0.019567
1610026667.937788 29.039603 0.019459
1610026668.036788 29.039622 0.019493
1610026668.135788 29.041081 0.019527
1610026668.234789 29.040207 0.019506
1610026668.300789 29.039714 0.019033
1610026668.399789 29.038478 0.019249
1610026668.498789 29.037224 0.019381
1610026668.597790 29.040792 0.019331
1610026668.663790 29.038187 0.019401
1610026668.762790 29.040599 0.019257
1610026668.861790 29.041714 0.019416
1610026668.960791 29.043514 0.019170
1610026669.092791 29.044572 0.019311
1610026669.224791 29.045460 0.019269
1610026669.323791 29.047032 0.019075
1610026669.455792 29.046943 0.019275
1610026669.587792 29.043278 0.019279
1610026669.719792 29.043419 0.018948
1610026669.851793 29.043292 0.019183
1610026669.983793 29.046324 0.019162
1610026670.115793 29.045854 0.019173
1610026670.247794 29.044825 0.019167
1610026670.379794 29.043230 0.019179
1610026670.511794 29.050562 0.019107
1610026670.643795 29.052525 0.019075
1610026670.775795 29.051791 0.019077
1610026670.907795 29.052385 0.019153
1610026671.006795 29.050207 0.019079
1610026671.138796 29.053412 0.019090
1610026671.237796 29.051723 0.018954
1610026671.336797 29.051506 0.019000
1610026671.435797 29.049295 0.018949
1610026671.534797 29.051682 0.019138
1610026671.633797 29.053286 0.019109
1610026671.732797 29.053617 0.019127
1610026671.831798 29.053971 0.019091
1610026671.930798 29.054185 0.019074
1610026672.029798 29.053363 0.018988
1610026672.128798 29.052220 0.018724
1610026672.227798 29.053361 0.018963
1610026672.326799 29.052692 0.019054
1610026672.425799 29.053194 0.018784
1610026672.557799 29.052258 0.018756
1610026672.689800 29.051680 0.019072
1610026672.821800 29.049606 0.019045
1610026672.953800 29.052716 0.018598
1610026673.052800 29.055031 0.018623
1610026673.151801 29.056173 0.018726
1610026673.250801 29.056216 0.018996
1610026673.349801 29.056946 0.018903
1610026673.448802 29.058127 0.018443
1610026673.547802 29.058282 0.018880
1610026673.646802 29.058765 0.017974
1610026673.745802 29.057043 0.018880
1610026673.844803 29.055851 0.018698
1610026673.943803 29.059267 0.018930
1610026674.042803 29.057741 0.018991
1610026674.141803 29.057222 0.018878
1610026674.240803 29.058305 0.018467
1610026674.339804 29.059480 0.018977
1610026674.405804 29.060616 0.018584
1610026674.471804 29.059350 0.018646
1610026674.537804 29.059054 0.018981
1610026674.603804 29.058201 0.018347
1610026674.669805 29.057693 0.019001
1610026674.735805 29.056584 0.018900
1610026674.801805 29.057434 0.018993
1610026674.867805 29.057111 0.019022
1610026674.933805 29.057175 0.019013
1610026674.999805 29.056787 0.018949
1610026675.065806 29.056644 0.018814
1610026675.131806 29.056168 0.018987
1610026675.197806 29.055670 0.018896
1610026675.263806 29.055582 0.018972
1610026675.329806 29.055666 0.019002
1610026675.395806 29.056436 0.018921
1610026675.461806 29.056797 0.018477
1610026675.527807 29.056241 0.018892
1610026675.593807 29.055956 0.018754
1610026675.659807 29.056050 0.018971
1610026675.725807 29.056151 0.017988
1610026675.791807 29.055810 0.018996
1610026675.857807 29.056124 0.018086
1610026675.923807 29.056451 0.018933
1610026675.989808 29.057090 0.018898
1610026676.055808 29.057285 0.019013
1610026676.121808 29.057188 0.018580
1610026676.187808 29.056776 0.018969
1610026676.253808 29.057473 0.018820
1610026676.319808 29.057501 0.018562
1610026676.385809 29.057463 0.018944
1610026676.451809 29.057699 0.018769
1610026676.517809 29.057935 0.018565
1610026676.583809 29.058514 0.018949
1610026676.649809 29.058406 0.017910
1610026676.715810 29.059203 0.017979
1610026676.781810 29.058958 0.018941
1610026676.847810 29.058939 0.018823
1610026676.913810 29.057947 0.018623
1610026676.979810 29.057629 0.018624
1610026677.045810 29.057744 0.018549
1610026677.111810 29.058566 0.018577
1610026677.177811 29.058490 0.018516
1610026677.243811 29.058522 0.018926
1610026677.309811 29.057870 0.018892
1610026677.375811 29.058023 0.018867
1610026677.441811 29.057667 0.019004
1610026677.507811 29.058211 0.018688
1610026677.573812 29.058575 0.018838
1610026677.639812 29.059398 0.017417
1610026677.705812 29.059015 0.018928
1610026677.771812 29.058904 0.019006
1610026677.837812 29.058777 0.018997
1610026677.903812 29.059267 0.018927
1610026677.969812 29.059731 0.018429
1610026678.035813 29.059534 0.018567
1610026678.101813 29.059004 0.018951
1610026678.167813 29.059411 0.018715
1610026678.233813 29.059397 0.017973
1610026678.299813 29.058967 0.018431
1610026678.365813 29.058792 0.018735
1610026678.431814 29.059140 0.018950
1610026678.497814 29.059605 0.018862
1610026678.563814 29.059835 0.018398
1610026678.629814 29.059327 0.019011
1610026678.695814 29.060046 0.018527
1610026678.761815 29.060229 0.019004
1610026678.827815 29.060673 0.018901
1610026678.893815 29.061746 0.018826
1610026678.959815 29.061827 0.019013
1610026679.025815 29.062699 0.018974
1610026679.091815 29.062871 0.018926
1610026679.157815 29.063157 0.018788
1610026679.223816 29.063134 0.019015
1610026679.289816 29.062997 0.018948
1610026679.355816 29.063014 0.019044
1610026679.421816 29.063441 0.018737
1610026679.487816 29.063146 0.018912
1610026679.553816 29.063262 0.018576
1610026679.619817 29.063054 0.018593
1610026679.685817 29.062618 0.018795
1610026679.751817 29.063467 0.018848
1610026679.817817 29.063989 0.018150
1610026679.883817 29.063422 0.018449
1610026679.949817 29.063234 0.018307
1610026680.015817 29.063334 0.019013
1610026680.081818 29.063887 0.018774
1610026680.147818 29.063550 0.019027
1610026680.213818 29.064507 0.018575
1610026680.279818 29.063990 0.018908
1610026680.345818 29.063870 0.018862
1610026680.411819 29.064603 0.018934
1610026680.477819 29.064686 0.018843
1610026680.543819 29.065258 0.018878
1610026680.609819 29.064694 0.017952
1610026680.675819 29.064383 0.018367
1610026680.741819 29.063860 0.017844
1610026680.807820 29.064030 0.018338
1610026680.873820 29.064395 0.017586
1610026680.939820 29.064069 0.018675
1610026681.005820 29.064613 0.018859
1610026681.071820 29.065515 0.018593
1610026681.137820 29.065152 0.018935
1610026681.203820 29.065358 0.018918
1610026681.269821 29.065509 0.018723
1610026681.335821 29.065551 0.018174
1610026681.401821 29.065206 0.017897
1610026681.467821 29.064980 0.018879
1610026681.533821 29.065820 0.018752
1610026681.599821 29.066121 0.018894
1610026681.665822 29.066613 0.018919
1610026681.731822 29.066426 0.018769
1610026681.797822 29.065859 0.017967
1610026681.863822 29.065697 0.018866
1610026681.929822 29.066058 0.018983
1610026681.995822 29.066101 0.018819
1610026682.061822 29.066314 0.018961
1610026682.127823 29.066276 0.018924
1610026682.193823 29.066686 0.018938
1610026682.259823 29.066556 0.018845
1610026682.325823 29.066571 0.018993
1610026682.391823 29.066540 0.018702
1610026682.457824 29.066753 0.018803
1610026682.523823 29.067045 0.018994
1610026682.589824 29.067118 0.018833
1610026682.655824 29.067443 0.018609
1610026682.721824 29.066973 0.018993
1610026682.787824 29.067546 0.018418
1610026682.853825 29.066782 0.018763
1610026682.919825 29.066758 0.018905
1610026682.985825 29.067062 0.018423
1610026683.051825 29.068079 0.018822
1610026683.117825 29.068405 0.018600
1610026683.183825 29.068417 0.018730
1610026683.249825 29.068765 0.018727
1610026683.315825 29.068436 0.018089
1610026683.381826 29.068537 0.018777
1610026683.447826 29.069236 0.018709
1610026683.513826 29.068917 0.017395
1610026683.579826 29.068487 0.018292
1610026683.645826 29.068455 0.018773
1610026683.711826 29.068938 0.018933
1610026683.777827 29.069215 0.018800
1610026683.843827 29.069312 0.018484
1610026683.909827 29.069373 0.018990
1610026683.975827 29.069581 0.018949
1610026684.041827 29.070670 0.018844
1610026684.107827 29.070702 0.018619
1610026684.173828 29.070920 0.018944
1610026684.239828 29.070730 0.017458
1610026684.305828 29.070239 0.018603
1610026684.371828 29.070319 0.018459
1610026684.437828 29.070424 0.018590
1610026684.503829 29.070245 0.018526
1610026684.569829 29.070552 0.017633
1610026684.635829 29.069559 0.017809
1610026684.701829 29.069138 0.017817
1610026684.767829 29.069644 0.016752
1610026684.833829 29.069187 0.017109
1610026684.899829 29.068958 0.018274
1610026684.965830 29.070568 0.018948
1610026685.031830 29.071283 0.018360
1610026685.097830 29.071641 0.018199
1610026685.163830 29.071527 0.018908
1610026685.229830 29.072533 0.018248
1610026685.295830 29.072406 0.018892
1610026685.361830 29.072457 0.015342
1610026685.427831 29.072171 0.017652
1610026685.493831 29.071407 0.018569
1610026685.559831 29.071768 0.018863
1610026685.625831 29.071288 0.018897
1610026685.691831 29.071919 0.018990
1610026685.757831 29.072155 0.018930
1610026685.823832 29.072608 0.018258
1610026685.889832 29.072435 0.018548
1610026685.955832 29.071791 0.018444
1610026686.021832 29.072350 0.016250
1610026686.087832 29.073193 0.017822
1610026686.153832 29.073494 0.017493
1610026686.219833 29.073981 0.018820
1610026686.285833 29.073526 0.018231
1610026686.351833 29.073421 0.018352
1610026686.417833 29.072999 0.018175
1610026686.483833 29.073382 0.017869
1610026686.549834 29.074132 0.018130
1610026686.615834 29.074228 0.018772
1610026686.681834 29.074153 0.018212
1610026686.747834 29.074434 0.018969
1610026686.813834 29.074347 0.018785
1610026686.879834 29.075083 0.018977
1610026686.945834 29.075134 0.018720
1610026687.044835 29.075267 0.018951
1610026687.143835 29.076910 0.018826
1610026687.242835 29.077985 0.018918
1610026687.341835 29.078151 0.016857
1610026687.440835 29.080167 0.018366
1610026687.539836 29.081021 0.018607
1610026687.605836 29.080225 0.018156
1610026687.671836 29.077756 0.018449
1610026687.737836 29.078145 0.018638
1610026687.803836 29.079271 0.018123
1610026687.869837 29.079154 0.018671
1610026687.935837 29.079993 0.018393
1610026688.034837 29.079142 0.018847
1610026688.100837 29.079050 0.018868
1610026688.166837 29.078185 0.018805
1610026688.232837 29.076824 0.018609
1610026688.298838 29.078724 0.018974
1610026688.364838 29.079299 0.018662
1610026688.430838 29.078989 0.017886
1610026688.496838 29.078497 0.018821
1610026688.562838 29.083351 0.018723
1610026688.628838 29.085451 0.018612
1610026688.694839 29.085198 0.018821
1610026688.760839 29.085831 0.018917
1610026688.859839 29.086843 0.018304
1610026688.958839 29.085516 0.018728
1610026689.057839 29.083078 0.017884
1610026689.222840 29.082226 0.018780
1610026689.387840 29.081481 0.018787
1610026689.519840 29.082275 0.018303
1610026689.651841 29.082195 0.018857
1610026689.750841 29.082484 0.018373
1610026689.849841 29.082013 0.018799
1610026689.948842 29.081877 0.018826
1610026690.014842 29.082030 0.018370
1610026690.080842 29.081753 0.018383
1610026690.146842 29.081044 0.018586
1610026690.245842 29.082384 0.016988
1610026690.344842 29.081585 0.018625
1610026690.443843 29.078767 0.018536
1610026690.542843 29.080489 0.018801
1610026690.641844 29.081914 0.018888
1610026690.740844 29.082155 0.018300
1610026690.839844 29.082458 0.017149
1610026690.938844 29.082081 0.018342
1610026691.037844 29.082662 0.018935
1610026691.136845 29.083458 0.018928
1610026691.235845 29.084466 0.018929
1610026691.334845 29.083616 0.018918
1610026691.433845 29.083373 0.018850
1610026691.532845 29.082921 0.018778
1610026691.631846 29.083544 0.018147
1610026691.730846 29.083229 0.018799
1610026691.829846 29.083406 0.018755
1610026691.928847 29.083839 0.018761
1610026692.027847 29.083916 0.018934
1610026692.126847 29.084694 0.018665
1610026692.225847 29.084780 0.018646
1610026692.291847 29.084255 0.018442
1610026692.390847 29.084221 0.018574
1610026692.456848 29.084312 0.018811
1610026692.522848 29.084166 0.018759
1610026692.588848 29.084530 0.018805
1610026692.654848 29.084993 0.018832
1610026692.720848 29.085110 0.018605
1610026692.786849 29.084871 0.018872
1610026692.852849 29.085071 0.018665
1610026692.918849 29.084604 0.018878
1610026692.984849 29.084414 0.017203
1610026693.050849 29.084983 0.018036
1610026693.116849 29.084282 0.017367
1610026693.182850 29.084121 0.018660
1610026693.248850 29.084381 0.018523
1610026693.314850 29.085073 0.018903
1610026693.380850 29.086111 0.018063
1610026693.446850 29.086149 0.018367
1610026693.512851 29.086480 0.018443
1610026693.578851 29.085550 0.018818
1610026693.644851 29.085342 0.018197
1610026693.710851 29.086031 0.018868
1610026693.776851 29.086728 0.018956
1610026693.842851 29.086331 0.018893
1610026693.908851 29.086113 0.018823
1610026693.974851 29.085636 0.018068
1610026694.040852 29.086484 0.018740
1610026694.106852 29.085242 0.018830
1610026694.172852 29.085120 0.017903
1610026694.238852 29.083690 0.018896
1610026694.304852 29.084188 0.018872
1610026694.370852 29.085738 0.018924
1610026694.436852 29.085526 0.018600
1610026694.502853 29.085625 0.018653
1610026694.568853 29.087199 0.018758
1610026694.634853 29.086558 0.018910
1610026694.700853 29.085520 0.018903
1610026694.766853 29.085643 0.018667
1610026694.832854 29.085416 0.018795
1610026694.898854 29.084649 0.016354
1610026694.964854 29.081456 0.018030
1610026695.030854 29.078617 0.018470
1610026695.096854 29.079603 0.018428
1610026695.162854 29.081385 0.016817
1610026695.228854 29.080580 0.017542
1610026695.294855 29.082664 0.018328
1610026695.360855 29.083523 0.018842
1610026695.426855 29.084928 0.018160
1610026695.492855 29.083880 0.018814
1610026695.558856 29.082565 0.018629
1610026695.624856 29.082981 0.018924
1610026695.690856 29.082294 0.018719
1610026695.756856 29.082540 0.018676
1610026695.822856 29.082415 0.017882
1610026695.888856 29.083508 0.015452
1610026695.954856 29.079464 0.017322
1610026696.020856 29.078157 0.017937
1610026696.086856 29.079929 0.018228
1610026696.152857 29.080733 0.017652
1610026696.218857 29.079268 0.016871
1610026696.284857 29.074610 0.018671
1610026696.350857 29.076918 0.017142
1610026696.416857 29.076986 0.018627
1610026696.482857 29.076722 0.018780
1610026696.581858 29.078341 0.018655
1610026696.647858 29.077871 0.018366
1610026696.713858 29.076996 0.018785
1610026696.779858 29.076734 0.018569
1610026696.845859 29.077192 0.018440
1610026696.911859 29.077003 0.018038
1610026696.977859 29.076132 0.018751
1610026697.043859 29.075592 0.018211
1610026697.109859 29.076199 0.018609
1610026697.175859 29.075634 0.018632
1610026697.241860 29.075324 0.018668
1610026697.307860 29.075665 0.015869
1610026697.373860 29.074693 0.018115
1610026697.439860 29.074462 0.018816
1610026697.505860 29.076848 0.018757
1610026697.571861 29.076084 0.018755
1610026697.637861 29.076731 0.018316
1610026697.703861 29.076457 0.018804
1610026697.769861 29.076752 0.018655
1610026697.835861 29.075666 0.018437
1610026697.901861 29.074893 0.018382
1610026697.967861 29.074609 0.017455
1610026698.033862 29.071545 0.017513
1610026698.099862 29.070762 0.017749
1610026698.165862 29.069149 0.018577
1610026698.231862 29.071450 0.017815
1610026698.297862 29.069905 0.018609
1610026698.363862 29.072065 0.018182
1610026698.429862 29.071690 0.018266
1610026698.495863 29.072709 0.015288
1610026698.561863 29.068284 0.015843
1610026698.627863 29.065939 0.015998
1610026698.693863 29.067290 0.015089
1610026698.759863 29.062404 0.013902
1610026698.825863 29.062837 0.017748
1610026698.891864 29.064322 0.016343
1610026698.957864 29.065604 0.017794
1610026699.023864 29.066384 0.017365
1610026699.089864 29.066831 0.016077
1610026699.155864 29.066888 0.016794
1610026699.221864 29.067615 0.016048
1610026699.287865 29.066989 0.015744
1610026699.353865 29.063372 0.016604
1610026699.419865 29.062720 0.016633
1610026699.485865 29.060555 0.017678
1610026699.551865 29.063838 0.018584
1610026699.617866 29.068703 0.018239
1610026699.683866 29.071590 0.018617
1610026699.749866 29.071019 0.017199
1610026699.815866 29.069570 0.017830
1610026699.881866 29.069379 0.017989
1610026699.947866 29.069355 0.016700
1610026700.013866 29.068304 0.017980
1610026700.079867 29.067772 0.018142
1610026700.145867 29.068470 0.018464
1610026700.211867 29.068049 0.017910
1610026700.277867 29.068502 0.018076
1610026700.343867 29.067463 0.018272
1610026700.409867 29.068140 0.017405
1610026700.475868 29.069045 0.018432
1610026700.541868 29.069518 0.018744
1610026700.607868 29.070397 0.018871
1610026700.673868 29.071513 0.018809
1610026700.739868 29.071034 0.018829
1610026700.805868 29.071731 0.018746
1610026700.871868 29.071353 0.018782
1610026700.937869 29.071884 0.018759
1610026701.003869 29.072684 0.018714
1610026701.069869 29.072152 0.018801
1610026701.135869 29.071636 0.018763
1610026701.201869 29.073066 0.018712
1610026701.267869 29.072329 0.018424
1610026701.333869 29.072906 0.018570
1610026701.465870 29.073062 0.018806
1610026701.597870 29.072650 0.018480
1610026701.696870 29.072358 0.018491
1610026701.795871 29.073240 0.017453
1610026701.894871 29.074175 0.018610
1610026702.026871 29.073099 0.018779
1610026702.125872 29.072741 0.018799
1610026702.224872 29.073535 0.018250
1610026702.290872 29.073742 0.018217
1610026702.389872 29.072342 0.018808
1610026702.488873 29.073180 0.018686
1610026702.587873 29.074333 0.018886
1610026702.686873 29.074148 0.018712
1610026702.785873 29.074906 0.018820
1610026702.884873 29.074947 0.018810
1610026702.950874 29.074521 0.018483
1610026703.049874 29.075533 0.018634
1610026703.148874 29.076250 0.016919
1610026703.247874 29.074348 0.018746
1610026703.346874 29.075173 0.018826
1610026703.445875 29.074728 0.017753
1610026703.544875 29.073615 0.018445
1610026703.643875 29.072236 0.018555
1610026703.742875 29.071300 0.018874
1610026703.808876 29.070730 0.018765
1610026703.874876 29.070914 0.018865
1610026703.940876 29.072340 0.018804
1610026704.006876 29.073672 0.018683
1610026704.072876 29.074639 0.018438
1610026704.171877 29.073871 0.017949
1610026704.270877 29.071130 0.017905
1610026704.336877 29.071218 0.018126
1610026704.402877 29.071527 0.018596
1610026704.468877 29.075404 0.018303
1610026704.534878 29.074066 0.018768
1610026704.600878 29.072708 0.018816
1610026704.666878 29.075278 0.018548
1610026704.732878 29.073828 0.018283
1610026704.798878 29.075349 0.017920
1610026704.864878 29.075435 0.018444
1610026704.930878 29.073817 0.018816
1610026704.996879 29.071423 0.018752
1610026705.062879 29.069513 0.018853
1610026705.128879 29.070879 0.018501
1610026705.194879 29.072226 0.018024
1610026705.260879 29.068880 0.018626
1610026705.326879 29.069176 0.018649
1610026705.392879 29.070949 0.018674
1610026705.458880 29.073247 0.018342
1610026705.524880 29.069717 0.018849
1610026705.590880 29.063278 0.018799
1610026705.656880 29.063445 0.018430
1610026705.722880 29.060406 0.017955
1610026705.788880 29.061569 0.018231
1610026705.854881 29.056340 0.018141
1610026705.920881 29.053113 0.018578
1610026705.986881 29.055829 0.018648
1610026706.052881 29.058117 0.018754
1610026706.118881 29.059130 0.018482
1610026706.184881 29.054731 0.018574
1610026706.250881 29.060072 0.018179
1610026706.316882 29.060074 0.018200
1610026706.382882 29.059105 0.018688
1610026706.448882 29.062156 0.018298
1610026706.514882 29.060601 0.018728
1610026706.580883 29.058054 0.018602
1610026706.646883 29.059313 0.018519
1610026706.712883 29.060756 0.017116
1610026706.778883 29.062982 0.018329
1610026706.844883 29.062413 0.018210
1610026706.910883 29.061072 0.018792
1610026706.976883 29.061983 0.018547
1610026707.042884 29.064057 0.018751
1610026707.108884 29.065721 0.018465
1610026707.174884 29.066118 0.018426
1610026707.240884 29.063916 0.018833
1610026707.306884 29.063664 0.018129
1610026707.372884 29.063471 0.018736
1610026707.438884 29.065193 0.018327
1610026707.504885 29.064375 0.017821
1610026707.570885 29.064034 0.018588
1610026707.636885 29.063927 0.018081
1610026707.702885 29.065458 0.018224
1610026707.768885 29.063585 0.018207
1610026707.834885 29.063891 0.018102
1610026707.900886 29.064782 0.018167
1610026707.966886 29.065050 0.018302
1610026708.032886 29.063904 0.016681
1610026708.098886 29.063982 0.018477
1610026708.164886 29.065355 0.018048
1610026708.230886 29.065623 0.018194
1610026708.296886 29.063177 0.018150
1610026708.362887 29.062862 0.017833
1610026708.428887 29.061364 0.018439
1610026708.494887 29.063977 0.018164
1610026708.560887 29.062785 0.017770
1610026708.626887 29.062763 0.018411
1610026708.692888 29.061311 0.017625
1610026708.758888 29.060962 0.017973
1610026708.824888 29.063897 0.018730
1610026708.890888 29.061940 0.018158
1610026708.956888 29.064476 0.017866
1610026709.022888 29.062763 0.017175
1610026709.088889 29.061453 0.018363
1610026709.154889 29.061471 0.018602
1610026709.220889 29.060289 0.017855
1610026709.286889 29.059870 0.018656
1610026709.352889 29.059535 0.018749
1610026709.418889 29.059567 0.018599
1610026709.484889 29.059196 0.017958
1610026709.550890 29.058302 0.018518
1610026709.616890 29.055005 0.018184
1610026709.682890 29.055469 0.018361
1610026709.748890 29.055060 0.017432
1610026709.814890 29.053854 0.018653
1610026709.880890 29.053529 0.018595
1610026709.946891 29.053559 0.018537
1610026710.045891 29.056021 0.018638
1610026710.144891 29.056215 0.018504
1610026710.243891 29.054879 0.018728
1610026710.342891 29.053437 0.018694
1610026710.441892 29.052303 0.018675
1610026710.540892 29.052299 0.018509
1610026710.639892 29.050000 0.018679
1610026710.738893 29.047641 0.018779
1610026710.837893 29.045738 0.018704
1610026710.936893 29.044687 0.017405
1610026711.035893 29.047302 0.016097
1610026711.101893 29.044597 0.013983
1610026711.200894 29.042486 0.018470
1610026711.299894 29.045905 0.018588
1610026711.398894 29.045710 0.018781
1610026711.497894 29.043921 0.017557
1610026711.596895 29.040056 0.018567
1610026711.695895 29.040301 0.016580
1610026711.761895 29.042515 0.018228
1610026711.827895 29.048774 0.017243
1610026711.926895 29.047316 0.018687
1610026712.025896 29.048325 0.018414
1610026712.124896 29.048397 0.017956
1610026712.223896 29.048680 0.017851
1610026712.322896 29.048036 0.018501
1610026712.388896 29.048688 0.018548
1610026712.487897 29.047671 0.016631
1610026712.553897 29.048300 0.017640
1610026712.619897 29.046502 0.017660
1610026712.685897 29.044665 0.017722
1610026712.751897 29.045650 0.017850
1610026712.817898 29.044863 0.018326
1610026712.916898 29.045345 0.018376
1610026713.015898 29.047620 0.018471
1610026713.114898 29.047097 0.017239
1610026713.180899 29.049621 0.016184
1610026713.246899 29.045367 0.015790
1610026713.312899 29.048003 0.018222
1610026713.378899 29.049972 0.018501
1610026713.444899 29.041319 0.018021
1610026713.510899 29.036190 0.018726
1610026713.576899 29.037160 0.018547
1610026713.642900 29.041421 0.017818
1610026713.708900 29.048731 0.018718
1610026713.774900 29.044489 0.018678
1610026713.873900 29.042048 0.018343
1610026713.972900 29.042265 0.018264
1610026714.071901 29.045276 0.018451
1610026714.170901 29.046480 0.018658
1610026714.269901 29.045181 0.018605
1610026714.368901 29.044875 0.016657
1610026714.467902 29.048284 0.017866
1610026714.566902 29.046302 0.016939
1610026714.665902 29.039669 0.018267
1610026714.764902 29.032776 0.017926
1610026714.863903 29.032231 0.018346
1610026714.962903 29.035167 0.018118
1610026715.061903 29.039426 0.017037
1610026715.160903 29.038063 0.016976
1610026715.259903 29.037561 0.017783
1610026715.325904 29.035080 0.017621
1610026715.424904 29.037143 0.018471
1610026715.523904 29.042792 0.017834
1610026715.589904 29.050463 0.018072
1610026715.655905 29.049953 0.018131
1610026715.721905 29.047751 0.018527
1610026715.787905 29.047836 0.017888
1610026715.886905 29.045166 0.018003
1610026715.952905 29.042641 0.018272
1610026716.018905 29.038089 0.018613
1610026716.084905 29.035813 0.018474
1610026716.150906 29.034488 0.018606
1610026716.216906 29.043601 0.018647
1610026716.282906 29.042934 0.018658
1610026716.348906 29.040317 0.018610
1610026716.414906 29.040887 0.018654
1610026716.480906 29.041016 0.018707
1610026716.546907 29.039277 0.018680
1610026716.612907 29.036404 0.018154
1610026716.678907 29.036548 0.017982
1610026716.744907 29.033785 0.018528
1610026716.810907 29.033441 0.018257
1610026716.876908 29.034725 0.018629
1610026716.942908 29.036234 0.018452
1610026717.008908 29.032124 0.018396
1610026717.074908 29.034412 0.017884
1610026717.140908 29.033826 0.016885
1610026717.206908 29.032516 0.018276
1610026717.272908 29.032923 0.018411
1610026717.338908 29.031855 0.018021
1610026717.404909 29.030618 0.018109
1610026717.503909 29.031831 0.018228
1610026717.602909 29.028341 0.018282
1610026717.701910 29.026794 0.018376
1610026717.800910 29.019361 0.018492
1610026717.899910 29.022682 0.018501
1610026717.965910 29.018510 0.017267
1610026718.031910 29.017221 0.018595
1610026718.097910 29.018481 0.018032
1610026718.196911 29.019592 0.018307
1610026718.295911 29.013064 0.018457
1610026718.394911 29.008654 0.018613
1610026718.493911 29.002350 0.018635
1610026718.592912 28.991514 0.018403
1610026718.691912 28.986525 0.017691
1610026718.790912 28.978799 0.018442
1610026718.889912 28.971878 0.018628
1610026718.988913 28.966553 0.018494
1610026719.087913 28.969967 0.018488
1610026719.186913 28.972898 0.018508
1610026719.285913 28.968894 0.018596
1610026719.384913 28.965779 0.018615
1610026719.483914 28.968268 0.018419
1610026719.582914 28.970617 0.018509
1610026719.681914 28.975216 0.018410
1610026719.780915 28.973802 0.018135
1610026719.879915 28.972880 0.018355
1610026719.978915 28.972167 0.018543
1610026720.077915 28.965396 0.018561
1610026720.176915 28.956502 0.018469
1610026720.275916 28.961857 0.018498
1610026720.374916 28.958723 0.018358
1610026720.473916 28.955181 0.018299
1610026720.572917 28.954775 0.018500
1610026720.671916 28.951947 0.018147
1610026720.770917 28.950623 0.018511
1610026720.869917 28.941515 0.018613
1610026720.968917 28.943320 0.018387
1610026721.067918 28.942164 0.018389
1610026721.166918 28.937810 0.018475
1610026721.265918 28.930518 0.018194
1610026721.364918 28.930650 0.018261
1610026721.463919 28.926032 0.018267
1610026721.562919 28.927179 0.018489
1610026721.661919 28.919967 0.018534
1610026721.760919 28.919099 0.018491
1610026721.859920 28.929021 0.018486
1610026721.958920 28.938431 0.018197
1610026722.057920 28.937186 0.018434
1610026722.156920 28.939651 0.018086
1610026722.255920 28.933010 0.018365
1610026722.354921 28.921418 0.018295
1610026722.453921 28.922076 0.018084
1610026722.552921 28.928162 0.018207
1610026722.651922 28.936258 0.018149
1610026722.750922 28.948643 0.018291
1610026722.849922 28.951503 0.017675
1610026722.948922 28.958740 0.018332
1610026723.047922 28.961332 0.018143
1610026723.179923 28.976115 0.017639
1610026723.311923 28.977831 0.018392
1610026723.443923 28.977591 0.018180
1610026723.575924 28.974349 0.018254
1610026723.707924 28.974785 0.018383
1610026723.839925 28.977981 0.018162
1610026723.971925 28.984411 0.018417
1610026724.103925 28.990686 0.017830
1610026724.235925 28.999683 0.018569
1610026724.367925 28.998363 0.018105
1610026724.499926 29.000009 0.017997
1610026724.631926 29.002172 0.018517
1610026724.796927 29.006617 0.018569
1610026724.961927 29.017024 0.018427
1610026725.126927 29.019077 0.017550
1610026725.258928 29.020786 0.018520
1610026725.390928 29.020218 0.018570
1610026725.522928 29.020109 0.018558
1610026725.654929 29.026613 0.018469
1610026725.753929 29.029898 0.018290
1610026726.050930 29.035881 0.018577
1610026726.281930 29.042035 0.018459
1610026726.578931 29.050688 0.018463
1610026726.842932 29.053809 0.018368
1610026727.106932 29.062265 0.018464
1610026727.370933 29.064862 0.018545
1610026727.568933 29.067400 0.018531
1610026727.766934 29.069064 0.018543
1610026727.931934 29.072278 0.018525
1610026728.096935 29.077144 0.018504
1610026728.426935 29.077204 0.018504
1610026728.822937 29.076873 0.018534
1610026729.119937 29.074289 0.018540
1610026729.515938 29.073839 0.018478
1610026729.812939 29.074365 0.018528
1610026730.340940 29.074492 0.018524
1610026730.736941 29.076496 0.018500
1610026740.108964 29.075625 0.018522
1610026740.405965 29.071962 0.018441
1610026741.032966 29.072894 0.018486
1610026741.395967 29.074845 0.018463
1610026741.692968 29.076574 0.018483
1610026741.989969 29.078616 0.018495
1610026742.385969 29.085789 0.017881
1610026742.847970 29.091454 0.017947
1610026743.342972 29.096350 0.017863
1610026743.705973 29.103797 0.017174
1610026743.969973 29.102501 0.018118
1610026744.233974 29.114247 0.016101
1610026744.464975 29.119981 0.017637
1610026744.695975 29.123917 0.017192
1610026744.926976 29.125420 0.018185
1610026745.157976 29.126265 0.018139
1610026745.388977 29.128097 0.016611
1610026745.619977 29.138074 0.016920
1610026745.883978 29.144772 0.016588
1610026746.114979 29.145498 0.017173
1610026746.345979 29.144471 0.015465
1610026746.543979 29.141843 0.017172
1610026746.741980 29.145065 0.016680
1610026746.906980 29.146739 0.016685
1610026747.071981 29.148644 0.016471
1610026747.236981 29.147250 0.016249
1610026747.401982 29.147405 0.015667
1610026747.566982 29.150805 0.015789
1610026747.698982 29.153768 0.015702
1610026747.830983 29.152550 0.015285
1610026747.962983 29.152490 0.014965
1610026748.094983 29.151241 0.014470
1610026748.226984 29.149562 0.014967
1610026748.325984 29.147091 0.013967
1610026748.424984 29.146716 0.012075
1610026748.523984 29.142151 0.009280
1610026748.622985 29.143105 0.014224
1610026748.721985 29.149507 0.013460
1610026748.820985 29.147952 0.013296
1610026748.919985 29.147435 0.014026
1610026749.018986 29.146008 0.014145
1610026749.117986 29.145356 0.014229
1610026749.216986 29.144693 0.013427
1610026749.315986 29.143927 0.014192
1610026749.414987 29.142474 0.014250
1610026749.513987 29.140919 0.013789
1610026749.612987 29.141405 0.014183
1610026749.711987 29.141588 0.014007
1610026749.810987 29.140616 0.014035
1610026749.909988 29.139193 0.013771
1610026750.008988 29.138266 0.013636
1610026750.107988 29.139924 0.013456
1610026750.206989 29.140832 0.013720
1610026750.305989 29.141016 0.013612
1610026750.404989 29.140305 0.013654
1610026750.503989 29.139273 0.013381
1610026750.602989 29.140505 0.013431
1610026750.701990 29.140793 0.013593
1610026750.800990 29.140357 0.013587
1610026750.899990 29.140421 0.013368
1610026750.998990 29.141058 0.013470
1610026751.097991 29.141043 0.013212
1610026751.196991 29.141613 0.013355
1610026751.295991 29.140808 0.013159
1610026751.394991 29.139646 0.013088
1610026751.493992 29.139821 0.013004
1610026751.592992 29.139307 0.013105
1610026751.691992 29.139025 0.012811
1610026751.790993 29.137314 0.012673
1610026751.889993 29.137253 0.012941
1610026751.988993 29.137351 0.012842
1610026752.087993 29.138480 0.012839
1610026752.186993 29.138016 0.012547
1610026752.285994 29.137146 0.012543
1610026752.384994 29.135729 0.012674
1610026752.483994 29.136426 0.012638
1610026752.582994 29.136990 0.012535
1610026752.681995 29.137301 0.012400
1610026752.780995 29.136822 0.012180
1610026752.879995 29.135086 0.012416
1610026752.978996 29.135114 0.012372
1610026753.077996 29.136848 0.012238
1610026753.176996 29.137264 0.012191
1610026753.275996 29.135850 0.012295
1610026753.374996 29.136558 0.012174
1610026753.473997 29.136405 0.012236
1610026753.572997 29.135976 0.012190
1610026753.671997 29.136389 0.012206
1610026753.770998 29.136798 0.012163
1610026753.869998 29.137042 0.012187
1610026753.968998 29.136105 0.011741
1610026754.067998 29.135338 0.012129
1610026754.166998 29.134870 0.012017
1610026754.265999 29.134830 0.012086
1610026754.364999 29.134640 0.012083
1610026754.463999 29.135762 0.012051
1610026754.562999 29.136004 0.012034
1610026754.662000 29.137156 0.012035
1610026754.761000 29.136896 0.011860
1610026754.860000 29.136061 0.011994
1610026754.926000 29.135195 0.011610
1610026755.025000 29.135709 0.011838
1610026755.091001 29.136114 0.011928
1610026755.157001 29.135946 0.011925
1610026755.223001 29.135425 0.011849
1610026755.289001 29.135432 0.011928
1610026755.388001 29.135329 0.011935
1610026755.487002 29.135551 0.011750
1610026755.586002 29.135843 0.011876
1610026755.685002 29.135322 0.011915
1610026755.751002 29.134973 0.011867
1610026755.817002 29.135153 0.011882
1610026755.883002 29.135127 0.011766
1610026755.982003 29.135740 0.011811
1610026756.048003 29.134954 0.011777
1610026756.114003 29.134515 0.011619
1610026756.180003 29.135204 0.011865
1610026756.246003 29.135694 0.011858
1610026756.312004 29.136199 0.011791
1610026756.411004 29.136080 0.011837
1610026756.510004 29.136270 0.011849
1610026756.609004 29.135728 0.011844
1610026756.708005 29.135111 0.011755
1610026756.807005 29.135063 0.011834
1610026756.873005 29.132891 0.011808
1610026756.939005 29.132961 0.011579
1610026757.005005 29.133035 0.011800
1610026757.071005 29.133332 0.011695
1610026757.137006 29.133223 0.011801
1610026757.236006 29.133115 0.011792
1610026757.302006 29.132912 0.011763
1610026757.401006 29.132484 0.011708
1610026757.500006 29.132052 0.011597
1610026757.599007 29.131954 0.011748
1610026757.665007 29.132191 0.011742
1610026757.731007 29.132336 0.011772
1610026757.797007 29.132702 0.011734
1610026757.863007 29.131853 0.011730
1610026757.929007 29.131963 0.011772
1610026757.995008 29.131777 0.011774
1610026758.061008 29.131485 0.011671
1610026758.127008 29.131479 0.011762
1610026758.193008 29.131348 0.011763
1610026758.259008 29.131639 0.011647
1610026758.325008 29.132465 0.011679
1610026758.391009 29.132973 0.011734
1610026758.457009 29.133099 0.011640
1610026758.523009 29.132727 0.011635
1610026758.589009 29.132359 0.011359
1610026758.655009 29.131845 0.011401
1610026758.754009 29.131095 0.011681
1610026758.853010 29.130828 0.011738
1610026758.919010 29.131034 0.011609
1610026758.985010 29.131388 0.011676
1610026759.051010 29.131346 0.011717
1610026759.117010 29.131159 0.011381
1610026759.216011 29.131500 0.011614
1610026759.315011 29.131735 0.011730
1610026759.381011 29.132042 0.011452
1610026759.447011 29.133260 0.011662
1610026759.513011 29.132975 0.011641
1610026759.579012 29.132126 0.011690
1610026759.678012 29.131804 0.011676
1610026759.744012 29.132535 0.011700
1610026759.810012 29.133447 0.011711
1610026759.909012 29.132947 0.011624
1610026759.975013 29.132742 0.011655
1610026760.074013 29.132270 0.011697
1610026760.140013 29.132937 0.011634
1610026760.206013 29.132838 0.011611
1610026760.272013 29.133280 0.011676
1610026760.338013 29.133671 0.011697
1610026760.404014 29.133853 0.011675
1610026760.470014 29.133101 0.011377
1610026760.536014 29.132666 0.011603
1610026760.602014 29.132694 0.011669
1610026760.701014 29.133418 0.011657
1610026760.800014 29.133383 0.011684
1610026760.899015 29.133156 0.011601
1610026760.998015 29.133322 0.011699
1610026761.064015 29.133149 0.011597
1610026761.163015 29.134149 0.011696
1610026761.262016 29.133712 0.011650
1610026761.361016 29.132522 0.011307
1610026761.460016 29.133346 0.011655
1610026761.559016 29.134118 0.011552
1610026761.625017 29.133736 0.011420
1610026761.691017 29.133002 0.011652
1610026761.757017 29.132264 0.011624
1610026761.823017 29.132939 0.011595
1610026761.889017 29.132297 0.011666
1610026761.955017 29.133017 0.011314
1610026762.021018 29.133257 0.011672
1610026762.087018 29.134141 0.011493
1610026762.153018 29.134199 0.011637
1610026762.219018 29.134329 0.011379
1610026762.285018 29.133938 0.011561
1610026762.351018 29.133490 0.011678
1610026762.450019 29.132661 0.011649
1610026762.516019 29.132648 0.011559
1610026762.615019 29.132848 0.011607
1610026762.714019 29.132982 0.011669
1610026762.813019 29.133297 0.011683
1610026762.912020 29.131886 0.011672
1610026763.011020 29.132040 0.011649
1610026763.077020 29.132741 0.011481
1610026763.143020 29.133782 0.011630
1610026763.209020 29.133551 0.011506
1610026763.275021 29.133567 0.011566
1610026763.341021 29.133954 0.011497
1610026763.407021 29.133461 0.011669
1610026763.506021 29.133692 0.011562
1610026763.572021 29.133230 0.011546
1610026763.671021 29.133028 0.011527
1610026763.770022 29.131498 0.011354
1610026763.869022 29.130762 0.011656
1610026763.968022 29.130624 0.011664
1610026764.034022 29.130452 0.011602
1610026764.100023 29.130451 0.011597
1610026764.166023 29.130850 0.011532
1610026764.232023 29.131568 0.011469
1610026764.298023 29.132348 0.011529
1610026764.397023 29.132713 0.011626
1610026764.496024 29.132382 0.011637
1610026764.562024 29.131823 0.011507
1610026764.628024 29.132815 0.011410
1610026764.694024 29.132461 0.011644
1610026764.760024 29.131423 0.011611
1610026764.826024 29.130502 0.011479
1610026764.892025 29.130760 0.011542
1610026764.958025 29.130195 0.011373
1610026765.024025 29.129622 0.011578
1610026765.090025 29.129475 0.011634
1610026765.156025 29.129128 0.011518
1610026765.222025 29.129741 0.011610
1610026765.288025 29.130153 0.011627
1610026765.354026 29.129875 0.011647
1610026765.420026 29.129213 0.011360
1610026765.486026 29.129365 0.011614
1610026765.552026 29.129237 0.011431
1610026765.618026 29.129916 0.011480
1610026765.717026 29.129851 0.011638
1610026765.783027 29.129041 0.011534
1610026765.849027 29.128987 0.011612
1610026765.915027 29.128348 0.011597
1610026765.981027 29.127069 0.011562
1610026766.047027 29.126420 0.011342
1610026766.146028 29.126982 0.011475
1610026766.245028 29.126758 0.011613
1610026766.311028 29.126107 0.011265
1610026766.410028 29.127714 0.011622
1610026766.509028 29.127495 0.011618
1610026766.608029 29.127390 0.011644
1610026766.674029 29.126826 0.011620
1610026766.773029 29.126694 0.011590
1610026766.872029 29.126741 0.011653
1610026766.971030 29.126716 0.011390
1610026767.037030 29.126641 0.011655
1610026767.103030 29.125844 0.011417
1610026767.202030 29.125539 0.011565
1610026767.268030 29.125169 0.011456
1610026767.334030 29.125426 0.011634
1610026767.400030 29.125057 0.011466
1610026767.466031 29.125635 0.011599
1610026767.532031 29.125926 0.011566
1610026767.598031 29.125773 0.011520
1610026767.664031 29.126212 0.011149
1610026767.730031 29.126626 0.011646
1610026767.796031 29.126814 0.011331
1610026767.862032 29.126305 0.010584
1610026767.928032 29.124875 0.011500
1610026767.994032 29.125560 0.011590
1610026768.060032 29.126358 0.011501
1610026768.159032 29.125952 0.011445
1610026768.258033 29.126668 0.011409
1610026768.357033 29.125785 0.011546
1610026768.456033 29.125794 0.011627
1610026768.522033 29.126504 0.011448
1610026768.588033 29.127255 0.011652
1610026768.654034 29.126873 0.011494
1610026768.720034 29.127054 0.011583
1610026768.786034 29.127433 0.011652
1610026768.852034 29.126385 0.011397
1610026768.918034 29.126307 0.011630
1610026768.984034 29.126371 0.011630
1610026769.050035 29.125429 0.011592
1610026769.116035 29.125363 0.011592
1610026769.182035 29.125434 0.011518
1610026769.248035 29.124679 0.011483
1610026769.314035 29.125531 0.011609
1610026769.380035 29.125353 0.011513
1610026769.446035 29.126446 0.011479
1610026769.512036 29.126461 0.011580
1610026769.578036 29.126652 0.011634
1610026769.644036 29.126134 0.011609
1610026769.743036 29.125528 0.011643
1610026769.809036 29.125792 0.011643
1610026769.908037 29.125658 0.011643
1610026769.974037 29.125529 0.011272
1610026770.040037 29.125907 0.011641
1610026770.106037 29.125467 0.011646
1610026770.172037 29.124896 0.011375
1610026770.238038 29.123534 0.011590
1610026770.304038 29.124369 0.011652
1610026770.370038 29.124255 0.011039
1610026770.436038 29.124543 0.011507
1610026770.502038 29.124160 0.011567
1610026770.568038 29.124272 0.011084
1610026770.634038 29.125023 0.011532
1610026770.700039 29.125140 0.011651
1610026770.766039 29.124836 0.011540
1610026770.832039 29.124870 0.011584
1610026770.898039 29.126132 0.011566
1610026770.964039 29.125919 0.011511
1610026771.030039 29.125627 0.011583
1610026771.096040 29.125903 0.011458
1610026771.162040 29.125516 0.011249
1610026771.228040 29.126260 0.011555
1610026771.294040 29.126093 0.010688
1610026771.360040 29.124723 0.011505
1610026771.426040 29.125968 0.011378
1610026771.492040 29.125640 0.011620
1610026771.558041 29.124474 0.011485
1610026771.624041 29.124755 0.011559
1610026771.690041 29.125070 0.011617
1610026771.756041 29.124773 0.011561
1610026771.822041 29.124804 0.011604
1610026771.888041 29.124582 0.011627
1610026771.954041 29.123499 0.011254
1610026772.020042 29.123039 0.011643
1610026772.086042 29.123452 0.011437
1610026772.152042 29.123472 0.011550
1610026772.218042 29.123903 0.011538
1610026772.284043 29.124361 0.011487
1610026772.350043 29.125055 0.011320
1610026772.416043 29.124603 0.011479
1610026772.482043 29.123703 0.011629
1610026772.548043 29.123935 0.011612
1610026772.614043 29.122565 0.011293
1610026772.680043 29.123034 0.011634
1610026772.746044 29.122964 0.011420
1610026772.812044 29.122791 0.011100
1610026772.878044 29.121531 0.011595
1610026772.944044 29.121798 0.011605
1610026773.010044 29.122776 0.011581
1610026773.076044 29.123528 0.011349
1610026773.175045 29.124169 0.011506
1610026773.241045 29.122711 0.011634
1610026773.307045 29.123672 0.011513
1610026773.373045 29.123825 0.011607
1610026773.439045 29.122909 0.011432
1610026773.505045 29.123596 0.011638
1610026773.571046 29.122784 0.011609
1610026773.637046 29.121731 0.011375
1610026773.703046 29.121991 0.011612
1610026773.769046 29.122223 0.011488
1610026773.868046 29.120888 0.011554
1610026773.934047 29.119876 0.011508
1610026774.000046 29.120453 0.011475
1610026774.066047 29.121313 0.011588
1610026774.132047 29.120459 0.011498
