DelayedMarginalization 0.00148887 9.96269e-07 0.00903297 1588
DelayedMarginalizationOnly 0.000727965 5.56431e-07 0.00682196 1588
EF-marginalizeFrame 0.00186345 1.05276e-06 0.00963923 1588
FullSystem::trackNewCoarse 0.00519891 1.24919e-05 0.026865 5566
FullSystem::trackNewCoarseNoIMU 0.00185972 6.36265e-07 0.0052147 113
FullSystemOptimize 0.14905 0.000399406 0.206722 1594
GraphUnrolling 0.0138451 0.000132729 0.0308365 4
IMUInitAddPose 3.34208e-05 7.66511e-10 0.000952874 1594
IMUInitOptimize 0.0402306 0.000278148 0.0655595 20
IMUIntegration::finishKeyframeOperations 5.20717e-05 4.85436e-09 0.00190993 1569
InitializerFirstFrame 0.031763 -nan 0.031763 1
InitializerOtherFrames 0.0799905 0.000721827 0.11026 12
MainMarginalization 0.00168924 1.01044e-06 0.00929915 1588
MarginalizationReplacementBuildGraph 0.00123252 7.79671e-08 0.00142996 2
MarginalizationReplacementReplaceGraph 0.0210271 0.000205394 0.0311611 2
MarginalizeMainGraph 0.000759235 3.33921e-07 0.00849207 1588
PGBA 0.0946947 0.00710768 0.154309 2
PGBAFull 0.0497197 0.00553076 0.157895 4
PrepareGraphForMainOptimization 0.0139847 0.000134649 0.0311007 4
VisualMarginalization 2.82104e-05 2.02202e-09 0.000985915 1588
activatePointsMT 0.00436517 4.0817e-06 0.0160262 1594
addActiveFrame 0.0587875 0.00595571 0.348975 5692
addIMUData 0.00101253 1.12398e-06 0.0171758 5566
addIMUDataToBA 0.000106977 9.23544e-09 0.0023427 5691
addKeyframeToBA 5.13743e-05 2.71338e-10 0.000252465 1594
afterCoarseTracking 2.56631e-07 3.13993e-12 0.000133401 5679
baIteration 0.0242247 3.53182e-05 0.0611173 9185
baMatrixInversion 0.000172829 1.10376e-08 0.00306613 9185
baUpdateBuildHessians 0.00060939 3.06276e-07 0.00902847 9185
coarseTrackingIteration 0.000590714 8.82133e-07 0.00940952 37587
computeBAUpdate 0.000886832 3.28639e-07 0.00935966 9185
computeCoarseUpdate 0.000325628 5.45121e-07 0.00835681 36786
computeFactorForCoarseGraphAndMarginalCovariances 0.00233535 8.44471e-07 0.0125571 1569
convertHAndBFromDSO 0.000105355 3.37923e-09 0.00188589 15524
debugPlot 8.65947e-08 3.88222e-15 5.51e-07 1594
debugPlotIDepthMap 5.23447e-07 1.67871e-11 0.000163788 1594
debugPlotIDepthMapFloat 3.18695e-08 1.46214e-16 3.81e-07 1594
deliverTrackedFrame 0.0510755 0.00594393 0.345919 5680
flagFramesForMarginalization 2.29091e-06 3.78847e-11 0.00018077 1594
fullCoarseTracking 0.0065645 2.04363e-05 0.0689974 5679
initObjectsAndMakeImage 0.00108849 6.79808e-08 0.0119716 5692
makeKeyframe 0.173098 0.000439447 0.345869 1594
makeKeyframeChangeTrackingRef 0.0018933 9.90397e-08 0.00425496 1594
makeNewTraces 0.00353595 1.87636e-07 0.00616274 1594
makeNonKeyframe 0.00337115 4.12374e-06 0.00927064 4086
marginalizeAndRemovePoints 0.0032798 8.49676e-07 0.00731609 1594
marginalizeFrame 0.00355695 1.38019e-06 0.0116905 1588
marginalizeFrameOverhead 0.00168895 1.87314e-07 0.00491985 1588
marginalizeFrames 0.00355796 1.42744e-06 0.011705 1594
newFrameAndNewResidualsForOldPoints 0.00103747 6.5556e-08 0.00326591 1594
printBiases 7.41956e-06 1.45798e-10 0.000133481 1594
printEigenValLine 1.69348e-07 1.80488e-15 1.142e-06 1594
printLogLine 0.000170643 1.3914e-07 0.00323551 1594
publishInMakeKeyframe 1.81429e-07 5.47795e-14 8.967e-06 1594
removeOutliers 0.000151715 4.09994e-09 0.00171065 1594
swapTrackingRef 0.000177398 1.00822e-07 0.00320337 1593
timeMeasurement 1.83131e-06 7.14873e-11 0.000534455 5692
traceNewCoarse 0.0033062 3.10952e-06 0.00925722 5680
updateBAValues 1.18538e-05 7.28647e-11 0.000380787 15671
zero 1.24863e-07 1.1234e-14 2.374e-06 5692
