1610017453.532379 14.327432 0.464101
1610017453.730380 14.290086 0.384594
1610017453.928380 14.306738 0.316649
1610017454.126380 14.321139 0.257636
1610017454.357381 14.334461 0.205269
1610017454.555382 14.328747 0.175006
1610017454.786382 14.333026 0.140178
1610017454.984383 14.322013 0.117192
1610017455.182383 14.308887 0.100624
1610017455.380384 14.302245 0.087605
1610017455.578384 14.283317 0.077268
1610017455.743385 14.258625 0.070596
1610017455.974385 14.207088 0.062545
1610017456.172385 14.173345 0.056914
1610017456.370386 14.132676 0.052252
1610017456.568387 14.099156 0.048281
1610017456.733387 14.068727 0.045320
1610017456.898387 14.043651 0.042725
1610017457.063388 14.016503 0.040484
1610017457.228388 14.006186 0.038547
1610017457.393389 13.987075 0.036926
1610017457.525389 13.971403 0.037066
1610017457.657389 13.971015 0.035823
1610017457.789390 13.967557 0.034742
1610017457.921390 13.965688 0.033615
1610017458.020390 13.961795 0.032848
1610017458.119390 13.957892 0.032169
1610017458.218390 13.952876 0.031564
1610017458.317391 13.953546 0.031009
1610017458.449391 13.952005 0.030106
1610017458.581391 13.951112 0.029351
1610017458.713392 13.950823 0.028498
1610017458.845392 13.951748 0.027628
1610017458.977392 13.943797 0.026879
1610017459.109393 13.948854 0.026034
1610017459.241393 13.953217 0.025246
1610017459.373393 13.963504 0.024526
1610017459.505394 13.968266 0.023788
1610017459.637394 13.969348 0.023086
1610017459.769394 13.968463 0.022418
1610017459.934395 13.971667 0.021651
1610017460.066395 13.971615 0.021040
1610017460.198395 13.970002 0.020518
1610017460.330396 13.968162 0.020052
1610017460.462396 13.971519 0.019593
1610017460.594396 13.975429 0.019173
1610017460.726397 13.980421 0.018810
1610017460.858397 13.986468 0.018472
1610017460.990397 13.990439 0.018197
1610017461.089397 13.993154 0.018085
1610017461.188398 14.000226 0.017923
1610017461.287398 14.006093 0.017742
1610017461.386398 14.005318 0.017571
1610017461.485399 14.009008 0.017427
1610017461.617399 14.003416 0.017293
1610017461.716399 14.008792 0.017162
1610017461.815399 14.014996 0.017063
1610017461.914399 14.017817 0.016954
1610017462.013400 14.015979 0.016859
1610017462.112400 14.017885 0.016774
1610017462.211400 14.019410 0.016701
1610017462.310400 14.023577 0.016634
1610017462.409400 14.019913 0.016574
1610017462.541401 14.021236 0.016470
1610017462.640401 14.028391 0.016395
1610017462.772402 14.032006 0.016265
1610017462.904402 14.038724 0.016144
1610017463.036402 14.032232 0.016039
1610017463.135402 14.034854 0.015995
1610017463.267403 14.036104 0.015908
1610017463.399403 14.038379 0.015828
1610017463.564404 14.036950 0.015738
1610017463.696404 14.037725 0.015696
1610017463.828404 14.039336 0.015681
1610017463.960404 14.038552 0.015656
1610017464.092405 14.045901 0.015636
1610017464.224405 14.044592 0.015610
1610017464.389405 14.044051 0.015573
1610017464.521406 14.044043 0.015536
1610017464.653406 14.045467 0.015499
1610017464.785406 14.049517 0.015464
1610017464.917407 14.050972 0.015421
1610017465.049407 14.052175 0.015366
1610017465.181407 14.052499 0.015288
1610017465.280408 14.048007 0.015223
1610017465.412408 14.046601 0.015132
1610017465.544408 14.053730 0.015060
1610017465.676409 14.051025 0.014956
1610017465.808409 14.052981 0.014864
1610017465.940409 14.051797 0.014742
1610017466.072410 14.050618 0.014630
1610017466.171410 14.058970 0.014566
1610017466.336410 14.061360 0.014446
1610017466.501411 14.058395 0.014288
1610017466.666411 14.055066 0.014136
1610017466.831411 14.062781 0.014034
1610017466.996412 14.066776 0.013943
1610017467.161412 14.069733 0.013862
1610017467.326413 14.072546 0.013794
1610017467.458413 14.074807 0.013764
1610017467.590413 14.070871 0.013748
1610017467.755414 14.065687 0.013731
1610017467.920414 14.063292 0.013737
1610017468.085415 14.063108 0.013741
1610017468.250415 14.060816 0.013722
1610017468.382415 14.063082 0.013714
1610017468.514416 14.064353 0.013700
1610017468.646416 14.062970 0.013683
1610017468.778416 14.062869 0.013666
1610017468.910417 14.065074 0.013645
1610017469.042417 14.069005 0.013624
1610017469.174417 14.067686 0.013617
1610017469.306418 14.064958 0.013600
1610017469.438418 14.068563 0.013585
1610017469.570418 14.072808 0.013575
1610017469.702418 14.073022 0.013565
1610017469.834419 14.070633 0.013553
1610017469.966419 14.069850 0.013544
1610017470.098419 14.069158 0.013533
1610017470.197420 14.072895 0.013525
1610017470.362420 14.072629 0.013510
1610017470.527421 14.072944 0.013499
1610017470.692421 14.071108 0.013479
1610017470.857421 14.074675 0.013475
1610017471.022422 14.071642 0.013443
1610017471.187422 14.071599 0.013399
1610017471.319422 14.074205 0.013363
1610017471.451423 14.075290 0.013318
1610017471.583423 14.074619 0.013303
1610017471.748423 14.079685 0.013276
1610017471.880424 14.080606 0.013252
1610017471.979424 14.077261 0.013222
1610017472.078424 14.076905 0.013208
1610017472.210425 14.077457 0.013176
1610017472.309425 14.078433 0.013152
1610017472.408425 14.076300 0.013111
1610017472.507425 14.081850 0.013090
1610017472.606426 14.085744 0.013062
1610017472.705426 14.080442 0.013032
1610017472.804426 14.079131 0.012999
1610017472.903426 14.079859 0.012960
1610017473.035427 14.083028 0.012916
1610017473.167427 14.089376 0.012866
1610017473.266427 14.089119 0.012830
1610017473.398428 14.089461 0.012775
1610017473.497428 14.090315 0.012738
1610017473.596428 14.091471 0.012722
1610017473.728428 14.089397 0.012674
1610017473.893429 14.093981 0.012607
1610017474.058429 14.095695 0.012534
1610017474.256430 14.104583 0.012479
1610017474.454430 14.105272 0.012423
1610017474.652431 14.110136 0.012389
1610017474.850431 14.107965 0.012371
1610017475.048432 14.106708 0.012352
1610017475.213432 14.110559 0.012336
1610017475.345432 14.110223 0.012325
1610017475.510433 14.115594 0.012318
1610017475.675433 14.113214 0.012310
1610017475.840433 14.115760 0.012308
1610017475.972434 14.114349 0.012324
1610017476.104434 14.113272 0.012333
1610017476.236434 14.114339 0.012333
1610017476.368435 14.113610 0.012329
1610017476.467435 14.114141 0.012329
1610017476.599435 14.113814 0.012331
1610017476.698436 14.113217 0.012331
1610017476.797436 14.113663 0.012326
1610017476.896436 14.112478 0.012328
1610017476.995436 14.111389 0.012329
1610017477.127437 14.112994 0.012324
1610017477.226437 14.113462 0.012313
1610017477.325437 14.115266 0.012313
1610017477.424438 14.114481 0.012314
1610017477.556438 14.113195 0.012318
1610017477.688438 14.111151 0.012319
1610017477.820438 14.111971 0.012318
1610017477.919439 14.111134 0.012316
1610017478.018439 14.110889 0.012315
1610017478.084439 14.107895 0.012314
1610017478.183439 14.110856 0.012312
1610017478.249439 14.110120 0.012311
1610017478.348440 14.109902 0.012310
1610017478.447440 14.110053 0.012309
1610017478.546440 14.109476 0.012297
1610017478.645441 14.108869 0.012283
1610017478.744441 14.108739 0.012289
1610017478.843441 14.108323 0.012292
1610017478.942441 14.108217 0.012297
1610017479.041441 14.107752 0.012288
1610017479.107442 14.108210 0.012290
1610017479.173442 14.108003 0.012280
1610017479.239442 14.107778 0.012287
1610017479.305442 14.108056 0.012287
1610017479.371442 14.107682 0.012292
1610017479.437443 14.107682 0.012292
1610017479.503443 14.107740 0.012286
1610017479.569443 14.107861 0.012290
1610017479.635443 14.107874 0.012289
1610017479.701443 14.107730 0.012291
1610017479.800443 14.107891 0.012291
1610017479.866444 14.108471 0.012292
1610017479.965444 14.108757 0.012292
1610017480.064444 14.108339 0.012291
1610017480.130444 14.107627 0.012292
1610017480.196444 14.107461 0.012288
1610017480.262444 14.107763 0.012289
1610017480.361445 14.108304 0.012288
1610017480.460445 14.108544 0.012289
1610017480.559445 14.108833 0.012290
1610017480.658445 14.109614 0.012287
1610017480.790446 14.108958 0.012287
1610017480.889446 14.109379 0.012288
1610017480.988446 14.109980 0.012280
1610017481.087446 14.111040 0.012279
1610017481.186447 14.110401 0.012283
1610017481.252447 14.110019 0.012285
1610017481.318447 14.110223 0.012273
1610017481.384447 14.108688 0.012280
1610017481.483448 14.108979 0.012277
1610017481.582448 14.108892 0.012267
1610017481.681448 14.109065 0.012276
1610017481.780448 14.108235 0.012272
1610017481.846448 14.107629 0.012262
1610017481.945449 14.106560 0.012253
1610017482.044449 14.105015 0.012240
1610017482.143449 14.104186 0.012219
1610017482.209449 14.104150 0.012197
1610017482.275449 14.102711 0.012181
1610017482.341449 14.102048 0.012164
1610017482.440450 14.101078 0.012146
1610017482.539450 14.100186 0.012118
1610017482.605450 14.099059 0.012100
1610017482.671450 14.095897 0.012068
1610017482.770451 14.095029 0.012043
1610017482.836451 14.092438 0.012016
1610017482.902451 14.088842 0.011983
1610017482.968451 14.087785 0.011968
1610017483.067451 14.090184 0.011959
1610017483.133451 14.092609 0.011953
1610017483.232452 14.093512 0.011939
1610017483.331452 14.093285 0.011923
1610017483.430452 14.088898 0.011912
1610017483.529453 14.087934 0.011906
1610017483.628453 14.089392 0.011898
1610017483.727453 14.090763 0.011895
1610017483.826453 14.089987 0.011900
1610017483.925453 14.088886 0.011891
1610017484.024454 14.088943 0.011886
1610017484.123454 14.088176 0.011884
1610017484.222454 14.089275 0.011876
1610017484.321454 14.089744 0.011866
1610017484.420455 14.089566 0.011860
1610017484.519455 14.089199 0.011845
1610017484.618455 14.087868 0.011841
1610017484.684455 14.086359 0.011843
1610017484.783455 14.087048 0.011844
1610017484.882456 14.086988 0.011828
1610017484.981456 14.087269 0.011828
1610017485.113456 14.088411 0.011821
1610017485.212456 14.087923 0.011814
1610017485.311457 14.087114 0.011811
1610017485.410457 14.087768 0.011803
1610017485.509457 14.087675 0.011811
1610017485.608458 14.087470 0.011807
1610017485.707458 14.087544 0.011811
1610017485.806458 14.087011 0.011808
1610017485.905458 14.087440 0.011809
1610017486.004458 14.087101 0.011806
1610017486.103459 14.086251 0.011805
1610017486.202459 14.086210 0.011798
1610017486.301459 14.084669 0.011793
1610017486.400460 14.083382 0.011788
1610017486.499460 14.083110 0.011789
1610017486.598460 14.083280 0.011784
1610017486.697460 14.080981 0.011771
1610017486.829460 14.080979 0.011767
1610017486.961461 14.083934 0.011757
1610017487.093461 14.084589 0.011745
1610017487.225461 14.082814 0.011722
1610017487.324462 14.083603 0.011712
1610017487.423462 14.083785 0.011697
1610017487.522462 14.085183 0.011683
1610017487.621463 14.085976 0.011667
1610017487.720463 14.083090 0.011649
1610017487.819463 14.084516 0.011632
1610017487.918463 14.086024 0.011616
1610017488.017463 14.086204 0.011594
1610017488.116464 14.083619 0.011568
1610017488.248464 14.085424 0.011539
1610017488.347464 14.085701 0.011516
1610017488.446464 14.089806 0.011495
1610017488.545465 14.088825 0.011469
1610017488.677465 14.093912 0.011424
1610017488.776465 14.095822 0.011368
1610017488.875465 14.090844 0.011312
1610017489.007466 14.098298 0.011228
1610017489.139466 14.104824 0.011128
1610017489.271466 14.105457 0.011027
1610017489.403466 14.108539 0.010909
1610017489.535467 14.115669 0.010801
1610017489.667467 14.123598 0.010700
1610017489.799468 14.133964 0.010609
1610017489.931468 14.140056 0.010513
1610017490.096468 14.143963 0.010416
1610017490.261469 14.144554 0.010327
1610017490.459469 14.156215 0.010216
1610017490.657470 14.161791 0.010130
1610017490.855470 14.166147 0.010064
1610017491.053471 14.170440 0.009987
1610017491.251471 14.178274 0.009910
1610017491.449471 14.185315 0.009809
1610017491.614472 14.192945 0.009741
1610017491.779472 14.194635 0.009641
1610017491.944473 14.200320 0.009570
1610017492.109473 14.198948 0.009507
1610017492.274474 14.200967 0.009418
1610017492.439474 14.202499 0.009336
1610017492.571474 14.202165 0.009289
1610017492.703475 14.205217 0.009234
1610017492.835475 14.204879 0.009170
1610017492.967475 14.206187 0.009106
1610017493.099476 14.206833 0.009033
1610017493.231476 14.210910 0.008988
1610017493.363476 14.211329 0.008927
1610017493.495476 14.209624 0.008866
1610017493.627477 14.209189 0.008796
1610017493.759477 14.208499 0.008747
1610017493.891478 14.208901 0.008689
1610017494.023478 14.212045 0.008662
1610017494.155478 14.211445 0.008613
1610017494.287478 14.210515 0.008566
1610017494.419479 14.208474 0.008487
1610017494.551479 14.207915 0.008454
1610017494.683480 14.208543 0.008422
1610017494.815480 14.207159 0.008380
1610017494.947480 14.205196 0.008345
1610017495.079481 14.202410 0.008307
1610017495.211481 14.200817 0.008278
1610017495.343481 14.197971 0.008243
1610017495.508482 14.192783 0.008211
1610017495.673482 14.194466 0.008166
1610017495.838482 14.195473 0.008139
1610017495.970483 14.195613 0.008119
1610017496.102483 14.194731 0.008091
1610017496.234483 14.194284 0.008073
1610017496.366484 14.194395 0.008054
1610017496.498484 14.194115 0.008034
1610017496.630484 14.193525 0.008016
1610017496.762485 14.192980 0.007994
1610017496.894485 14.193521 0.007978
1610017497.026485 14.192003 0.007961
1610017497.092485 14.191072 0.007952
1610017497.224486 14.190539 0.007944
1610017497.356486 14.189839 0.007927
1610017497.488486 14.189648 0.007916
1610017497.620487 14.189366 0.007905
1610017497.752487 14.189234 0.007897
1610017497.851487 14.188653 0.007886
1610017497.983488 14.187427 0.007874
1610017498.082488 14.186964 0.007868
1610017498.181488 14.186943 0.007861
1610017498.280488 14.186781 0.007854
1610017498.379488 14.186681 0.007853
1610017498.478489 14.186438 0.007844
1610017498.577489 14.186144 0.007839
1610017498.676489 14.185424 0.007830
1610017498.775490 14.185421 0.007832
1610017498.874490 14.185057 0.007824
1610017498.973490 14.184492 0.007820
1610017499.072490 14.185958 0.007816
1610017499.171491 14.186190 0.007813
1610017499.270491 14.186380 0.007810
1610017499.369491 14.186190 0.007806
1610017499.468491 14.185285 0.007801
1610017499.567491 14.184765 0.007799
1610017499.666492 14.183997 0.007788
1610017499.765492 14.184167 0.007788
1610017499.831492 14.184419 0.007787
1610017499.897492 14.183604 0.007788
1610017499.996493 14.184237 0.007787
1610017500.095493 14.183827 0.007785
1610017500.194493 14.183350 0.007782
1610017500.260493 14.182839 0.007773
1610017500.359493 14.182916 0.007776
1610017500.458494 14.182688 0.007767
1610017500.524494 14.182556 0.007773
1610017500.590494 14.183117 0.007771
1610017500.656494 14.183473 0.007762
1610017500.722494 14.182845 0.007768
1610017500.821495 14.182222 0.007765
1610017500.920495 14.181833 0.007765
1610017500.986495 14.182377 0.007763
1610017501.052495 14.182455 0.007750
1610017501.118495 14.181659 0.007758
1610017501.184495 14.181917 0.007762
1610017501.250495 14.181989 0.007747
1610017501.349496 14.182075 0.007758
1610017501.415496 14.181623 0.007758
1610017501.481496 14.181636 0.007754
1610017501.547496 14.181382 0.007749
1610017501.646497 14.181402 0.007748
1610017501.712497 14.182446 0.007748
1610017501.778497 14.182057 0.007752
1610017501.877497 14.181702 0.007752
1610017501.976497 14.181284 0.007746
1610017502.075497 14.180623 0.007749
1610017502.174498 14.180283 0.007742
1610017502.240498 14.179750 0.007741
1610017502.306498 14.180046 0.007745
1610017502.372498 14.179779 0.007744
1610017502.438498 14.180530 0.007738
1610017502.537499 14.180345 0.007745
1610017502.636499 14.180033 0.007746
1610017502.735499 14.179742 0.007745
1610017502.834499 14.179532 0.007741
1610017502.900499 14.178428 0.007736
1610017502.966500 14.178455 0.007742
1610017503.032500 14.177746 0.007738
1610017503.098500 14.177799 0.007738
1610017503.164500 14.177312 0.007737
1610017503.230500 14.176570 0.007736
1610017503.296500 14.175977 0.007724
1610017503.362501 14.176333 0.007733
1610017503.428501 14.176314 0.007733
1610017503.494501 14.176601 0.007738
1610017503.560501 14.176560 0.007735
1610017503.659501 14.176280 0.007736
1610017503.725502 14.175851 0.007734
1610017503.824502 14.174497 0.007725
1610017503.890502 14.172118 0.007734
1610017503.956502 14.171172 0.007729
1610017504.055502 14.170110 0.007726
1610017504.154503 14.169497 0.007720
1610017504.253503 14.169639 0.007729
1610017504.352503 14.170241 0.007712
1610017504.451503 14.169531 0.007721
1610017504.550504 14.168409 0.007725
1610017504.649504 14.167655 0.007725
1610017504.715504 14.166448 0.007726
1610017504.814504 14.166418 0.007725
1610017504.913505 14.164925 0.007722
1610017505.012505 14.164509 0.007716
1610017505.111505 14.163438 0.007719
1610017505.210505 14.162411 0.007717
1610017505.309505 14.161413 0.007720
1610017505.408506 14.160140 0.007715
1610017505.507506 14.159489 0.007717
1610017505.606506 14.160526 0.007715
1610017505.705506 14.158725 0.007714
1610017505.804507 14.159782 0.007718
1610017505.903507 14.160443 0.007708
1610017506.002507 14.158897 0.007713
1610017506.101507 14.156701 0.007713
1610017506.200508 14.156710 0.007711
1610017506.299508 14.156570 0.007707
1610017506.398508 14.157139 0.007710
1610017506.497508 14.156047 0.007707
1610017506.596509 14.155754 0.007709
1610017506.695509 14.153744 0.007697
1610017506.794509 14.153601 0.007696
1610017506.893509 14.153322 0.007698
1610017506.992510 14.153278 0.007698
1610017507.091510 14.151887 0.007704
1610017507.190510 14.151421 0.007704
1610017507.289510 14.151208 0.007699
1610017507.388510 14.151129 0.007701
1610017507.487511 14.149767 0.007694
1610017507.586511 14.149385 0.007705
1610017507.685511 14.150302 0.007693
1610017507.784512 14.148917 0.007703
1610017507.883512 14.149293 0.007703
1610017507.982512 14.148575 0.007698
1610017508.081512 14.148519 0.007699
1610017508.180512 14.148785 0.007697
1610017508.312513 14.150390 0.007698
1610017508.444513 14.151051 0.007698
1610017508.576514 14.152296 0.007694
1610017508.675514 14.152269 0.007696
1610017508.774514 14.152279 0.007689
1610017508.873514 14.151333 0.007696
1610017508.972515 14.151862 0.007690
1610017509.071515 14.151477 0.007695
1610017509.170515 14.149606 0.007690
1610017509.269515 14.150790 0.007693
1610017509.368515 14.150501 0.007691
1610017509.500516 14.151062 0.007691
1610017509.632516 14.151427 0.007692
1610017509.731516 14.151754 0.007690
1610017509.830517 14.152372 0.007688
1610017509.929517 14.153393 0.007690
1610017510.028517 14.152787 0.007671
1610017510.127517 14.153825 0.007680
1610017510.226517 14.153912 0.007686
1610017510.325518 14.154058 0.007675
1610017510.457518 14.156765 0.007683
1610017510.589519 14.159268 0.007680
1610017510.721519 14.157430 0.007684
1610017510.853519 14.157570 0.007686
1610017510.985519 14.158496 0.007685
1610017511.084520 14.158594 0.007678
1610017511.216520 14.159973 0.007682
1610017511.348521 14.161555 0.007682
1610017511.447520 14.163093 0.007680
1610017511.546521 14.163808 0.007678
1610017511.645521 14.163942 0.007677
1610017511.777521 14.164176 0.007668
1610017511.909522 14.163333 0.007680
1610017512.041522 14.164448 0.007679
1610017512.173522 14.163426 0.007677
1610017512.305523 14.164695 0.007674
1610017512.437523 14.164623 0.007673
1610017512.569523 14.165896 0.007674
1610017512.701524 14.166580 0.007677
1610017512.800524 14.167238 0.007674
1610017512.899524 14.166283 0.007674
1610017512.998524 14.165870 0.007673
1610017513.097524 14.165235 0.007670
1610017513.196525 14.166169 0.007668
1610017513.295525 14.167172 0.007672
1610017513.394526 14.168530 0.007652
1610017513.493526 14.169066 0.007664
1610017513.592526 14.168535 0.007654
1610017513.691526 14.168009 0.007673
1610017513.790526 14.167729 0.007666
1610017513.889527 14.169225 0.007668
1610017513.988527 14.170476 0.007670
1610017514.087527 14.169105 0.007664
1610017514.186527 14.169389 0.007660
1610017514.285527 14.169801 0.007655
1610017514.384528 14.169153 0.007655
1610017514.483528 14.169414 0.007666
1610017514.582528 14.170479 0.007663
1610017514.681529 14.170649 0.007664
1610017514.780529 14.171331 0.007666
1610017514.879529 14.171370 0.007665
1610017514.978529 14.171550 0.007667
1610017515.077529 14.172301 0.007664
1610017515.176530 14.172083 0.007667
1610017515.275530 14.172612 0.007663
1610017515.374530 14.172209 0.007666
1610017515.473530 14.171804 0.007666
1610017515.572531 14.172375 0.007665
1610017515.671531 14.172061 0.007655
1610017515.770531 14.172355 0.007664
1610017515.869531 14.172527 0.007665
1610017515.968532 14.173803 0.007654
1610017516.067532 14.173426 0.007648
1610017516.166532 14.172550 0.007660
1610017516.298532 14.174068 0.007660
1610017516.397533 14.174029 0.007649
1610017516.496533 14.174376 0.007662
1610017516.595533 14.174234 0.007660
1610017516.694533 14.175076 0.007659
1610017516.793533 14.176538 0.007660
1610017516.892534 14.176280 0.007660
1610017516.991534 14.175409 0.007659
1610017517.090534 14.175391 0.007650
1610017517.189534 14.176132 0.007659
1610017517.288535 14.175837 0.007660
1610017517.387535 14.175974 0.007658
1610017517.486535 14.175038 0.007648
1610017517.585536 14.176028 0.007658
1610017517.684536 14.175715 0.007651
1610017517.783536 14.174921 0.007657
1610017517.882536 14.174003 0.007649
1610017517.981537 14.177493 0.007651
1610017518.080537 14.179078 0.007654
1610017518.179537 14.179189 0.007656
1610017518.278537 14.178574 0.007656
1610017518.377537 14.179058 0.007656
1610017518.476538 14.178718 0.007653
1610017518.575538 14.178877 0.007657
1610017518.674538 14.179617 0.007637
1610017518.773538 14.180197 0.007655
1610017518.872539 14.180658 0.007653
1610017518.971539 14.182370 0.007653
1610017519.070539 14.183378 0.007652
1610017519.169539 14.183606 0.007638
1610017519.268540 14.183499 0.007653
1610017519.367540 14.183443 0.007651
1610017519.466540 14.185283 0.007650
1610017519.565540 14.186655 0.007651
1610017519.664541 14.187904 0.007650
1610017519.763541 14.189135 0.007640
1610017519.862541 14.190559 0.007642
1610017519.961541 14.191315 0.007625
1610017520.060541 14.192038 0.007638
1610017520.159542 14.194985 0.007632
1610017520.258542 14.197042 0.007644
1610017520.357542 14.199759 0.007617
1610017520.456542 14.204353 0.007605
1610017520.555543 14.206342 0.007637
1610017520.654543 14.205763 0.007631
1610017520.753543 14.209192 0.007626
1610017520.852544 14.212154 0.007632
1610017520.951544 14.215110 0.007634
1610017521.050544 14.216033 0.007629
1610017521.149544 14.219960 0.007603
1610017521.248544 14.222605 0.007628
1610017521.347545 14.225146 0.007621
1610017521.446545 14.228212 0.007623
1610017521.545545 14.232836 0.007601
1610017521.644545 14.236572 0.007622
1610017521.743546 14.240585 0.007630
1610017521.842546 14.244609 0.007610
1610017521.941546 14.246036 0.007620
1610017522.040546 14.248420 0.007627
1610017522.139547 14.252765 0.007622
1610017522.238547 14.255704 0.007619
1610017522.337547 14.260039 0.007614
1610017522.436547 14.263084 0.007622
1610017522.535548 14.266048 0.007625
1610017522.634548 14.269133 0.007619
1610017522.733548 14.271787 0.007600
1610017522.832548 14.273069 0.007618
1610017522.931549 14.275631 0.007621
1610017523.030549 14.278916 0.007615
1610017523.129549 14.281466 0.007613
1610017523.228549 14.282149 0.007600
1610017523.360550 14.284262 0.007586
1610017523.492550 14.285716 0.007584
1610017523.624550 14.287848 0.007601
1610017523.756551 14.286592 0.007614
1610017523.921551 14.286421 0.007610
1610017524.086551 14.286536 0.007598
1610017524.218552 14.287037 0.007589
1610017524.317552 14.287580 0.007592
1610017524.482552 14.287275 0.007570
1610017524.647553 14.286972 0.007578
1610017524.812553 14.286773 0.007567
1610017524.977554 14.286696 0.007583
1610017525.109554 14.286597 0.007592
1610017525.241554 14.287531 0.007576
1610017525.340554 14.287374 0.007588
1610017525.439554 14.286694 0.007598
1610017525.538555 14.286196 0.007593
1610017525.637555 14.285604 0.007593
1610017525.769556 14.284032 0.007589
1610017525.901556 14.284846 0.007555
1610017526.033556 14.283223 0.007589
1610017526.165556 14.282044 0.007585
1610017526.297557 14.281228 0.007562
1610017526.429557 14.280643 0.007577
1610017526.528557 14.279993 0.007582
1610017526.627558 14.279160 0.007579
1610017526.726558 14.279411 0.007559
1610017526.792558 14.279415 0.007574
1610017526.858558 14.278703 0.007587
1610017526.924558 14.278190 0.007585
1610017526.990558 14.277606 0.007579
1610017527.056559 14.276814 0.007582
1610017527.155559 14.276011 0.007585
1610017527.254559 14.275502 0.007577
1610017527.320559 14.274925 0.007582
1610017527.386559 14.274859 0.007582
1610017527.452560 14.274539 0.007583
1610017527.518560 14.274184 0.007575
1610017527.617560 14.273599 0.007580
1610017527.716560 14.272979 0.007581
1610017527.848561 14.272605 0.007578
1610017527.947561 14.271966 0.007577
1610017528.046561 14.271733 0.007574
1610017528.145561 14.271288 0.007572
1610017528.211561 14.270886 0.007570
1610017528.310562 14.269913 0.007558
1610017528.409562 14.269500 0.007573
1610017528.508562 14.269158 0.007573
1610017528.607563 14.268560 0.007571
1610017528.706563 14.268122 0.007570
1610017528.805563 14.267600 0.007558
1610017528.904563 14.267517 0.007568
1610017529.036564 14.266482 0.007571
1610017529.135564 14.266321 0.007568
1610017529.201564 14.266295 0.007568
1610017529.300564 14.266403 0.007563
1610017529.399565 14.265546 0.007568
1610017529.498565 14.264926 0.007566
1610017529.597565 14.264935 0.007564
1610017529.696565 14.265529 0.007545
1610017529.795566 14.265125 0.007559
1610017529.894566 14.265148 0.007562
1610017529.993566 14.263954 0.007547
1610017530.125566 14.264120 0.007560
1610017530.224566 14.263669 0.007559
1610017530.356567 14.263036 0.007561
1610017530.488567 14.262635 0.007553
1610017530.620568 14.262854 0.007537
1610017530.752568 14.262599 0.007558
1610017530.884568 14.262012 0.007559
1610017530.983568 14.263649 0.007552
1610017531.115569 14.263150 0.007562
1610017531.247569 14.262335 0.007536
1610017531.346569 14.262175 0.007559
1610017531.445570 14.262369 0.007563
1610017531.544570 14.261030 0.007532
1610017531.643570 14.260715 0.007555
1610017531.742570 14.261600 0.007548
1610017531.841571 14.260469 0.007551
1610017531.973571 14.259645 0.007551
1610017532.105571 14.260441 0.007530
1610017532.237571 14.259365 0.007510
1610017532.369572 14.260199 0.007552
1610017532.501572 14.258827 0.007522
1610017532.633572 14.258559 0.007494
1610017532.732573 14.257330 0.007556
1610017532.831573 14.256925 0.007524
1610017532.963573 14.255739 0.007545
1610017533.128574 14.257022 0.007558
1610017533.260574 14.257730 0.007541
1610017533.392574 14.257935 0.007560
1610017533.524575 14.260313 0.007559
1610017533.656575 14.262662 0.007556
1610017533.788575 14.262402 0.007558
1610017533.920575 14.263552 0.007558
1610017534.052576 14.264085 0.007552
1610017534.184576 14.264906 0.007546
1610017534.316576 14.265454 0.007537
1610017534.415577 14.266238 0.007551
1610017534.514577 14.266571 0.007548
1610017534.613577 14.267438 0.007552
1610017534.712578 14.267865 0.007555
1610017534.844578 14.268225 0.007555
1610017534.976578 14.269419 0.007556
1610017535.075578 14.270168 0.007555
1610017535.174579 14.270515 0.007553
1610017535.273579 14.271449 0.007553
1610017535.372579 14.272700 0.007534
1610017535.471579 14.272328 0.007544
1610017535.603580 14.273121 0.007535
1610017535.702580 14.274774 0.007554
1610017535.801580 14.275850 0.007554
1610017535.900580 14.276498 0.007550
1610017535.999581 14.277035 0.007550
1610017536.098581 14.278070 0.007554
1610017536.197581 14.278979 0.007551
1610017536.296581 14.279541 0.007547
1610017536.395582 14.280534 0.007550
1610017536.494582 14.281409 0.007552
1610017536.593582 14.282637 0.007549
1610017536.692582 14.283995 0.007550
1610017536.758583 14.285681 0.007544
1610017536.857583 14.286627 0.007545
1610017536.956583 14.288137 0.007550
1610017537.055583 14.290685 0.007550
1610017537.154583 14.292805 0.007535
1610017537.253584 14.295430 0.007543
1610017537.352584 14.297948 0.007522
1610017537.451584 14.299794 0.007533
1610017537.583585 14.302071 0.007546
1610017537.715585 14.306507 0.007542
1610017537.814585 14.309002 0.007546
1610017537.913585 14.311727 0.007516
1610017537.979586 14.311348 0.007484
1610017538.078586 14.312510 0.007543
1610017538.177586 14.314343 0.007543
1610017538.276586 14.315993 0.007543
1610017538.408587 14.317736 0.007542
1610017538.507587 14.319479 0.007517
1610017538.606587 14.318256 0.007517
1610017538.705587 14.319649 0.007521
1610017538.804588 14.319998 0.007540
1610017538.903588 14.320054 0.007436
1610017539.002588 14.320964 0.007534
1610017539.101588 14.321201 0.007536
1610017539.200588 14.321638 0.007536
1610017539.299589 14.321904 0.007537
1610017539.365589 14.321038 0.007484
1610017539.464589 14.322303 0.007532
1610017539.563589 14.322141 0.007532
1610017539.662590 14.322511 0.007533
1610017539.761590 14.321945 0.007527
1610017539.860590 14.320808 0.007499
1610017539.959590 14.320500 0.007452
1610017540.058590 14.319780 0.007529
1610017540.157591 14.319528 0.007527
1610017540.256591 14.319317 0.007527
1610017540.355592 14.319419 0.007531
1610017540.454592 14.319104 0.007524
1610017540.553592 14.319294 0.007523
1610017540.652592 14.318795 0.007496
1610017540.751592 14.318448 0.007515
1610017540.850593 14.318273 0.007496
1610017540.949593 14.317840 0.007489
1610017541.048593 14.317901 0.007522
1610017541.147593 14.318156 0.007524
1610017541.246593 14.318402 0.007520
1610017541.345594 14.317964 0.007522
1610017541.444594 14.317391 0.007522
1610017541.543594 14.317503 0.007511
1610017541.642595 14.316163 0.007511
1610017541.774595 14.316460 0.007516
1610017541.873595 14.316465 0.007507
1610017541.972595 14.316610 0.007519
1610017542.071595 14.316724 0.007512
1610017542.170596 14.317012 0.007487
1610017542.269596 14.316609 0.007500
1610017542.368596 14.316901 0.007515
1610017542.467597 14.316256 0.007513
1610017542.566597 14.315337 0.007510
1610017542.665597 14.314028 0.007513
1610017542.764597 14.314953 0.007514
1610017542.863597 14.314516 0.007513
1610017542.962598 14.313704 0.007498
1610017543.061598 14.313166 0.007513
1610017543.160598 14.312866 0.007509
1610017543.226599 14.313598 0.007512
1610017543.325598 14.313493 0.007510
1610017543.424599 14.313399 0.007506
1610017543.523599 14.313333 0.007510
1610017543.622599 14.313514 0.007501
1610017543.721600 14.313302 0.007508
1610017543.820600 14.312362 0.007508
1610017543.919600 14.311575 0.007508
1610017544.018600 14.311487 0.007484
1610017544.117600 14.311266 0.007495
1610017544.216601 14.310529 0.007502
1610017544.315601 14.310161 0.007477
1610017544.414601 14.309823 0.007507
1610017544.513602 14.310026 0.007509
1610017544.645602 14.309618 0.007506
1610017544.777602 14.309803 0.007499
1610017544.942602 14.309619 0.007473
1610017545.107603 14.309728 0.007485
1610017545.239603 14.310379 0.007477
1610017545.371603 14.310856 0.007501
1610017545.503604 14.310368 0.007495
1610017545.635604 14.310586 0.007492
1610017545.767605 14.310349 0.007498
1610017545.899605 14.310813 0.007478
1610017545.998605 14.309737 0.007481
1610017546.097605 14.309797 0.007498
1610017546.196605 14.308830 0.007501
1610017546.295606 14.307853 0.007491
1610017546.394606 14.307463 0.007495
1610017546.493606 14.307621 0.007489
1610017546.592607 14.307504 0.007494
1610017546.691607 14.307774 0.007483
1610017546.790607 14.307887 0.007491
1610017546.889607 14.308076 0.007480
1610017546.955607 14.307851 0.007494
1610017547.054608 14.307469 0.007498
1610017547.153608 14.306893 0.007470
1610017547.252608 14.307684 0.007489
1610017547.351608 14.308248 0.007471
1610017547.450609 14.307274 0.007435
1610017547.549609 14.307055 0.007485
1610017547.648609 14.306726 0.007485
1610017547.747609 14.305783 0.007465
1610017547.846610 14.305631 0.007469
1610017547.945610 14.305235 0.007491
1610017548.044610 14.304764 0.007423
1610017548.143610 14.304911 0.007485
1610017548.242610 14.305750 0.007491
1610017548.374611 14.306021 0.007495
1610017548.506611 14.306015 0.007454
1610017548.638612 14.305869 0.007492
1610017548.770612 14.306256 0.007486
1610017548.869612 14.306996 0.007477
1610017548.968612 14.307836 0.007470
1610017549.067613 14.308034 0.007477
1610017549.166613 14.307191 0.007486
1610017549.265613 14.306147 0.007483
1610017549.364613 14.306895 0.007472
1610017549.463614 14.306767 0.007470
1610017549.562614 14.306939 0.007470
1610017549.694614 14.306399 0.007478
1610017549.793614 14.306225 0.007489
1610017549.892615 14.306367 0.007488
1610017549.991615 14.306511 0.007469
1610017550.123615 14.307318 0.007488
1610017550.222615 14.307952 0.007471
1610017550.321616 14.308921 0.007480
1610017550.420616 14.308871 0.007431
1610017550.519616 14.308521 0.007465
1610017550.618616 14.309749 0.007476
1610017550.717617 14.309803 0.007491
1610017550.783617 14.310254 0.007482
1610017550.882617 14.309976 0.007482
1610017550.981617 14.310717 0.007458
1610017551.080617 14.310667 0.007461
1610017551.179618 14.311190 0.007492
1610017551.278618 14.310900 0.007485
1610017551.377618 14.310836 0.007463
1610017551.476619 14.311205 0.007476
1610017551.575619 14.311793 0.007442
1610017551.674619 14.311789 0.007475
1610017551.773619 14.311788 0.007484
1610017551.872620 14.312218 0.007486
1610017551.971620 14.312945 0.007481
1610017552.070620 14.313144 0.007489
1610017552.136620 14.313194 0.007439
1610017552.235620 14.313774 0.007480
1610017552.334621 14.314842 0.007448
1610017552.433621 14.315576 0.007452
1610017552.532621 14.315948 0.007435
1610017552.631621 14.317324 0.007458
1610017552.730621 14.318341 0.007488
1610017552.796622 14.319062 0.007490
1610017552.862622 14.320094 0.007462
1610017552.928622 14.321137 0.007490
1610017552.994622 14.322350 0.007483
1610017553.060622 14.322815 0.007489
1610017553.126622 14.323747 0.007477
1610017553.192623 14.324390 0.007472
1610017553.258623 14.325571 0.007459
1610017553.324623 14.326396 0.007486
1610017553.390623 14.327276 0.007491
1610017553.456623 14.328101 0.007490
1610017553.555624 14.329325 0.007488
1610017553.654624 14.329826 0.007462
1610017553.753624 14.330812 0.007469
1610017553.852624 14.332099 0.007485
1610017553.918624 14.332427 0.007479
1610017554.017625 14.333550 0.007491
1610017554.116625 14.333633 0.007461
1610017554.215625 14.334574 0.007484
1610017554.314625 14.335265 0.007456
1610017554.413626 14.336536 0.007481
1610017554.479626 14.337389 0.007474
1610017554.545626 14.338158 0.007490
1610017554.611626 14.337961 0.007485
1610017554.710626 14.338763 0.007460
1610017554.809627 14.339728 0.007485
1610017554.908627 14.340919 0.007480
1610017554.974627 14.342625 0.007451
1610017555.040627 14.343119 0.007490
1610017555.139627 14.343079 0.007399
1610017555.205628 14.343395 0.007483
1610017555.304628 14.344189 0.007474
1610017555.370628 14.342590 0.007470
1610017555.469628 14.343212 0.007491
1610017555.568629 14.342892 0.007491
1610017555.667629 14.343785 0.007471
1610017555.766629 14.343293 0.007468
1610017555.865629 14.345067 0.007490
1610017555.964629 14.344055 0.007481
1610017556.030630 14.345030 0.007488
1610017556.129630 14.346915 0.007485
1610017556.228630 14.348476 0.007489
1610017556.327630 14.346954 0.007489
1610017556.426631 14.348312 0.007481
1610017556.525631 14.347118 0.007476
1610017556.591631 14.348874 0.007491
1610017556.657631 14.349448 0.007489
1610017556.723631 14.349536 0.007431
1610017556.822631 14.349987 0.007487
1610017556.921632 14.349736 0.007476
1610017557.020632 14.350662 0.007485
1610017557.119632 14.351816 0.007463
1610017557.218632 14.353234 0.007472
1610017557.317633 14.350742 0.007480
1610017557.383633 14.351565 0.007438
1610017557.449633 14.350130 0.007428
1610017557.548633 14.350065 0.007487
1610017557.647634 14.351125 0.007469
1610017557.713634 14.351269 0.007474
1610017557.812634 14.351690 0.007462
1610017557.911634 14.350176 0.007481
1610017558.010634 14.350953 0.007486
1610017558.109635 14.350249 0.007464
1610017558.208635 14.349613 0.007442
1610017558.307635 14.348453 0.007485
1610017558.406636 14.347977 0.007469
1610017558.505636 14.347422 0.007484
1610017558.604636 14.347452 0.007475
1610017558.703636 14.346816 0.007460
1610017558.802637 14.347522 0.007475
1610017558.901637 14.347516 0.007435
1610017559.000637 14.347079 0.007478
1610017559.099637 14.347166 0.007467
1610017559.198637 14.346545 0.007450
1610017559.297638 14.345058 0.007468
1610017559.396638 14.345373 0.007467
1610017559.495638 14.345317 0.007458
1610017559.594639 14.346359 0.007485
1610017559.693639 14.346023 0.007478
1610017559.792639 14.346583 0.007482
1610017559.891639 14.345937 0.007469
1610017559.990639 14.346403 0.007483
1610017560.122640 14.346962 0.007480
1610017560.254640 14.347584 0.007476
1610017560.353640 14.348170 0.007461
1610017560.452641 14.349207 0.007483
1610017560.551641 14.349988 0.007484
1610017560.650641 14.350252 0.007485
1610017560.749641 14.351085 0.007482
1610017560.848642 14.351414 0.007483
1610017560.980642 14.351894 0.007474
1610017561.112642 14.353636 0.007473
1610017561.244642 14.355408 0.007420
1610017561.376643 14.355911 0.007295
1610017561.508643 14.357457 0.007453
1610017561.673644 14.357878 0.007467
1610017561.838644 14.359406 0.007473
1610017562.003644 14.361417 0.007476
1610017562.168645 14.363307 0.007464
1610017562.366645 14.365614 0.007476
1610017562.564646 14.367305 0.007473
1610017562.729646 14.368160 0.007405
1610017562.960647 14.370954 0.007469
1610017563.191647 14.370382 0.007448
1610017563.422648 14.369980 0.007456
1610017563.620648 14.369561 0.007468
1610017563.818649 14.370887 0.007384
1610017563.983649 14.370092 0.007466
1610017564.148650 14.369410 0.007408
1610017564.280650 14.369063 0.007421
1610017564.412650 14.368817 0.007384
1610017564.544651 14.368740 0.007345
1610017564.676651 14.365129 0.007459
1610017564.808651 14.365490 0.007454
1610017564.940651 14.365317 0.007447
1610017565.072652 14.365445 0.007417
1610017565.204652 14.365742 0.007460
1610017565.336653 14.365857 0.007414
1610017565.468653 14.367782 0.007360
1610017565.600653 14.367878 0.007469
1610017565.732654 14.367567 0.007469
1610017565.864654 14.367237 0.007457
1610017565.996654 14.367052 0.007457
1610017566.128654 14.366978 0.007472
1610017566.260655 14.367314 0.007458
1610017566.458655 14.368298 0.007467
1610017566.623656 14.369509 0.007450
1610017566.788656 14.370071 0.007473
1610017566.953657 14.370668 0.007443
1610017567.118657 14.371615 0.007464
1610017567.283657 14.372349 0.007449
1610017567.448658 14.373094 0.007471
1610017567.580658 14.373659 0.007472
1610017567.712658 14.374285 0.007458
1610017567.877659 14.375243 0.007456
1610017568.042659 14.375941 0.007457
1610017568.174659 14.376549 0.007464
1610017568.306660 14.376752 0.007443
1610017568.438660 14.377583 0.007451
1610017568.570660 14.376400 0.007148
1610017568.702661 14.376482 0.007463
1610017568.834661 14.374530 0.007396
1610017568.966661 14.375218 0.007437
1610017569.098662 14.375166 0.007159
1610017569.230662 14.374305 0.007245
1610017569.362662 14.372377 0.007211
1610017569.494662 14.372825 0.007209
1610017569.593663 14.372323 0.007002
1610017569.692663 14.371790 0.007461
1610017569.791663 14.371310 0.007424
1610017569.890663 14.371366 0.007311
1610017569.989664 14.370701 0.007443
1610017570.121664 14.370594 0.007350
1610017570.220664 14.370615 0.007442
1610017570.319665 14.370123 0.007383
1610017570.418665 14.369998 0.007420
1610017570.550665 14.369796 0.007409
1610017570.649665 14.369720 0.007439
1610017570.748666 14.369713 0.007393
1610017570.847666 14.369429 0.007442
1610017570.946666 14.369033 0.007419
1610017571.045666 14.368775 0.007406
1610017571.144667 14.368253 0.007438
1610017571.243667 14.368701 0.007415
1610017571.342667 14.369073 0.007462
1610017571.441667 14.369448 0.007463
1610017571.540668 14.369354 0.007447
1610017571.639668 14.369542 0.007456
1610017571.738668 14.369406 0.007436
1610017571.837668 14.369316 0.007458
1610017571.936669 14.369403 0.007426
1610017572.035669 14.369593 0.007460
1610017572.134669 14.369821 0.007462
1610017572.233669 14.369952 0.007447
1610017572.332670 14.370009 0.007461
1610017572.431670 14.369996 0.007449
1610017572.530670 14.370322 0.007458
1610017572.629670 14.370102 0.007461
1610017572.728670 14.370244 0.007452
1610017572.827671 14.370124 0.007460
1610017572.926671 14.370248 0.007444
1610017573.025671 14.370103 0.007417
1610017573.124671 14.370388 0.007422
1610017573.223672 14.370597 0.007412
1610017573.322672 14.370225 0.007443
1610017573.421672 14.370181 0.007459
1610017573.520673 14.370035 0.007415
1610017573.619673 14.369532 0.007462
1610017573.718673 14.369609 0.007421
1610017573.817673 14.369542 0.007448
1610017573.916673 14.369392 0.007436
1610017574.015674 14.369184 0.007457
1610017574.114674 14.369135 0.007452
1610017574.180674 14.369284 0.007449
1610017574.246674 14.369415 0.007444
1610017574.312674 14.369301 0.007461
1610017574.378675 14.369234 0.007462
1610017574.444675 14.369089 0.007459
1610017574.510675 14.369003 0.007459
1610017574.609675 14.369164 0.007461
1610017574.708675 14.369206 0.007449
1610017574.807676 14.369086 0.007454
1610017574.906676 14.368918 0.007462
1610017574.972676 14.368753 0.007456
1610017575.071676 14.368882 0.007422
1610017575.137676 14.368755 0.007447
1610017575.236677 14.368730 0.007456
1610017575.335677 14.368436 0.007450
1610017575.434677 14.368307 0.007457
1610017575.500677 14.368119 0.007454
1610017575.599678 14.368283 0.007456
1610017575.698678 14.368635 0.007453
1610017575.797678 14.368730 0.007438
1610017575.896678 14.368755 0.007449
1610017575.995678 14.368816 0.007439
1610017576.094679 14.368647 0.007455
1610017576.193679 14.368453 0.007434
1610017576.292679 14.368558 0.007454
1610017576.391680 14.368768 0.007460
1610017576.490680 14.368592 0.007449
1610017576.589680 14.368272 0.007455
1610017576.688680 14.367968 0.007459
1610017576.787681 14.367965 0.007456
1610017576.886681 14.368309 0.007460
1610017576.985681 14.368392 0.007428
1610017577.084681 14.369446 0.007412
1610017577.183681 14.369862 0.007413
1610017577.282682 14.368969 0.007442
1610017577.381682 14.369448 0.007420
1610017577.480682 14.369307 0.007458
1610017577.579683 14.369350 0.007444
1610017577.645683 14.368983 0.007448
1610017577.711683 14.369477 0.007456
1610017577.777683 14.369579 0.007432
1610017577.843683 14.369291 0.007448
1610017577.909683 14.369381 0.007457
1610017577.975683 14.369695 0.007455
1610017578.041683 14.369666 0.007459
1610017578.107684 14.369410 0.007456
1610017578.173684 14.369652 0.007454
1610017578.239684 14.369757 0.007417
1610017578.305684 14.369766 0.007400
1610017578.371684 14.369051 0.007453
1610017578.437685 14.368748 0.007428
1610017578.536685 14.368625 0.007456
1610017578.635685 14.368819 0.007444
1610017578.734685 14.368812 0.007447
1610017578.833685 14.368642 0.007433
1610017578.932686 14.368446 0.007447
1610017579.031686 14.368314 0.007443
1610017579.130686 14.368381 0.007343
1610017579.229686 14.368345 0.007449
1610017579.328686 14.368072 0.007455
1610017579.427687 14.368175 0.007389
1610017579.526687 14.368347 0.007440
1610017579.625688 14.368780 0.007443
1610017579.724688 14.368280 0.007454
1610017579.823688 14.368255 0.007458
1610017579.922688 14.368080 0.007384
1610017580.021688 14.367945 0.007458
1610017580.120689 14.367749 0.007436
1610017580.219689 14.367716 0.007282
1610017580.318689 14.367618 0.007401
1610017580.417689 14.367390 0.007452
1610017580.516690 14.367418 0.007453
1610017580.615690 14.367542 0.007457
1610017580.714690 14.367463 0.007454
1610017580.813690 14.367478 0.007459
1610017580.912691 14.367436 0.007414
1610017581.011691 14.367678 0.007449
1610017581.077691 14.367728 0.007451
1610017581.143691 14.367564 0.007427
1610017581.209691 14.367433 0.007435
1610017581.275692 14.367419 0.007449
1610017581.374691 14.367331 0.007454
1610017581.440692 14.367967 0.007381
1610017581.506692 14.367763 0.007440
1610017581.572692 14.367612 0.007455
1610017581.638692 14.367135 0.007434
1610017581.737693 14.367384 0.007450
1610017581.836693 14.367289 0.007388
1610017581.935693 14.367247 0.007426
1610017582.034693 14.367421 0.007429
1610017582.133694 14.366906 0.007378
1610017582.265694 14.366998 0.007440
1610017582.397694 14.367036 0.007424
1610017582.529695 14.367089 0.007456
1610017582.661695 14.367223 0.007363
1610017582.793695 14.366720 0.007437
1610017582.925695 14.368383 0.007346
1610017583.057696 14.368885 0.007387
1610017583.189696 14.368780 0.007453
1610017583.321697 14.368660 0.007366
1610017583.453697 14.368882 0.007434
1610017583.585697 14.368154 0.007309
1610017583.684697 14.368688 0.007317
1610017583.816698 14.369700 0.007357
1610017583.948698 14.369135 0.007400
1610017584.080698 14.369005 0.007429
1610017584.212699 14.369648 0.007410
1610017584.311699 14.370972 0.007397
1610017584.410699 14.371521 0.007077
1610017584.509699 14.371052 0.007419
1610017584.608700 14.369782 0.007412
1610017584.707700 14.371181 0.007416
1610017584.806700 14.370987 0.007308
1610017584.905700 14.371899 0.007354
1610017585.004701 14.373342 0.007359
1610017585.103701 14.373593 0.007189
1610017585.202701 14.374569 0.007403
1610017585.301701 14.374346 0.007456
1610017585.400702 14.374457 0.007456
1610017585.499702 14.373921 0.007411
1610017585.598702 14.374722 0.007432
1610017585.697702 14.374836 0.007454
1610017585.796702 14.375350 0.007413
1610017585.895703 14.374642 0.007429
1610017586.027703 14.374906 0.007445
1610017586.159703 14.374934 0.007449
1610017586.258704 14.374820 0.007441
1610017586.357704 14.374986 0.007322
1610017586.489704 14.375159 0.007377
1610017586.621705 14.375104 0.007454
1610017586.753705 14.374966 0.007440
1610017586.885705 14.375226 0.007451
1610017587.017705 14.375271 0.007454
1610017587.149706 14.375321 0.007382
1610017587.248706 14.375160 0.007448
1610017587.347706 14.375173 0.007429
1610017587.446707 14.374779 0.007439
1610017587.545707 14.374656 0.007419
1610017587.644707 14.374596 0.007423
1610017587.743707 14.374376 0.007437
1610017587.842707 14.373777 0.007363
1610017587.941708 14.373269 0.007390
1610017588.040708 14.373253 0.007313
1610017588.139709 14.373332 0.007442
1610017588.238709 14.373342 0.007440
1610017588.304709 14.373577 0.007436
1610017588.403709 14.373578 0.007439
1610017588.502709 14.373550 0.007381
1610017588.601710 14.373288 0.007444
1610017588.700710 14.373356 0.007365
1610017588.799710 14.373086 0.007413
1610017588.898710 14.372713 0.007440
1610017588.997710 14.372428 0.007409
1610017589.063711 14.372432 0.007437
1610017589.162711 14.372159 0.007405
1610017589.261711 14.372545 0.007444
1610017589.360711 14.372528 0.007419
1610017589.459712 14.372226 0.007428
1610017589.591712 14.371876 0.007392
1610017589.723712 14.371689 0.007421
1610017589.822713 14.371839 0.007415
1610017589.921713 14.372024 0.007416
1610017590.020713 14.371858 0.007426
1610017590.119713 14.371651 0.007421
1610017590.218714 14.371589 0.007439
1610017590.317714 14.371571 0.007418
1610017590.416714 14.371596 0.007417
1610017590.515714 14.371449 0.007405
1610017590.614714 14.371438 0.007419
1610017590.713715 14.371661 0.007428
1610017590.812715 14.371358 0.007423
1610017590.911715 14.371374 0.007435
1610017591.010715 14.371278 0.007432
1610017591.109716 14.371125 0.007380
1610017591.175716 14.371545 0.007433
1610017591.274716 14.371549 0.007435
1610017591.373716 14.371738 0.007423
1610017591.472717 14.371690 0.007422
1610017591.571717 14.371860 0.007429
1610017591.637717 14.372009 0.007423
1610017591.736717 14.372511 0.007416
1610017591.835717 14.372592 0.007396
1610017591.934718 14.372641 0.007430
1610017592.033718 14.372792 0.007412
1610017592.099718 14.373019 0.007417
1610017592.165718 14.373131 0.007385
1610017592.231718 14.373142 0.007429
1610017592.297719 14.373083 0.007430
1610017592.363719 14.372863 0.007431
1610017592.429719 14.372879 0.007409
1610017592.495719 14.372926 0.007428
1610017592.561719 14.372908 0.007401
1610017592.627719 14.373175 0.007389
1610017592.693720 14.373261 0.007402
1610017592.759720 14.373385 0.007401
1610017592.825720 14.373405 0.007388
1610017592.891720 14.373534 0.007416
1610017592.957720 14.373650 0.007421
1610017593.023721 14.373710 0.007424
1610017593.089720 14.373551 0.007362
1610017593.155721 14.373836 0.007399
1610017593.221721 14.373471 0.007346
1610017593.287721 14.373936 0.007399
1610017593.353721 14.373976 0.007410
1610017593.419721 14.373999 0.007418
1610017593.518722 14.373972 0.007361
1610017593.584722 14.373827 0.007413
1610017593.683722 14.373704 0.007407
1610017593.782722 14.373401 0.007286
1610017593.914722 14.373602 0.007423
1610017594.046723 14.373360 0.007391
1610017594.178723 14.373467 0.007351
1610017594.310724 14.373504 0.007391
1610017594.442724 14.373302 0.007396
1610017594.574724 14.373845 0.007422
1610017594.706724 14.374645 0.007350
1610017594.838725 14.374706 0.007426
1610017594.970725 14.375851 0.007298
1610017595.102725 14.376549 0.007357
1610017595.234726 14.377135 0.007340
1610017595.399726 14.378391 0.007389
1610017595.531727 14.379588 0.007315
1610017595.663727 14.379779 0.007382
1610017595.795727 14.380787 0.007405
1610017595.927727 14.381953 0.007332
1610017596.059728 14.383487 0.007159
1610017596.224728 14.383765 0.007397
1610017596.356729 14.384719 0.007379
1610017596.488729 14.385758 0.007405
1610017596.620729 14.386553 0.007345
1610017596.719729 14.387247 0.007409
1610017596.818730 14.389088 0.007329
1610017596.917730 14.389865 0.007268
1610017597.016730 14.389525 0.007389
1610017597.115731 14.390187 0.007409
1610017597.214731 14.390212 0.007365
1610017597.313731 14.390839 0.007408
1610017597.412731 14.391945 0.007412
1610017597.511731 14.391774 0.007387
1610017597.610732 14.392165 0.007420
1610017597.709732 14.392551 0.007410
1610017597.808732 14.391923 0.007417
1610017597.907732 14.392325 0.007422
1610017598.006732 14.393206 0.007404
1610017598.105733 14.393582 0.007418
1610017598.204733 14.393856 0.007401
1610017598.303733 14.394759 0.007411
1610017598.402734 14.395207 0.007422
1610017598.534734 14.395679 0.007296
1610017598.633734 14.394280 0.007285
1610017598.732734 14.395656 0.007403
1610017598.831734 14.396152 0.007386
1610017598.930735 14.394746 0.007424
1610017599.029735 14.394956 0.007419
1610017599.161735 14.395428 0.007376
1610017599.260736 14.394217 0.007422
1610017599.359735 14.392515 0.007287
1610017599.458736 14.393250 0.007410
1610017599.557736 14.393276 0.007415
1610017599.656737 14.392619 0.007298
1610017599.722737 14.393336 0.007381
1610017599.788737 14.393505 0.007408
1610017599.854737 14.393768 0.007413
1610017599.920737 14.393742 0.007418
1610017599.986737 14.393687 0.007386
1610017600.052737 14.394009 0.007422
1610017600.118738 14.393414 0.007367
1610017600.184738 14.393512 0.007405
1610017600.250738 14.393306 0.007407
1610017600.316738 14.393547 0.007417
1610017600.382738 14.392792 0.007415
1610017600.448738 14.392985 0.007397
1610017600.547739 14.393226 0.007379
1610017600.646739 14.393010 0.007397
1610017600.745739 14.393192 0.007409
1610017600.844739 14.393297 0.007395
1610017600.943740 14.393133 0.007415
1610017601.009740 14.392707 0.007407
1610017601.075740 14.392833 0.007391
1610017601.141740 14.392469 0.007393
1610017601.207740 14.392716 0.007385
1610017601.273740 14.393159 0.007377
1610017601.372741 14.392404 0.007412
1610017601.471741 14.392584 0.007404
1610017601.570741 14.392674 0.007396
1610017601.636741 14.391806 0.007384
1610017601.702742 14.391528 0.007407
1610017601.768742 14.391699 0.007389
1610017601.834742 14.391593 0.007400
1610017601.933742 14.391639 0.007406
1610017601.999742 14.391232 0.007318
1610017602.098742 14.391058 0.007382
1610017602.197743 14.391131 0.007388
1610017602.296743 14.390652 0.007389
1610017602.362743 14.390487 0.007398
1610017602.428743 14.390392 0.007388
1610017602.494743 14.390308 0.007391
1610017602.560744 14.389776 0.007401
1610017602.659744 14.389862 0.007390
1610017602.758744 14.389207 0.007392
1610017602.857744 14.389352 0.007402
1610017602.956744 14.389377 0.007379
1610017603.055745 14.389365 0.007385
1610017603.154745 14.389312 0.007336
1610017603.220745 14.389151 0.007393
1610017603.286745 14.388469 0.007386
1610017603.352746 14.388275 0.007396
1610017603.418746 14.388053 0.007397
1610017603.484746 14.387718 0.007394
1610017603.550746 14.387692 0.007394
1610017603.616746 14.387420 0.007392
1610017603.682746 14.387455 0.007345
1610017603.748746 14.387285 0.007367
1610017603.814747 14.387628 0.007386
1610017603.880747 14.387503 0.007381
1610017603.946747 14.387423 0.007382
1610017604.012747 14.387498 0.007388
1610017604.078747 14.387296 0.007392
1610017604.144747 14.387971 0.007391
1610017604.210748 14.388053 0.007384
1610017604.309748 14.388009 0.007370
1610017604.408748 14.387997 0.007266
1610017604.507748 14.388135 0.007333
1610017604.606749 14.388170 0.007376
1610017604.705749 14.388151 0.007358
1610017604.804749 14.388159 0.007379
1610017604.903749 14.387969 0.007385
1610017605.002749 14.387653 0.007362
1610017605.101750 14.387251 0.007373
1610017605.200750 14.387323 0.007373
1610017605.266750 14.387385 0.007367
1610017605.332750 14.387529 0.007336
1610017605.398751 14.387590 0.007374
1610017605.464751 14.387018 0.007365
1610017605.530751 14.386268 0.007371
1610017605.629751 14.386179 0.007380
1610017605.728751 14.386297 0.007381
1610017605.827751 14.386273 0.007330
1610017605.926752 14.385515 0.007345
1610017605.992752 14.385795 0.007351
1610017606.058752 14.385609 0.007370
1610017606.124752 14.385384 0.007223
1610017606.190753 14.385678 0.007357
1610017606.289752 14.385785 0.007367
1610017606.355753 14.385415 0.007360
1610017606.454753 14.385398 0.007346
1610017606.520753 14.384948 0.007373
1610017606.586753 14.384834 0.007359
1610017606.652754 14.384894 0.007357
1610017606.718754 14.384400 0.007376
1610017606.784754 14.385025 0.007372
1610017606.850754 14.384073 0.007321
1610017606.916754 14.384690 0.007291
1610017606.982754 14.384869 0.007377
1610017607.048754 14.384540 0.007338
1610017607.114755 14.384298 0.007272
1610017607.180755 14.384225 0.007281
1610017607.246755 14.384509 0.007341
1610017607.312755 14.384298 0.007366
1610017607.378755 14.384043 0.007193
1610017607.444756 14.384180 0.007324
1610017607.510756 14.384258 0.007361
1610017607.576756 14.383920 0.007337
1610017607.642756 14.383798 0.007369
1610017607.708756 14.383941 0.007369
1610017607.774756 14.383781 0.007347
1610017607.840756 14.384082 0.007373
1610017607.906757 14.384062 0.007374
1610017607.972757 14.384140 0.007342
1610017608.038757 14.384200 0.007369
1610017608.104757 14.384174 0.007371
1610017608.170757 14.384161 0.007358
1610017608.236758 14.384146 0.007369
1610017608.302758 14.384189 0.007369
1610017608.368758 14.383942 0.007373
1610017608.434758 14.383927 0.007369
1610017608.500758 14.383039 0.007353
1610017608.566758 14.383526 0.007372
1610017608.632758 14.383291 0.007371
1610017608.698759 14.383403 0.007371
1610017608.764759 14.383660 0.007354
1610017608.863759 14.383630 0.007350
1610017608.962759 14.383854 0.007321
1610017609.061759 14.384005 0.007342
1610017609.160760 14.383880 0.007367
1610017609.259760 14.383783 0.007278
1610017609.358760 14.383222 0.007322
1610017609.457761 14.383503 0.007290
1610017609.523761 14.383577 0.007368
1610017609.622761 14.383557 0.007338
1610017609.721761 14.382984 0.007370
1610017609.787761 14.383690 0.007338
1610017609.853761 14.383829 0.007345
1610017609.919761 14.383497 0.007370
1610017609.985762 14.383410 0.007370
1610017610.051762 14.383314 0.007354
1610017610.117762 14.383189 0.007339
1610017610.183762 14.383818 0.007348
1610017610.249762 14.383892 0.007331
1610017610.315763 14.384056 0.007353
1610017610.381763 14.383878 0.007362
1610017610.447763 14.383718 0.007320
1610017610.513763 14.383329 0.007353
1610017610.579763 14.383390 0.007366
1610017610.678764 14.383077 0.007320
1610017610.744764 14.382920 0.007352
1610017610.843764 14.382785 0.007340
1610017610.909764 14.382734 0.007363
1610017610.975764 14.382815 0.007363
1610017611.041764 14.383056 0.007365
1610017611.140764 14.382606 0.007362
1610017611.239765 14.382618 0.007362
1610017611.338765 14.382307 0.007368
1610017611.437765 14.382137 0.007357
1610017611.536765 14.382248 0.007361
1610017611.635766 14.381362 0.007348
1610017611.734766 14.381233 0.007354
1610017611.833766 14.381457 0.007350
1610017611.932766 14.381627 0.007365
1610017612.031767 14.381717 0.007364
1610017612.130767 14.381521 0.007361
1610017612.229767 14.381405 0.007361
1610017612.328768 14.381261 0.007360
1610017612.427768 14.381426 0.007357
1610017612.493768 14.381637 0.007362
1610017612.592768 14.381844 0.007339
1610017612.658768 14.381739 0.007363
1610017612.724768 14.380265 0.007307
1610017612.790769 14.380583 0.007362
1610017612.856769 14.380787 0.007367
1610017612.922769 14.380944 0.007362
1610017612.988769 14.380779 0.007357
1610017613.054769 14.379790 0.007353
1610017613.120770 14.379924 0.007356
1610017613.186769 14.380038 0.007323
1610017613.252770 14.379518 0.007337
1610017613.318770 14.379803 0.007344
1610017613.384770 14.380247 0.007362
1610017613.450770 14.379992 0.007322
1610017613.516770 14.380382 0.007360
1610017613.582770 14.380104 0.007359
1610017613.648771 14.379384 0.007359
1610017613.714771 14.379832 0.007363
1610017613.780771 14.379665 0.007359
1610017613.846771 14.379524 0.007357
1610017613.912771 14.379225 0.007365
1610017613.978771 14.379169 0.007348
1610017614.044772 14.379330 0.007360
1610017614.110772 14.379648 0.007347
1610017614.176772 14.379232 0.007364
1610017614.242772 14.378836 0.007323
1610017614.308772 14.379258 0.007347
1610017614.374773 14.379191 0.007358
1610017614.440773 14.378810 0.007340
1610017614.506773 14.378762 0.007348
1610017614.572773 14.378553 0.007345
1610017614.638773 14.378314 0.007345
1610017614.704773 14.378268 0.007354
1610017614.770773 14.378292 0.007361
1610017614.836774 14.377732 0.007365
1610017614.902774 14.377929 0.007330
1610017614.968774 14.377971 0.007358
1610017615.034774 14.378046 0.007356
1610017615.100774 14.377203 0.007347
1610017615.166775 14.377460 0.007365
1610017615.232775 14.377022 0.007339
1610017615.298775 14.377226 0.007364
1610017615.364775 14.377305 0.007364
1610017615.430775 14.377295 0.007355
1610017615.496775 14.377151 0.007333
1610017615.562775 14.377145 0.007351
1610017615.628775 14.376811 0.007363
1610017615.694776 14.376748 0.007337
1610017615.760776 14.376769 0.007360
1610017615.826776 14.376530 0.007363
1610017615.892776 14.376178 0.007366
1610017615.991776 14.376436 0.007355
1610017616.090777 14.376515 0.007364
1610017616.189777 14.376417 0.007357
1610017616.288777 14.376034 0.007326
1610017616.354777 14.375812 0.007268
1610017616.453778 14.375944 0.007366
1610017616.552778 14.375995 0.007366
1610017616.651778 14.375668 0.007367
1610017616.750778 14.375554 0.007353
1610017616.849778 14.375898 0.007355
1610017616.915779 14.375494 0.007347
1610017616.981779 14.375452 0.007319
1610017617.047779 14.375751 0.007354
1610017617.113779 14.375684 0.007348
1610017617.212780 14.375397 0.007361
1610017617.278780 14.376001 0.007363
1610017617.344780 14.375626 0.007367
1610017617.443780 14.375654 0.007366
1610017617.542780 14.375544 0.007332
1610017617.641780 14.375353 0.007329
1610017617.707781 14.375585 0.007352
1610017617.773781 14.375513 0.007365
1610017617.839781 14.375503 0.007363
1610017617.905781 14.375584 0.007345
1610017617.971781 14.375484 0.007362
1610017618.037781 14.375367 0.007360
1610017618.103782 14.375460 0.007364
1610017618.202782 14.375380 0.007362
1610017618.301782 14.375224 0.007366
1610017618.400782 14.375065 0.007357
1610017618.466783 14.375003 0.007353
1610017618.532783 14.374934 0.007365
1610017618.598783 14.375062 0.007363
1610017618.664783 14.374291 0.007360
1610017618.730783 14.374639 0.007363
1610017618.796783 14.375163 0.007365
1610017618.862783 14.375587 0.007362
1610017618.928784 14.375549 0.007361
1610017618.994784 14.375781 0.007365
1610017619.060784 14.374758 0.007341
1610017619.126784 14.375030 0.007361
1610017619.192784 14.374714 0.007338
1610017619.258785 14.374499 0.007330
1610017619.324785 14.375077 0.007361
1610017619.390785 14.375240 0.007347
1610017619.456785 14.375364 0.007358
1610017619.522785 14.375685 0.007358
1610017619.588785 14.375652 0.007326
1610017619.654786 14.375319 0.007351
1610017619.720786 14.375269 0.007362
1610017619.786786 14.374928 0.007362
1610017619.885786 14.374444 0.007353
1610017619.984786 14.374806 0.007364
1610017620.050786 14.374781 0.007364
1610017620.116787 14.374266 0.007362
1610017620.182787 14.373741 0.007336
1610017620.281787 14.374602 0.007366
1610017620.347787 14.374772 0.007355
1610017620.413787 14.374178 0.007347
1610017620.479788 14.374322 0.007361
1610017620.545788 14.374473 0.007363
1610017620.611788 14.374422 0.007357
1610017620.677788 14.374278 0.007347
1610017620.743788 14.374447 0.007357
1610017620.809788 14.374365 0.007351
1610017620.875788 14.373774 0.007364
1610017620.941789 14.374150 0.007362
1610017621.007789 14.373670 0.007365
1610017621.073789 14.374206 0.007320
1610017621.139789 14.373872 0.007326
1610017621.205789 14.374075 0.007355
1610017621.271790 14.374086 0.007321
1610017621.337790 14.374013 0.007359
1610017621.403790 14.373744 0.007340
1610017621.469790 14.373941 0.007352
1610017621.535790 14.373586 0.007352
1610017621.601790 14.374396 0.007362
1610017621.667790 14.374411 0.007364
1610017621.733791 14.373673 0.007354
1610017621.799791 14.373802 0.007360
1610017621.865791 14.373705 0.007352
1610017621.931791 14.373600 0.007298
1610017621.997791 14.373523 0.007343
1610017622.063791 14.373254 0.007363
1610017622.129791 14.372945 0.007365
1610017622.195792 14.373394 0.007356
1610017622.294792 14.372961 0.007364
1610017622.360792 14.373063 0.007362
1610017622.459792 14.373022 0.007363
1610017622.558793 14.373250 0.007350
1610017622.657793 14.373362 0.007365
1610017622.756793 14.373439 0.007363
1610017622.855793 14.372989 0.007353
1610017622.954793 14.372818 0.007360
1610017623.053794 14.372794 0.007353
1610017623.152794 14.372815 0.007359
1610017623.251794 14.372660 0.007347
1610017623.317795 14.372549 0.007362
1610017623.416795 14.373251 0.007361
1610017623.482795 14.372809 0.007359
1610017623.581795 14.372945 0.007346
1610017623.680795 14.372665 0.007360
1610017623.779795 14.372733 0.007346
1610017623.878796 14.372558 0.007365
1610017623.977796 14.372839 0.007361
1610017624.076797 14.373077 0.007351
1610017624.175797 14.372875 0.007357
1610017624.274797 14.372990 0.007357
1610017624.340797 14.373200 0.007308
1610017624.439797 14.373305 0.007354
1610017624.538797 14.373357 0.007365
1610017624.604798 14.373535 0.007364
1610017624.670798 14.373405 0.007351
1610017624.736798 14.373666 0.007364
1610017624.802798 14.373416 0.007340
1610017624.868798 14.373636 0.007345
1610017624.934798 14.373467 0.007365
1610017625.000798 14.373294 0.007366
1610017625.066799 14.373483 0.007365
1610017625.132799 14.373113 0.007357
1610017625.198799 14.373672 0.007308
1610017625.264799 14.373409 0.007359
1610017625.330799 14.373372 0.007351
1610017625.396800 14.373167 0.007361
1610017625.495800 14.373701 0.007348
1610017625.594800 14.373728 0.007362
1610017625.693800 14.373187 0.007344
1610017625.792800 14.373071 0.007366
1610017625.891801 14.373273 0.007318
1610017625.990801 14.373158 0.007365
1610017626.089801 14.373178 0.007351
1610017626.188802 14.373194 0.007332
1610017626.287802 14.372940 0.007337
1610017626.353802 14.372420 0.007358
1610017626.419802 14.372737 0.007363
1610017626.485802 14.372858 0.007361
1610017626.551802 14.372471 0.007316
1610017626.617802 14.372546 0.007332
1610017626.683803 14.372436 0.007362
1610017626.782803 14.372441 0.007344
1610017626.848803 14.372397 0.007355
1610017626.914804 14.372458 0.007361
1610017627.013803 14.372578 0.007358
1610017627.079804 14.372234 0.007326
1610017627.145804 14.372175 0.007357
1610017627.211804 14.371788 0.007354
1610017627.277804 14.371972 0.007353
1610017627.343804 14.371977 0.007365
1610017627.409805 14.371870 0.007329
1610017627.475805 14.372233 0.007366
1610017627.574805 14.372109 0.007356
1610017627.640805 14.372103 0.007365
1610017627.706805 14.372250 0.007365
1610017627.772805 14.371870 0.007361
1610017627.838805 14.371831 0.007365
1610017627.904806 14.371906 0.007355
1610017627.970806 14.371761 0.007348
1610017628.036806 14.371948 0.007349
1610017628.135806 14.372204 0.007348
1610017628.201807 14.371389 0.007347
1610017628.267807 14.371033 0.007351
1610017628.333807 14.371711 0.007364
1610017628.399807 14.371839 0.007366
1610017628.465807 14.372102 0.007356
1610017628.531807 14.372357 0.007355
1610017628.597807 14.371920 0.007329
1610017628.663807 14.371847 0.007356
1610017628.729808 14.371875 0.007334
1610017628.795808 14.371680 0.007346
1610017628.861808 14.371947 0.007358
1610017628.927808 14.371870 0.007354
1610017628.993808 14.371726 0.007365
1610017629.059808 14.371724 0.007355
1610017629.125809 14.371277 0.007365
1610017629.224809 14.371417 0.007354
1610017629.290809 14.371447 0.007353
1610017629.356809 14.371558 0.007360
1610017629.422810 14.371585 0.007359
1610017629.488810 14.371361 0.007349
1610017629.554810 14.371307 0.007360
1610017629.620810 14.370990 0.007363
1610017629.686810 14.370574 0.007362
1610017629.752810 14.370700 0.007349
1610017629.818810 14.371224 0.007363
1610017629.884811 14.371157 0.007359
1610017629.950811 14.371077 0.007365
1610017630.016811 14.371200 0.007350
1610017630.082811 14.371035 0.007360
1610017630.148811 14.370840 0.007365
1610017630.247812 14.371161 0.007353
1610017630.346812 14.370972 0.007366
1610017630.445812 14.370448 0.007353
1610017630.544812 14.370998 0.007354
1610017630.643812 14.370786 0.007362
1610017630.709813 14.371000 0.007358
1610017630.775813 14.370937 0.007350
1610017630.841813 14.371032 0.007365
1610017630.907813 14.370892 0.007355
1610017630.973813 14.370811 0.007359
1610017631.039813 14.370742 0.007313
1610017631.105814 14.370916 0.007332
1610017631.171814 14.370945 0.007342
1610017631.237814 14.370878 0.007345
1610017631.303814 14.370667 0.007364
1610017631.369814 14.370665 0.007355
1610017631.435814 14.370715 0.007355
1610017631.501815 14.369998 0.007350
1610017631.567815 14.370169 0.007363
1610017631.633815 14.370222 0.007366
1610017631.699815 14.370012 0.007363
1610017631.765815 14.369568 0.007355
1610017631.831815 14.370041 0.007336
1610017631.897815 14.369607 0.007340
1610017631.963816 14.369776 0.007361
1610017632.029816 14.369457 0.007364
1610017632.095816 14.369606 0.007359
1610017632.161816 14.369522 0.007360
1610017632.227816 14.369584 0.007355
1610017632.293817 14.369444 0.007360
1610017632.359817 14.369449 0.007354
1610017632.425817 14.369505 0.007355
1610017632.491817 14.369449 0.007361
1610017632.557817 14.369297 0.007365
1610017632.623817 14.369361 0.007367
1610017632.689817 14.369151 0.007359
1610017632.755818 14.368546 0.007367
1610017632.821818 14.368932 0.007350
1610017632.887818 14.368897 0.007345
1610017632.953818 14.368625 0.007352
1610017633.052819 14.368642 0.007367
1610017633.118819 14.368688 0.007365
1610017633.184819 14.368083 0.007357
1610017633.250819 14.368401 0.007366
1610017633.349819 14.367936 0.007351
1610017633.448819 14.367881 0.007366
1610017633.547820 14.367107 0.007364
1610017633.646820 14.367420 0.007339
1610017633.712820 14.367623 0.007356
1610017633.811820 14.367589 0.007361
1610017633.910821 14.367165 0.007363
1610017634.042821 14.366611 0.007324
1610017634.174821 14.366893 0.007364
1610017634.273821 14.366713 0.007361
1610017634.372822 14.366563 0.007367
1610017634.504822 14.365129 0.007351
1610017634.636822 14.365679 0.007365
1610017634.768822 14.366319 0.007364
1610017634.900823 14.366342 0.007366
1610017635.032823 14.364758 0.007321
1610017635.164824 14.365436 0.007360
1610017635.296824 14.364328 0.007328
1610017635.428824 14.363858 0.007331
1610017635.593825 14.364322 0.007327
1610017635.758825 14.363728 0.007348
1610017635.923826 14.362596 0.007357
1610017636.088826 14.362011 0.007352
1610017636.253826 14.361512 0.007229
1610017636.385827 14.360887 0.007250
1610017636.517827 14.360109 0.007285
1610017636.649827 14.359946 0.007302
1610017636.781828 14.361421 0.007327
1610017636.880828 14.362057 0.007324
1610017637.012828 14.361353 0.007324
1610017637.111828 14.361623 0.007329
1610017637.243829 14.361989 0.007262
1610017637.342829 14.360526 0.007347
1610017637.441829 14.359523 0.007327
1610017637.540829 14.359428 0.007338
1610017637.639829 14.359506 0.007318
1610017637.738830 14.359228 0.007362
1610017637.837830 14.359161 0.007358
1610017637.936831 14.356548 0.007341
1610017638.035830 14.355484 0.007301
1610017638.134831 14.354625 0.007343
1610017638.233831 14.352953 0.007343
1610017638.365831 14.353225 0.007276
1610017638.464832 14.351333 0.007313
1610017638.563832 14.351310 0.007316
1610017638.662832 14.351692 0.007364
1610017638.761832 14.351648 0.007366
1610017638.860832 14.351078 0.007355
1610017638.959833 14.351648 0.007346
1610017639.058833 14.351188 0.007348
1610017639.157833 14.351059 0.007364
1610017639.256834 14.351131 0.007312
1610017639.355834 14.351107 0.007342
1610017639.487834 14.350949 0.007361
1610017639.619834 14.350761 0.007359
1610017639.751835 14.350431 0.007354
1610017639.883835 14.350266 0.007352
1610017639.982835 14.349129 0.007361
1610017640.081836 14.349060 0.007331
1610017640.180835 14.348951 0.007286
1610017640.279836 14.349059 0.007359
1610017640.378836 14.348791 0.007337
1610017640.477836 14.349042 0.007327
1610017640.576837 14.348987 0.007346
1610017640.675837 14.349555 0.007360
1610017640.774837 14.347965 0.007347
1610017640.873837 14.347005 0.007359
1610017640.972838 14.347246 0.007358
1610017641.071838 14.346926 0.007334
1610017641.170838 14.346548 0.007361
1610017641.269838 14.346346 0.007350
1610017641.335839 14.345875 0.007342
1610017641.434839 14.345860 0.007356
1610017641.533839 14.345817 0.007356
1610017641.632839 14.345841 0.007355
1610017641.731839 14.345869 0.007357
1610017641.830840 14.345570 0.007353
1610017641.929840 14.345563 0.007350
1610017642.028840 14.345446 0.007331
1610017642.127841 14.345404 0.007356
1610017642.226840 14.345317 0.007323
1610017642.325841 14.345458 0.007353
1610017642.424841 14.342862 0.007310
1610017642.523841 14.342659 0.007351
1610017642.622842 14.342253 0.007354
1610017642.721842 14.341627 0.007348
1610017642.820842 14.341407 0.007354
1610017642.919842 14.340997 0.007353
1610017643.018843 14.340962 0.007347
1610017643.117843 14.339442 0.007338
1610017643.216843 14.339706 0.007304
1610017643.282843 14.339203 0.007345
1610017643.348844 14.339036 0.007340
1610017643.414844 14.337717 0.007342
1610017643.480844 14.336809 0.007342
1610017643.546844 14.335788 0.007337
1610017643.612844 14.334980 0.007323
1610017643.678844 14.334490 0.007340
1610017643.744844 14.333960 0.007305
1610017643.843845 14.332962 0.007344
1610017643.909845 14.332450 0.007341
1610017643.975845 14.331646 0.007339
1610017644.041845 14.330927 0.007324
1610017644.107845 14.329659 0.007337
1610017644.173846 14.329026 0.007329
1610017644.239846 14.327745 0.007341
1610017644.305846 14.326420 0.007318
1610017644.371846 14.325639 0.007325
1610017644.437846 14.324693 0.007336
1610017644.503846 14.323740 0.007335
1610017644.569847 14.323404 0.007336
1610017644.635847 14.322559 0.007341
1610017644.734847 14.322097 0.007347
1610017644.833847 14.321393 0.007330
1610017644.932847 14.319499 0.007338
1610017645.031847 14.319146 0.007346
1610017645.130848 14.318482 0.007336
1610017645.229848 14.318897 0.007338
1610017645.328848 14.318230 0.007342
1610017645.427848 14.317697 0.007310
1610017645.526849 14.317273 0.007325
1610017645.625849 14.316751 0.007339
1610017645.724849 14.315953 0.007336
1610017645.823849 14.312958 0.007338
1610017645.922850 14.314094 0.007339
1610017646.021850 14.313026 0.007310
1610017646.120850 14.308204 0.007236
1610017646.219851 14.308405 0.007337
1610017646.318851 14.306686 0.007295
1610017646.417851 14.304835 0.007337
1610017646.516851 14.302632 0.007308
1610017646.615851 14.299248 0.007274
1610017646.714852 14.295809 0.007294
1610017646.813852 14.294290 0.007328
1610017646.879852 14.292446 0.007329
1610017646.945852 14.290921 0.007319
1610017647.011852 14.287808 0.007305
1610017647.077853 14.286342 0.007327
1610017647.143853 14.284727 0.007295
1610017647.209853 14.282817 0.007313
1610017647.308853 14.280956 0.007303
1610017647.407853 14.278374 0.007312
1610017647.506854 14.276215 0.007298
1610017647.605854 14.272946 0.007296
1610017647.704854 14.269841 0.007255
1610017647.836854 14.266779 0.007309
1610017647.935855 14.264044 0.007284
1610017648.034855 14.262060 0.007322
1610017648.133855 14.261982 0.007332
1610017648.232856 14.261383 0.007340
1610017648.331856 14.259734 0.007297
1610017648.430856 14.257597 0.007307
1610017648.529856 14.257327 0.007338
1610017648.661856 14.253790 0.007240
1610017648.760857 14.247719 0.006965
1610017648.892857 14.240210 0.007153
1610017649.024857 14.240107 0.007338
1610017649.123858 14.239490 0.007333
1610017649.222858 14.240310 0.007336
1610017649.321858 14.239614 0.007258
1610017649.420858 14.239456 0.007333
1610017649.519859 14.239564 0.007335
1610017649.618859 14.239164 0.007319
1610017649.684859 14.239042 0.007338
1610017649.750859 14.240439 0.007339
1610017649.816859 14.239652 0.007337
1610017649.882859 14.238884 0.007332
1610017649.948860 14.238525 0.007338
1610017650.047860 14.238217 0.007329
1610017650.146860 14.238275 0.007308
1610017650.245860 14.237790 0.007322
1610017650.344861 14.237277 0.007332
1610017650.443861 14.238114 0.007337
1610017650.542861 14.237924 0.007310
1610017650.641861 14.237627 0.007336
1610017650.740862 14.237398 0.007334
1610017650.839862 14.237096 0.007335
1610017650.938862 14.237032 0.007332
1610017651.004862 14.236555 0.007338
1610017651.070862 14.236057 0.007336
1610017651.136863 14.235271 0.007338
1610017651.202863 14.234668 0.007328
1610017651.268863 14.235104 0.007313
1610017651.334863 14.235814 0.007337
1610017651.400863 14.236427 0.007330
1610017651.466863 14.236714 0.007338
1610017651.532863 14.236138 0.007334
1610017651.598864 14.235132 0.007338
1610017651.664864 14.234834 0.007336
1610017651.730864 14.234504 0.007337
1610017651.796864 14.234254 0.007339
1610017651.862864 14.234750 0.007337
1610017651.928864 14.234655 0.007338
1610017652.027865 14.233752 0.007334
1610017652.126865 14.234017 0.007331
1610017652.225865 14.233217 0.007338
1610017652.324866 14.232789 0.007337
1610017652.423866 14.232324 0.007333
1610017652.522866 14.231547 0.007281
1610017652.588866 14.227786 0.007325
1610017652.687866 14.228272 0.007335
1610017652.786867 14.228674 0.007330
1610017652.885867 14.227938 0.007325
1610017652.984867 14.228258 0.007317
1610017653.083867 14.227241 0.007338
1610017653.182868 14.227499 0.007333
1610017653.281868 14.226661 0.007325
1610017653.347868 14.225883 0.007256
1610017653.446868 14.226323 0.007333
1610017653.545869 14.225871 0.007333
1610017653.644869 14.225593 0.007329
1610017653.743869 14.225697 0.007336
1610017653.842869 14.225329 0.007337
1610017653.941869 14.225530 0.007338
1610017654.040870 14.225436 0.007328
1610017654.139870 14.224567 0.007334
1610017654.238870 14.222987 0.007337
1610017654.337870 14.223164 0.007331
1610017654.436871 14.223888 0.007328
1610017654.568871 14.223407 0.007338
1610017654.700871 14.221977 0.007327
1610017654.832872 14.221524 0.007328
1610017654.931872 14.219929 0.007314
1610017655.063872 14.220024 0.007335
1610017655.195873 14.219143 0.007337
1610017655.327873 14.219168 0.007337
1610017655.426873 14.218051 0.007328
1610017655.558874 14.217454 0.007336
1610017655.690874 14.217797 0.007332
1610017655.822874 14.217122 0.007338
1610017655.921875 14.211807 0.007307
1610017656.020875 14.211381 0.007332
1610017656.119875 14.209882 0.007336
1610017656.218875 14.210572 0.007319
1610017656.317875 14.211124 0.007335
1610017656.416876 14.211759 0.007334
1610017656.515876 14.211685 0.007337
1610017656.647876 14.211110 0.007334
1610017656.746876 14.209565 0.007333
1610017656.878877 14.201538 0.007311
1610017657.010877 14.202236 0.007315
1610017657.142877 14.201733 0.007297
1610017657.274878 14.194786 0.007313
1610017657.406878 14.194650 0.007332
1610017657.538878 14.188240 0.007311
1610017657.670879 14.187495 0.007337
1610017657.769879 14.187761 0.007331
1610017657.868879 14.187878 0.007330
1610017657.967880 14.185931 0.007332
1610017658.099880 14.184968 0.007334
1610017658.198880 14.181705 0.007292
1610017658.297880 14.181951 0.007335
1610017658.396880 14.181340 0.007321
1610017658.495881 14.177785 0.007290
1610017658.594881 14.176102 0.007301
1610017658.693881 14.175642 0.007258
1610017658.792881 14.175666 0.007319
1610017658.891882 14.176452 0.007327
1610017658.990882 14.175987 0.007334
1610017659.089882 14.174299 0.007322
1610017659.188882 14.174059 0.007334
1610017659.254883 14.171621 0.007310
1610017659.320883 14.172216 0.007336
1610017659.419883 14.170279 0.007322
1610017659.518883 14.167890 0.007334
1610017659.650884 14.166702 0.007336
1610017659.749884 14.165462 0.007330
1610017659.848884 14.164408 0.007298
1610017659.980884 14.162236 0.007328
1610017660.112885 14.163423 0.007325
1610017660.244885 14.162161 0.007319
1610017660.343885 14.157447 0.007332
1610017660.475886 14.154477 0.007328
1610017660.607886 14.154014 0.007333
1610017660.739886 14.150330 0.007325
1610017660.871886 14.148912 0.007311
1610017661.003887 14.149706 0.007335
1610017661.135887 14.143669 0.007325
1610017661.267888 14.140106 0.007332
1610017661.399888 14.138783 0.007316
1610017661.531888 14.134011 0.007313
