DelayedMarginalization 0.00143473 9.46715e-07 0.0100058 2106
DelayedMarginalizationOnly 0.000684811 4.44752e-07 0.0070801 2106
EF-marginalizeFrame 0.00181265 1.00392e-06 0.0104093 2106
FullSystem::trackNewCoarse 0.00634761 1.90124e-05 0.039157 6298
FullSystem::trackNewCoarseNoIMU 0.0020283 7.50576e-07 0.0078646 178
FullSystemOptimize 0.143387 0.000359355 0.255082 2112
GraphUnrolling 0.0103654 3.53559e-05 0.0171265 3
IMUInitAddPose 3.3708e-05 6.82527e-10 0.000736007 2112
IMUInitOptimize 0.0359783 0.000430954 0.0785291 26
IMUIntegration::finishKeyframeOperations 5.07e-05 2.50322e-09 0.00158301 2081
InitializerFirstFrame 0.0290214 -nan 0.0290214 1
InitializerOtherFrames 0.029151 0.000208837 0.0865006 112
MainMarginalization 0.0016324 9.55648e-07 0.010207 2106
MarginalizationReplacementBuildGraph 0.00159046 6.81258e-07 0.0021741 2
MarginalizationReplacementReplaceGraph 0.0173081 -nan 0.0173081 1
MarginalizeMainGraph 0.000748264 3.56636e-07 0.00785269 2106
PGBA 0.0999918 0.00185997 0.130487 2
PGBAFull 0.0540715 0.00429044 0.134868 4
PrepareGraphForMainOptimization 0.0104547 3.58097e-05 0.0172593 3
VisualMarginalization 2.63682e-05 1.63418e-09 0.000932412 2106
activatePointsMT 0.00436138 3.85367e-06 0.0160654 2112
addActiveFrame 0.0656118 0.00589062 0.304499 6589
addIMUData 0.00100084 1.10804e-06 0.0184473 6298
addIMUDataToBA 0.000105477 7.42271e-09 0.00193729 6588
addKeyframeToBA 5.34571e-05 9.57356e-10 0.00110669 2112
afterCoarseTracking 5.90205e-07 5.4198e-10 0.00185697 6476
baIteration 0.0230768 2.96381e-05 0.0722287 12254
baMatrixInversion 0.000171603 9.61699e-09 0.00299871 12254
baUpdateBuildHessians 0.000582269 2.46072e-07 0.0115715 12254
coarseTrackingIteration 0.000546854 8.19162e-07 0.00957525 58812
computeBAUpdate 0.00085468 2.69483e-07 0.0118692 12254
computeCoarseUpdate 0.000300401 4.98671e-07 0.00743467 57453
computeFactorForCoarseGraphAndMarginalCovariances 0.00229261 6.74849e-07 0.0111581 2081
convertHAndBFromDSO 0.000104168 2.94008e-09 0.00217691 20659
debugPlot 1.05608e-07 9.06178e-14 1.3655e-05 2112
debugPlotIDepthMap 3.75042e-07 2.55875e-14 3.616e-06 2112
debugPlotIDepthMapFloat 4.22836e-08 1.95943e-15 1.323e-06 2112
deliverTrackedFrame 0.0574981 0.00595412 0.301416 6477
flagFramesForMarginalization 2.23707e-06 5.26903e-11 0.000306096 2112
fullCoarseTracking 0.00764402 2.67109e-05 0.0812689 6476
initObjectsAndMakeImage 0.00107124 1.05263e-07 0.00440866 6589
makeKeyframe 0.167127 0.000392219 0.301369 2112
makeKeyframeChangeTrackingRef 0.00183378 6.70179e-08 0.00443228 2112
makeNewTraces 0.00343569 1.67355e-07 0.00621251 2112
makeNonKeyframe 0.00434227 1.73247e-06 0.00909282 4365
marginalizeAndRemovePoints 0.00348814 7.47589e-07 0.00700845 2112
marginalizeFrame 0.00357049 1.22459e-06 0.0122484 2106
marginalizeFrameOverhead 0.00175362 1.43647e-07 0.00419285 2106
marginalizeFrames 0.00357603 1.26392e-06 0.0122674 2112
newFrameAndNewResidualsForOldPoints 0.00097447 4.51848e-08 0.00282893 2112
printBiases 9.29596e-06 2.28424e-10 0.000245222 2112
printEigenValLine 1.60657e-07 4.88623e-15 1.322e-06 2112
printLogLine 0.000140032 6.7166e-08 0.0029092 2112
publishInMakeKeyframe 1.81627e-07 7.77358e-15 1.323e-06 2112
removeOutliers 0.000166984 4.43099e-09 0.00171796 2112
swapTrackingRef 0.000160284 6.5361e-08 0.00264116 2112
timeMeasurement 1.63437e-06 5.37308e-11 0.000546818 6589
traceNewCoarse 0.00388363 1.68117e-06 0.0090774 6477
updateBAValues 1.12436e-05 6.4398e-11 0.000594791 22588
zero 1.13794e-07 5.02711e-14 1.7041e-05 6589
