EF-marginalizeFrame 0.000113247 3.36534e-09 0.00122344 1932
FullSystem::trackNewCoarseNoIMU 0.00259486 2.19337e-05 0.154882 6280
FullSystemOptimize 0.150809 0.000287833 0.324816 1938
IMUInitAddPose 1.7984e-05 -nan 1.7984e-05 1
InitializerFirstFrame 0.0240851 -nan 0.0240851 1
InitializerOtherFrames 0.0335708 0.000325139 0.0910152 90
VisualMarginalization 3.31089e-05 9.33653e-10 0.00111486 1932
activatePointsMT 0.00459247 4.78181e-06 0.0185793 1938
addActiveFrame 0.0581937 0.00591365 0.390862 6371
afterCoarseTracking 2.7921e-07 4.3544e-14 1.068e-05 6280
baIteration 0.0234907 3.88228e-05 0.0757375 11646
coarseTrackingIteration 0.00015401 3.74023e-08 0.00508313 68718
debugPlot 1.05971e-07 5.4482e-15 7.61e-07 1938
debugPlotIDepthMap 3.8887e-07 4.68893e-14 4.157e-06 1938
debugPlotIDepthMapFloat 3.93318e-08 5.43305e-16 3.9e-07 1938
deliverTrackedFrame 0.0548398 0.00595508 0.340849 6281
flagFramesForMarginalization 1.92745e-06 1.02538e-11 0.00011314 1938
fullCoarseTracking 0.00260199 2.19414e-05 0.154892 6280
initObjectsAndMakeImage 0.00108012 1.06215e-07 0.00556486 6371
makeKeyframe 0.169413 0.000302547 0.340844 1938
makeKeyframeChangeTrackingRef 0.0017701 8.2115e-08 0.00870968 1938
makeNewTraces 0.00342629 2.04379e-07 0.00804164 1938
makeNonKeyframe 0.00368882 1.81873e-06 0.00953843 4343
marginalizeAndRemovePoints 0.0033541 9.20879e-07 0.0161378 1938
marginalizeFrame 0.00161024 1.31433e-07 0.00487558 1932
marginalizeFrameOverhead 0.00149405 1.10023e-07 0.00470799 1932
marginalizeFrames 0.00160629 1.39164e-07 0.00487752 1938
newFrameAndNewResidualsForOldPoints 0.000892851 3.59884e-08 0.00262463 1938
printEigenValLine 2.10253e-07 4.02157e-12 8.8404e-05 1938
printLogLine 0.000150996 5.41981e-08 0.00277508 1938
publishInMakeKeyframe 1.71138e-07 1.26113e-14 3.207e-06 1938
removeOutliers 0.000141829 4.11767e-09 0.00131963 1938
swapTrackingRef 4.19014e-07 6.77625e-14 3.266e-06 1937
timeMeasurement 1.81759e-06 7.81987e-11 0.000640138 6371
traceNewCoarse 0.00331607 1.63805e-06 0.00951858 6281
zero 1.41726e-07 1.15587e-14 2.814e-06 6371
