EF-marginalizeFrame 0.00011586 4.71853e-09 0.00157231 2027
FullSystem::trackNewCoarseNoIMU 0.00252211 6.04256e-06 0.137342 6094
FullSystemOptimize 0.146747 0.00018217 0.315304 2033
IMUInitAddPose 1.6922e-05 -nan 1.6922e-05 1
InitializerFirstFrame 0.0329657 -nan 0.0329657 1
InitializerOtherFrames 0.022824 0.00013185 0.0889342 247
VisualMarginalization 3.23455e-05 7.64502e-10 0.00105714 2027
activatePointsMT 0.00445671 4.49327e-06 0.0150945 2033
addActiveFrame 0.0600214 0.00565825 0.373961 6342
afterCoarseTracking 2.69835e-07 6.57129e-14 1.7594e-05 6094
baIteration 0.0228209 3.32685e-05 0.0784167 12216
coarseTrackingIteration 0.00015444 3.58082e-08 0.00475774 64348
debugPlot 9.09749e-08 3.70378e-15 7.91e-07 2033
debugPlotIDepthMap 4.05091e-07 2.16316e-13 1.9758e-05 2033
debugPlotIDepthMapFloat 3.67e-08 5.32043e-16 6.22e-07 2033
deliverTrackedFrame 0.057824 0.0058389 0.32656 6095
flagFramesForMarginalization 1.87301e-06 1.29242e-11 0.000158566 2033
fullCoarseTracking 0.00252985 6.05137e-06 0.137351 6094
initObjectsAndMakeImage 0.00111848 1.82607e-07 0.00434287 6342
makeKeyframe 0.165231 0.000184559 0.326554 2033
makeKeyframeChangeTrackingRef 0.00175345 6.18485e-08 0.00441603 2033
makeNewTraces 0.00337641 1.65374e-07 0.00627227 2033
makeNonKeyframe 0.00404731 1.88903e-06 0.0084969 4062
marginalizeAndRemovePoints 0.00330403 8.15453e-07 0.0074848 2033
marginalizeFrame 0.00155271 1.08673e-07 0.00412691 2027
marginalizeFrameOverhead 0.0014339 9.0019e-08 0.00394226 2027
marginalizeFrames 0.00154925 1.18896e-07 0.00412821 2033
newFrameAndNewResidualsForOldPoints 0.000895343 3.64004e-08 0.00324779 2033
printEigenValLine 1.583e-07 3.65672e-14 8.667e-06 2033
printLogLine 0.00015325 7.42069e-08 0.00336107 2033
publishInMakeKeyframe 2.33328e-07 1.21879e-13 1.5339e-05 2033
removeOutliers 0.000141426 2.98937e-09 0.00137516 2033
swapTrackingRef 3.92052e-07 4.81958e-14 2.986e-06 2033
timeMeasurement 1.56745e-06 9.44068e-12 0.000186469 6342
traceNewCoarse 0.00358542 1.75134e-06 0.0084849 6095
zero 1.48279e-07 1.83398e-12 0.000106181 6342
