1620662541.798441 9.756651 0.191584
1620662541.963441 9.753963 0.180015
1620662542.128441 9.771977 0.167386
1620662542.293442 9.736622 0.149191
1620662542.425442 9.697105 0.134840
1620662542.557443 9.692340 0.124047
1620662542.722443 9.691312 0.110462
1620662542.854443 9.696382 0.101216
1620662542.986444 9.673000 0.091378
1620662543.118444 9.664935 0.081856
1620662543.250444 9.658901 0.073551
1620662543.382444 9.655181 0.066102
1620662543.514445 9.650260 0.059040
1620662543.646445 9.652391 0.053414
1620662543.778445 9.659163 0.048257
1620662543.910445 9.658468 0.043644
1620662544.042446 9.654087 0.040270
1620662544.174446 9.652526 0.036991
1620662544.306447 9.649395 0.033958
1620662544.438447 9.658048 0.031204
1620662544.603447 9.649613 0.028248
1620662544.801448 9.661142 0.025145
1620662544.999448 9.672908 0.021802
1620662545.164448 9.656335 0.019364
1620662545.329449 9.621230 0.017541
1620662545.494449 9.586063 0.015689
1620662545.692450 9.569864 0.013769
1620662545.923450 9.545646 0.012091
1620662546.154451 9.523757 0.011182
1620662546.319451 9.487108 0.010339
1620662546.517452 9.480591 0.009752
1620662546.748452 9.505338 0.009295
1620662546.913453 9.500700 0.009001
1620662547.078453 9.507808 0.008817
1620662547.243454 9.519751 0.008710
1620662547.441454 9.538839 0.008633
1620662547.639454 9.549255 0.008562
1620662547.837455 9.562787 0.008505
1620662548.035455 9.578459 0.008428
1620662548.266456 9.597236 0.008349
1620662548.497457 9.603586 0.008204
1620662548.728457 9.605215 0.008073
1620662548.926458 9.602345 0.007971
1620662549.091458 9.600850 0.007893
1620662549.256459 9.598831 0.007828
1620662549.421459 9.597566 0.007756
1620662549.586459 9.597515 0.007658
1620662549.751460 9.597861 0.007595
1620662549.916460 9.600936 0.007496
1620662550.081460 9.620174 0.007403
1620662550.246461 9.632845 0.007250
1620662550.411461 9.643920 0.007111
1620662550.576462 9.659448 0.006935
1620662550.741462 9.674101 0.006776
1620662550.906462 9.696958 0.006725
1620662551.071463 9.721728 0.006636
1620662551.269463 9.743456 0.006631
1620662551.467464 9.771758 0.006288
1620662551.665464 9.798575 0.006206
1620662551.830465 9.816396 0.006151
1620662551.995465 9.826738 0.006105
1620662552.160465 9.837552 0.006047
1620662552.325466 9.848778 0.005987
1620662552.457466 9.844224 0.005931
1620662552.589466 9.841802 0.005885
1620662552.754467 9.838605 0.005832
1620662552.886467 9.839513 0.005787
1620662553.084467 9.826143 0.005716
1620662553.249468 9.815349 0.005651
1620662553.381468 9.797937 0.005601
1620662553.513469 9.792405 0.005550
1620662553.645469 9.773708 0.005508
1620662553.810469 9.765650 0.005446
1620662553.942470 9.753464 0.005400
1620662554.074470 9.740970 0.005355
1620662554.206470 9.725937 0.005317
1620662554.338470 9.712848 0.005276
1620662554.470471 9.705950 0.005239
1620662554.602471 9.695375 0.005210
1620662554.734471 9.688218 0.005175
1620662554.866472 9.685693 0.005141
1620662554.965472 9.685705 0.005113
1620662555.097472 9.680636 0.005090
1620662555.262473 9.676832 0.005063
1620662555.394473 9.676098 0.005037
1620662555.559474 9.676316 0.005009
1620662555.691474 9.676047 0.004988
1620662555.823474 9.675560 0.004971
1620662556.021475 9.676357 0.004946
1620662556.186475 9.676399 0.004927
1620662556.351475 9.680689 0.004906
1620662556.483475 9.682410 0.004897
1620662556.582476 9.683449 0.004889
1620662556.681476 9.683542 0.004885
1620662556.813476 9.684805 0.004877
1620662556.945477 9.687355 0.004864
1620662557.110477 9.690408 0.004846
1620662557.242477 9.692982 0.004832
1620662557.374478 9.695839 0.004818
1620662557.506478 9.699837 0.004800
1620662557.605478 9.701446 0.004789
1620662557.737479 9.704377 0.004772
1620662557.836479 9.706414 0.004760
1620662557.968479 9.709449 0.004747
1620662558.100480 9.713065 0.004733
1620662558.199480 9.714933 0.004720
1620662558.331480 9.715678 0.004706
1620662558.463480 9.717222 0.004689
1620662558.595481 9.718994 0.004672
1620662558.727481 9.721522 0.004656
1620662558.859481 9.724360 0.004642
1620662558.991482 9.725969 0.004631
1620662559.123482 9.726865 0.004621
1620662559.255482 9.728644 0.004608
1620662559.354482 9.729427 0.004601
1620662559.486483 9.730448 0.004591
1620662559.585483 9.732287 0.004583
1620662559.717483 9.734009 0.004575
1620662559.849483 9.735453 0.004565
1620662559.948484 9.735478 0.004559
1620662560.080484 9.737586 0.004551
1620662560.212484 9.738773 0.004542
1620662560.344485 9.740199 0.004534
1620662560.509485 9.741201 0.004523
1620662560.674485 9.743236 0.004513
1620662560.806486 9.745272 0.004506
1620662560.938486 9.747683 0.004498
1620662561.037486 9.748644 0.004490
1620662561.136487 9.749914 0.004482
1620662561.235487 9.751318 0.004473
1620662561.334487 9.752753 0.004468
1620662561.466487 9.754480 0.004458
1620662561.598488 9.756376 0.004451
1620662561.730488 9.757748 0.004442
1620662561.895489 9.759131 0.004428
1620662562.027489 9.761357 0.004416
1620662562.126489 9.763940 0.004405
1620662562.225489 9.765136 0.004394
1620662562.324489 9.768126 0.004383
1620662562.423490 9.770970 0.004371
1620662562.522490 9.772600 0.004362
1620662562.654490 9.773665 0.004345
1620662562.786491 9.775110 0.004328
1620662562.885491 9.776860 0.004318
1620662563.017491 9.781982 0.004304
1620662563.116491 9.783672 0.004294
1620662563.248492 9.786090 0.004282
1620662563.347492 9.786424 0.004274
1620662563.479492 9.786079 0.004261
1620662563.611492 9.789270 0.004252
1620662563.743493 9.793181 0.004238
1620662563.908493 9.795221 0.004215
1620662564.073493 9.801860 0.004196
1620662564.238494 9.806577 0.004169
1620662564.403494 9.814301 0.004143
1620662564.568495 9.822528 0.004101
1620662564.700495 9.827374 0.004069
1620662564.832495 9.832182 0.004026
1620662564.964496 9.833182 0.003976
1620662565.096496 9.841941 0.003930
1620662565.195496 9.848631 0.003902
1620662565.294497 9.852442 0.003867
1620662565.393497 9.851466 0.003829
1620662565.492497 9.855958 0.003794
1620662565.591497 9.860004 0.003762
1620662565.690497 9.863271 0.003720
1620662565.789498 9.868586 0.003685
1620662565.888498 9.877090 0.003657
1620662566.020498 9.886487 0.003620
1620662566.152498 9.888832 0.003600
1620662566.284499 9.892741 0.003564
1620662566.416499 9.898282 0.003541
1620662566.548499 9.902792 0.003520
1620662566.680500 9.907777 0.003497
1620662566.779500 9.910951 0.003484
1620662566.911500 9.912537 0.003467
1620662567.043501 9.913973 0.003454
1620662567.208501 9.915969 0.003439
1620662567.340501 9.917109 0.003428
1620662567.472502 9.915134 0.003419
1620662567.604502 9.914077 0.003411
1620662567.736502 9.912888 0.003406
1620662567.868503 9.911845 0.003402
1620662568.000503 9.911839 0.003399
1620662568.132503 9.911653 0.003396
1620662568.231504 9.911133 0.003393
1620662568.330504 9.910782 0.003393
1620662568.462504 9.910655 0.003393
1620662568.594504 9.910335 0.003392
1620662568.726505 9.910110 0.003392
1620662568.891505 9.909630 0.003392
1620662569.056506 9.908545 0.003391
1620662569.188506 9.908208 0.003390
1620662569.353506 9.908046 0.003390
1620662569.485507 9.907079 0.003389
1620662569.617507 9.906837 0.003389
1620662569.749507 9.906439 0.003388
1620662569.881507 9.906409 0.003387
1620662569.980508 9.906512 0.003386
1620662570.112508 9.906911 0.003385
1620662570.211508 9.907291 0.003384
1620662570.310508 9.907655 0.003383
1620662570.409509 9.908295 0.003382
1620662570.475509 9.907853 0.003378
1620662570.541509 9.908532 0.003380
1620662570.607509 9.908729 0.003379
1620662570.706509 9.908309 0.003378
1620662570.805510 9.908922 0.003377
1620662570.904510 9.908892 0.003374
1620662571.003510 9.909353 0.003373
1620662571.102510 9.910261 0.003373
1620662571.201511 9.910709 0.003372
1620662571.300511 9.911312 0.003370
1620662571.399511 9.911884 0.003368
1620662571.531511 9.913518 0.003366
1620662571.663512 9.915108 0.003360
1620662571.795512 9.915371 0.003360
1620662571.894512 9.915573 0.003359
1620662571.993512 9.916072 0.003358
1620662572.059513 9.915920 0.003359
1620662572.125513 9.915664 0.003359
1620662572.224513 9.915421 0.003358
1620662572.323513 9.915319 0.003356
1620662572.422513 9.914651 0.003354
1620662572.554514 9.913325 0.003353
1620662572.653514 9.912877 0.003352
1620662572.752514 9.912376 0.003352
1620662572.851514 9.912028 0.003351
1620662572.950515 9.911695 0.003350
1620662573.049515 9.911497 0.003350
1620662573.148515 9.911431 0.003348
1620662573.247515 9.911194 0.003347
1620662573.346516 9.910726 0.003347
1620662573.445516 9.910224 0.003346
1620662573.544516 9.909823 0.003346
1620662573.643516 9.909468 0.003346
1620662573.742517 9.909383 0.003345
1620662573.808517 9.909049 0.003345
1620662573.907517 9.908707 0.003344
1620662574.006517 9.908898 0.003344
1620662574.105518 9.908713 0.003343
1620662574.204518 9.908664 0.003342
1620662574.303518 9.908901 0.003342
1620662574.402518 9.908962 0.003341
1620662574.501518 9.908792 0.003341
1620662574.567518 9.909099 0.003341
1620662574.633519 9.908779 0.003341
1620662574.699519 9.908750 0.003340
1620662574.798519 9.909073 0.003340
1620662574.897519 9.908718 0.003339
1620662574.996520 9.908168 0.003338
1620662575.095520 9.907675 0.003337
1620662575.227520 9.907005 0.003335
1620662575.359520 9.907058 0.003336
1620662575.491521 9.907409 0.003336
1620662575.590521 9.907580 0.003334
1620662575.689521 9.906632 0.003334
1620662575.788522 9.906436 0.003334
1620662575.887522 9.906569 0.003333
1620662575.986522 9.906019 0.003332
1620662576.118522 9.905631 0.003331
1620662576.217522 9.905446 0.003330
1620662576.316523 9.906678 0.003330
1620662576.382523 9.907079 0.003330
1620662576.481523 9.907042 0.003329
1620662576.580523 9.906920 0.003328
1620662576.679523 9.906747 0.003327
1620662576.778524 9.906703 0.003326
1620662576.877524 9.906789 0.003326
1620662576.976524 9.906864 0.003325
1620662577.075524 9.907134 0.003324
1620662577.240525 9.907154 0.003324
1620662577.405525 9.907193 0.003324
1620662577.537525 9.907514 0.003323
1620662577.636526 9.907189 0.003322
1620662577.702526 9.907029 0.003322
1620662577.768526 9.906990 0.003321
1620662577.867526 9.907106 0.003321
1620662577.966527 9.906976 0.003321
1620662578.065527 9.906775 0.003320
1620662578.164527 9.906889 0.003318
1620662578.263527 9.906763 0.003318
1620662578.395527 9.906627 0.003319
1620662578.494528 9.906762 0.003318
1620662578.593528 9.906742 0.003318
1620662578.659528 9.906730 0.003318
1620662578.758528 9.906887 0.003317
1620662578.857529 9.906865 0.003317
1620662578.989529 9.906876 0.003316
1620662579.121529 9.906617 0.003315
1620662579.220529 9.906901 0.003315
1620662579.319530 9.907032 0.003314
1620662579.418530 9.907307 0.003314
1620662579.517530 9.907530 0.003313
1620662579.616530 9.907430 0.003312
1620662579.715530 9.907564 0.003313
1620662579.814531 9.907526 0.003313
1620662579.880531 9.907472 0.003312
1620662579.979531 9.907506 0.003313
1620662580.045531 9.907756 0.003312
1620662580.111531 9.907717 0.003312
1620662580.210532 9.907660 0.003312
1620662580.309532 9.907936 0.003312
1620662580.375532 9.907975 0.003312
1620662580.441532 9.908140 0.003311
1620662580.507533 9.908108 0.003311
1620662580.573533 9.908151 0.003311
1620662580.639533 9.908420 0.003311
1620662580.705533 9.908856 0.003311
1620662580.771533 9.908700 0.003310
1620662580.903533 9.909904 0.003309
1620662581.002534 9.910985 0.003308
1620662581.101534 9.910501 0.003309
1620662581.200534 9.910230 0.003308
1620662581.299534 9.910351 0.003307
1620662581.365535 9.910120 0.003306
1620662581.464535 9.910170 0.003306
1620662581.563535 9.911056 0.003304
1620662581.662535 9.911085 0.003304
1620662581.728535 9.911344 0.003303
1620662581.827536 9.912462 0.003303
1620662581.926536 9.913508 0.003302
1620662582.025536 9.914557 0.003301
1620662582.124536 9.914796 0.003299
1620662582.223537 9.915763 0.003299
1620662582.322537 9.916731 0.003299
1620662582.421537 9.917794 0.003297
1620662582.487537 9.917531 0.003294
1620662582.586537 9.918492 0.003294
1620662582.685538 9.919102 0.003293
1620662582.784538 9.919004 0.003293
1620662582.916538 9.920811 0.003293
1620662583.015538 9.920875 0.003290
1620662583.147539 9.921076 0.003287
1620662583.279539 9.921490 0.003286
1620662583.378539 9.921129 0.003284
1620662583.510540 9.920292 0.003282
1620662583.642540 9.920038 0.003281
1620662583.774540 9.922214 0.003280
1620662583.939541 9.924866 0.003277
1620662584.104541 9.926444 0.003275
1620662584.236542 9.927557 0.003274
1620662584.401542 9.930149 0.003273
1620662584.566542 9.931048 0.003272
1620662584.764543 9.931439 0.003271
1620662584.929543 9.931160 0.003268
1620662585.094543 9.932089 0.003268
1620662585.259544 9.931608 0.003267
1620662585.424544 9.931989 0.003267
1620662585.622545 9.932143 0.003266
1620662585.787545 9.931299 0.003267
1620662585.985545 9.931546 0.003263
1620662586.150546 9.930983 0.003264
1620662586.315546 9.930910 0.003265
1620662586.447547 9.931033 0.003264
1620662586.480547 9.930474 0.003266
1620662586.579547 9.931112 0.003266
1620662586.678547 9.931024 0.003265
1620662586.777547 9.930086 0.003265
1620662586.909548 9.929755 0.003266
1620662587.074548 9.929078 0.003266
1620662587.206548 9.928582 0.003266
1620662587.338549 9.928907 0.003266
1620662587.470549 9.930558 0.003265
1620662587.602549 9.931025 0.003264
1620662587.734550 9.929876 0.003265
1620662587.866550 9.928750 0.003265
1620662587.998550 9.929202 0.003265
1620662588.130551 9.928987 0.003264
1620662588.262551 9.928823 0.003264
1620662588.394551 9.926784 0.003264
1620662588.526551 9.926177 0.003264
1620662588.625552 9.926012 0.003264
1620662588.724552 9.925660 0.003264
1620662588.823552 9.925215 0.003264
1620662588.922553 9.925116 0.003264
1620662589.021553 9.925004 0.003264
1620662589.120553 9.924769 0.003263
1620662589.252553 9.924702 0.003263
1620662589.384554 9.924481 0.003263
1620662589.516554 9.924359 0.003263
1620662589.615554 9.924538 0.003263
1620662589.714554 9.924579 0.003263
1620662589.813555 9.924518 0.003263
1620662589.912555 9.924471 0.003262
1620662590.011555 9.924710 0.003262
1620662590.110555 9.924945 0.003262
1620662590.209556 9.925099 0.003262
1620662590.308556 9.925071 0.003261
1620662590.407556 9.924758 0.003261
1620662590.506557 9.924588 0.003261
1620662590.605556 9.924066 0.003261
1620662590.704557 9.923454 0.003261
1620662590.803557 9.923138 0.003261
1620662590.902557 9.922906 0.003260
1620662591.001558 9.923080 0.003261
1620662591.133558 9.922387 0.003261
1620662591.265558 9.921606 0.003260
1620662591.397558 9.920965 0.003260
1620662591.529559 9.920839 0.003260
1620662591.661559 9.920827 0.003260
1620662591.793559 9.920370 0.003260
1620662591.892560 9.920269 0.003260
1620662591.991560 9.919644 0.003260
1620662592.090560 9.919802 0.003259
1620662592.189560 9.920147 0.003260
1620662592.288561 9.920110 0.003260
1620662592.387561 9.920248 0.003260
1620662592.519561 9.919954 0.003260
1620662592.618561 9.919656 0.003260
1620662592.717561 9.919588 0.003260
1620662592.816562 9.919658 0.003259
1620662592.915562 9.919833 0.003258
1620662593.014562 9.919654 0.003259
1620662593.113563 9.919628 0.003259
1620662593.212563 9.919749 0.003259
1620662593.311563 9.919402 0.003260
1620662593.410563 9.919342 0.003260
1620662593.542564 9.919314 0.003259
1620662593.641564 9.919205 0.003258
1620662593.740564 9.919156 0.003259
1620662593.839564 9.919275 0.003259
1620662593.938564 9.919154 0.003259
1620662594.037565 9.919220 0.003260
1620662594.103565 9.919171 0.003259
1620662594.169565 9.918964 0.003259
1620662594.235565 9.918721 0.003259
1620662594.301565 9.918819 0.003259
1620662594.400565 9.918813 0.003259
1620662594.466566 9.918813 0.003259
1620662594.565566 9.918552 0.003259
1620662594.631566 9.918594 0.003259
1620662594.730567 9.918593 0.003259
1620662594.829566 9.918471 0.003258
1620662594.928567 9.918467 0.003259
1620662595.027567 9.918433 0.003259
1620662595.126567 9.918411 0.003259
1620662595.225568 9.918404 0.003260
1620662595.324568 9.918421 0.003259
1620662595.423568 9.918574 0.003260
1620662595.522568 9.918530 0.003256
1620662595.621568 9.918451 0.003258
1620662595.720569 9.918408 0.003257
1620662595.819569 9.918533 0.003258
1620662595.918569 9.918405 0.003259
1620662595.984569 9.918419 0.003259
1620662596.083570 9.918411 0.003260
1620662596.182570 9.918454 0.003259
1620662596.281570 9.918398 0.003259
1620662596.380570 9.918259 0.003259
1620662596.479570 9.918189 0.003258
1620662596.578571 9.918203 0.003259
1620662596.677571 9.918335 0.003259
1620662596.776571 9.918316 0.003259
1620662596.908571 9.918202 0.003259
1620662597.007572 9.918338 0.003259
1620662597.106572 9.918258 0.003259
1620662597.205572 9.918092 0.003259
1620662597.304572 9.918086 0.003259
1620662597.403573 9.918175 0.003258
1620662597.502573 9.918262 0.003259
1620662597.568573 9.918281 0.003259
1620662597.634573 9.918423 0.003258
1620662597.700573 9.918372 0.003259
1620662597.799573 9.918278 0.003259
1620662597.865574 9.918346 0.003259
1620662597.931574 9.918464 0.003259
1620662597.997574 9.918790 0.003259
1620662598.063574 9.918624 0.003258
1620662598.129574 9.918835 0.003259
1620662598.195575 9.918781 0.003257
1620662598.261575 9.918879 0.003259
1620662598.360575 9.918959 0.003259
1620662598.459575 9.919197 0.003258
1620662598.558575 9.919293 0.003250
1620662598.657576 9.919283 0.003257
1620662598.756576 9.919019 0.003259
1620662598.888576 9.919253 0.003259
1620662598.987576 9.919143 0.003259
1620662599.086577 9.919341 0.003258
1620662599.185577 9.919913 0.003259
1620662599.284577 9.919830 0.003259
1620662599.383577 9.919726 0.003257
1620662599.482578 9.919642 0.003258
1620662599.581578 9.919970 0.003257
1620662599.680578 9.920158 0.003259
1620662599.779578 9.919409 0.003258
1620662599.878579 9.919922 0.003258
1620662599.944579 9.920130 0.003253
1620662600.010579 9.920193 0.003254
1620662600.076579 9.920076 0.003258
1620662600.142579 9.920287 0.003258
1620662600.208579 9.920349 0.003259
1620662600.274580 9.920357 0.003259
1620662600.340580 9.920431 0.003259
1620662600.406580 9.920488 0.003259
1620662600.472580 9.920488 0.003257
1620662600.538580 9.920654 0.003259
1620662600.604580 9.921027 0.003253
1620662600.670580 9.920894 0.003257
1620662600.736581 9.920775 0.003256
1620662600.802581 9.920566 0.003258
1620662600.868581 9.920328 0.003259
1620662600.934581 9.920240 0.003257
1620662601.000581 9.920154 0.003259
1620662601.099581 9.920242 0.003259
1620662601.165581 9.920295 0.003258
1620662601.264582 9.920631 0.003259
1620662601.330582 9.920765 0.003258
1620662601.429582 9.920530 0.003259
1620662601.495583 9.920310 0.003259
1620662601.561583 9.920305 0.003259
1620662601.627583 9.920008 0.003259
1620662601.693583 9.920293 0.003255
1620662601.792583 9.920436 0.003258
1620662601.858583 9.920231 0.003257
1620662601.924583 9.919562 0.003258
1620662602.023584 9.919637 0.003257
1620662602.089584 9.919820 0.003254
1620662602.155584 9.919740 0.003258
1620662602.221584 9.919690 0.003258
1620662602.287584 9.919753 0.003258
1620662602.353584 9.919656 0.003258
1620662602.419585 9.919608 0.003259
1620662602.485585 9.919582 0.003258
1620662602.551585 9.919768 0.003256
1620662602.617585 9.919690 0.003258
1620662602.716585 9.920071 0.003258
1620662602.815586 9.920174 0.003258
1620662602.914586 9.919909 0.003259
1620662603.013586 9.919922 0.003257
1620662603.112586 9.920101 0.003259
1620662603.211586 9.920019 0.003258
1620662603.310587 9.919829 0.003258
1620662603.376587 9.920077 0.003257
1620662603.442587 9.920379 0.003257
1620662603.541587 9.920645 0.003257
1620662603.640588 9.920787 0.003257
1620662603.739588 9.920912 0.003258
1620662603.805588 9.920961 0.003257
1620662603.871588 9.921219 0.003257
1620662603.937588 9.921063 0.003259
1620662604.003589 9.921579 0.003258
1620662604.069589 9.921920 0.003258
1620662604.168589 9.922281 0.003258
1620662604.267589 9.922833 0.003258
1620662604.366590 9.922472 0.003258
1620662604.432590 9.923055 0.003257
1620662604.531590 9.923267 0.003259
1620662604.630590 9.923205 0.003258
1620662604.729590 9.923651 0.003258
1620662604.828590 9.923435 0.003258
1620662604.927591 9.923889 0.003257
1620662605.026591 9.924272 0.003257
1620662605.125591 9.924395 0.003258
1620662605.191592 9.924047 0.003256
1620662605.257591 9.924360 0.003258
1620662605.323592 9.924575 0.003255
1620662605.389592 9.924352 0.003258
1620662605.488592 9.924742 0.003257
1620662605.587592 9.925026 0.003258
1620662605.653592 9.924663 0.003256
1620662605.719592 9.924783 0.003258
1620662605.785593 9.924690 0.003258
1620662605.851593 9.924597 0.003257
1620662605.950593 9.924657 0.003258
1620662606.049593 9.924704 0.003258
1620662606.148594 9.924758 0.003258
1620662606.214594 9.924598 0.003257
1620662606.313594 9.924987 0.003258
1620662606.412594 9.925381 0.003258
1620662606.511595 9.925697 0.003258
1620662606.610595 9.925727 0.003257
1620662606.709595 9.925150 0.003258
1620662606.841595 9.924843 0.003258
1620662606.973595 9.925568 0.003254
1620662607.105596 9.925114 0.003258
1620662607.204596 9.925312 0.003258
1620662607.303596 9.925167 0.003258
1620662607.402597 9.925213 0.003258
1620662607.501597 9.924948 0.003257
1620662607.633597 9.925092 0.003257
1620662607.732597 9.925332 0.003258
1620662607.831598 9.925249 0.003257
1620662607.963598 9.925762 0.003258
1620662608.095598 9.924768 0.003258
1620662608.227599 9.924880 0.003256
1620662608.359599 9.924940 0.003257
1620662608.491599 9.925481 0.003257
1620662608.590600 9.925287 0.003255
1620662608.689600 9.925123 0.003256
1620662608.788600 9.924897 0.003258
1620662608.920600 9.925116 0.003257
1620662609.052601 9.925474 0.003258
1620662609.151601 9.925281 0.003255
1620662609.283601 9.925637 0.003258
1620662609.415601 9.925054 0.003258
1620662609.547602 9.924402 0.003255
1620662609.712602 9.924613 0.003258
1620662609.877602 9.924166 0.003257
1620662610.009603 9.924167 0.003258
1620662610.141603 9.924766 0.003258
1620662610.306603 9.925085 0.003257
1620662610.438604 9.926645 0.003258
1620662610.537604 9.927338 0.003257
1620662610.669604 9.927628 0.003256
1620662610.834605 9.927794 0.003257
1620662610.966605 9.928319 0.003257
1620662611.098605 9.928799 0.003258
1620662611.230606 9.929459 0.003258
1620662611.395606 9.929731 0.003258
1620662611.560606 9.930604 0.003255
1620662611.758607 9.932678 0.003256
1620662611.956608 9.933874 0.003257
1620662612.154608 9.934614 0.003257
1620662612.385608 9.935517 0.003254
1620662612.583609 9.936517 0.003257
1620662612.814609 9.937715 0.003257
1620662613.078610 9.938686 0.003257
1620662613.408611 9.940500 0.003257
1620662613.672611 9.940763 0.003257
1620662613.936612 9.941154 0.003256
1620662614.200613 9.941389 0.003256
1620662614.431613 9.941333 0.003257
1620662614.662614 9.941163 0.003257
1620662614.893614 9.941327 0.003257
1620662615.124615 9.941428 0.003256
1620662615.355615 9.940832 0.003257
1620662615.553616 9.940445 0.003256
1620662615.751616 9.940270 0.003256
1620662615.949617 9.939999 0.003256
1620662616.114617 9.939704 0.003247
1620662616.279618 9.938887 0.003252
1620662616.444618 9.939136 0.003244
1620662616.609618 9.938846 0.003255
1620662616.774619 9.938429 0.003254
1620662616.906619 9.938309 0.003254
1620662617.038619 9.937651 0.003247
1620662617.170620 9.937365 0.003246
1620662617.335620 9.936936 0.003252
1620662617.500621 9.936653 0.003251
1620662617.665621 9.936501 0.003255
1620662617.797621 9.936526 0.003254
1620662617.962621 9.936523 0.003254
1620662618.127622 9.936262 0.003252
1620662618.325622 9.936336 0.003254
1620662618.556623 9.936474 0.003252
1620662618.787623 9.936367 0.003250
1620662619.051624 9.935584 0.003252
1620662619.282624 9.935699 0.003251
1620662619.480625 9.935501 0.003251
1620662619.645625 9.935704 0.003251
1620662619.810626 9.935831 0.003250
1620662619.975626 9.935277 0.003250
1620662620.107626 9.935141 0.003249
1620662620.272627 9.935306 0.003249
1620662620.437627 9.935586 0.003248
1620662620.569628 9.935705 0.003242
1620662620.734628 9.936577 0.003249
1620662620.899629 9.936357 0.003249
1620662621.064629 9.936718 0.003248
1620662621.229629 9.936750 0.003248
1620662621.394630 9.937249 0.003248
1620662621.592630 9.937665 0.003246
1620662621.757630 9.937609 0.003246
1620662621.922631 9.937759 0.003247
1620662622.054631 9.937828 0.003247
1620662622.186631 9.937461 0.003247
1620662622.318632 9.937503 0.003246
1620662622.450632 9.937560 0.003246
1620662622.582633 9.937421 0.003245
1620662622.714633 9.937743 0.003245
1620662622.846633 9.937794 0.003246
1620662622.978633 9.937934 0.003241
1620662623.143634 9.938043 0.003246
1620662623.308634 9.938263 0.003246
1620662623.473634 9.938592 0.003245
1620662623.605635 9.938558 0.003243
1620662623.770635 9.938823 0.003245
1620662623.902636 9.938797 0.003245
1620662624.034636 9.938825 0.003245
1620662624.199636 9.939063 0.003244
1620662624.364637 9.938941 0.003245
1620662624.562637 9.939124 0.003245
1620662624.793638 9.939703 0.003244
1620662624.958638 9.939938 0.003244
1620662625.123639 9.940206 0.003244
1620662625.288639 9.940599 0.003243
1620662625.420639 9.940655 0.003245
1620662625.552639 9.940874 0.003243
1620662625.750640 9.940915 0.003244
1620662625.948641 9.940982 0.003244
1620662626.113641 9.941335 0.003244
1620662626.278641 9.941546 0.003244
1620662626.410641 9.941638 0.003244
1620662626.542642 9.941314 0.003244
1620662626.674642 9.941578 0.003243
1620662626.773642 9.941427 0.003243
1620662626.872643 9.941507 0.003243
1620662626.971643 9.941530 0.003244
1620662627.070643 9.941722 0.003244
1620662627.202643 9.941582 0.003243
1620662627.334644 9.941657 0.003242
1620662627.433644 9.941709 0.003243
1620662627.532644 9.941817 0.003241
1620662627.664644 9.941845 0.003242
1620662627.796645 9.942088 0.003244
1620662627.895645 9.941691 0.003243
1620662627.994645 9.941559 0.003244
1620662628.093646 9.941576 0.003243
1620662628.225646 9.941438 0.003244
1620662628.324646 9.941429 0.003242
1620662628.456646 9.941645 0.003243
1620662628.621647 9.941555 0.003240
1620662628.753647 9.941529 0.003243
1620662628.885647 9.941773 0.003242
1620662629.017648 9.941920 0.003242
1620662629.149648 9.941561 0.003241
1620662629.281648 9.941307 0.003243
1620662629.413649 9.941352 0.003240
1620662629.512649 9.941608 0.003242
1620662629.611649 9.941488 0.003243
1620662629.743649 9.941482 0.003242
1620662629.875650 9.941512 0.003237
1620662629.974650 9.941607 0.003242
1620662630.073650 9.941587 0.003239
1620662630.172651 9.941665 0.003243
1620662630.271651 9.941861 0.003241
1620662630.370651 9.941885 0.003241
1620662630.469651 9.942079 0.003240
1620662630.568651 9.942112 0.003242
1620662630.667652 9.942132 0.003242
1620662630.799652 9.942152 0.003240
1620662630.931652 9.941986 0.003243
1620662631.096653 9.941962 0.003240
1620662631.228653 9.941882 0.003241
1620662631.360653 9.941902 0.003239
1620662631.525654 9.941959 0.003243
1620662631.624654 9.942100 0.003243
1620662631.723654 9.942310 0.003243
1620662631.855655 9.942119 0.003242
1620662631.954655 9.942097 0.003243
1620662632.053655 9.941997 0.003235
1620662632.185655 9.941918 0.003241
1620662632.317656 9.941803 0.003243
1620662632.449656 9.941756 0.003243
1620662632.581656 9.941709 0.003242
1620662632.713657 9.941660 0.003240
1620662632.845657 9.941655 0.003243
1620662632.977657 9.941686 0.003240
1620662633.109658 9.941709 0.003243
1620662633.274658 9.941753 0.003238
1620662633.439658 9.941614 0.003235
1620662633.571659 9.941671 0.003226
1620662633.703659 9.941917 0.003238
1620662633.835659 9.942124 0.003239
1620662634.000660 9.942165 0.003242
1620662634.198660 9.942418 0.003242
1620662634.396661 9.942627 0.003242
1620662634.561661 9.942815 0.003242
1620662634.693661 9.942933 0.003242
1620662634.858662 9.943025 0.003242
1620662634.990662 9.943173 0.003243
1620662635.122662 9.943261 0.003243
1620662635.254663 9.943380 0.003243
1620662635.419663 9.943241 0.003242
1620662635.584663 9.943358 0.003243
1620662635.716664 9.943126 0.003240
1620662635.815664 9.943116 0.003241
1620662635.947664 9.943359 0.003242
1620662636.145665 9.943492 0.003241
1620662636.343665 9.943265 0.003241
1620662636.541666 9.943196 0.003242
1620662636.706666 9.942987 0.003241
1620662636.937667 9.942790 0.003242
1620662637.135667 9.942836 0.003242
1620662637.333668 9.942860 0.003242
1620662637.498668 9.942889 0.003240
1620662637.663668 9.942827 0.003240
1620662637.828669 9.942742 0.003243
1620662638.059669 9.942594 0.003242
1620662638.257670 9.942573 0.003241
1620662638.488670 9.942364 0.003241
1620662638.752671 9.942222 0.003242
1620662638.950671 9.942271 0.003239
1620662639.148672 9.942200 0.003242
1620662639.313672 9.942034 0.003243
1620662639.478673 9.941947 0.003242
1620662639.676673 9.941849 0.003242
1620662639.874674 9.941760 0.003243
1620662640.072674 9.941735 0.003242
1620662640.237674 9.941772 0.003242
1620662640.402675 9.941752 0.003234
1620662640.534675 9.941670 0.003241
1620662640.699676 9.941744 0.003240
1620662640.831676 9.941753 0.003238
1620662640.996676 9.941468 0.003241
1620662641.161677 9.941421 0.003239
1620662641.293677 9.941657 0.003227
1620662641.425677 9.941549 0.003242
1620662641.557678 9.941511 0.003241
1620662641.689678 9.942002 0.003241
1620662641.788678 9.942027 0.003241
1620662641.887678 9.942068 0.003237
1620662642.019679 9.942334 0.003240
1620662642.151679 9.942062 0.003242
1620662642.283679 9.942639 0.003241
1620662642.382679 9.942458 0.003242
1620662642.514680 9.942849 0.003242
1620662642.646680 9.943155 0.003238
1620662642.778681 9.943255 0.003237
1620662642.910681 9.942608 0.003240
1620662643.042681 9.942971 0.003242
1620662643.174681 9.943016 0.003240
1620662643.306682 9.942494 0.003240
1620662643.438682 9.942312 0.003239
1620662643.570682 9.942471 0.003241
1620662643.702683 9.942245 0.003240
1620662643.834683 9.942535 0.003241
1620662643.966683 9.942462 0.003241
1620662644.098684 9.942464 0.003242
1620662644.230684 9.942425 0.003242
1620662644.329684 9.942558 0.003241
1620662644.428684 9.942356 0.003239
1620662644.527685 9.941871 0.003239
1620662644.626685 9.941765 0.003240
1620662644.725685 9.941945 0.003242
1620662644.824685 9.941892 0.003240
1620662644.923686 9.941993 0.003242
1620662644.989686 9.941973 0.003241
1620662645.088686 9.941866 0.003241
1620662645.187686 9.941842 0.003236
1620662645.286686 9.941928 0.003241
1620662645.418687 9.941753 0.003241
1620662645.550687 9.941873 0.003241
1620662645.682688 9.941833 0.003240
1620662645.814688 9.941869 0.003239
1620662645.913688 9.941694 0.003241
1620662645.979688 9.941575 0.003240
1620662646.045688 9.941556 0.003241
1620662646.111688 9.941617 0.003241
1620662646.210689 9.941375 0.003240
1620662646.309689 9.941280 0.003241
1620662646.408689 9.941158 0.003241
1620662646.474689 9.941182 0.003239
1620662646.540689 9.941140 0.003239
1620662646.606689 9.940979 0.003240
1620662646.738690 9.941123 0.003240
1620662646.870690 9.940925 0.003236
1620662647.002691 9.940722 0.003240
1620662647.134691 9.940371 0.003239
1620662647.266691 9.940360 0.003241
1620662647.365691 9.940412 0.003239
1620662647.464692 9.940475 0.003240
1620662647.563692 9.940323 0.003240
1620662647.629692 9.940140 0.003239
1620662647.695692 9.940033 0.003240
1620662647.761693 9.940050 0.003240
1620662647.827693 9.940148 0.003240
1620662647.893693 9.940010 0.003238
1620662647.959692 9.939886 0.003240
1620662648.058693 9.939483 0.003237
1620662648.157693 9.939543 0.003240
1620662648.289693 9.939402 0.003240
1620662648.388694 9.939261 0.003240
1620662648.487694 9.939255 0.003239
1620662648.553694 9.939218 0.003240
1620662648.619694 9.939061 0.003239
1620662648.685694 9.938890 0.003239
1620662648.751695 9.938674 0.003238
1620662648.850695 9.938467 0.003240
1620662648.949695 9.938414 0.003236
1620662649.015695 9.938747 0.003237
1620662649.081695 9.938708 0.003240
1620662649.147695 9.938887 0.003239
1620662649.213696 9.938833 0.003239
1620662649.279696 9.938498 0.003240
1620662649.345696 9.938945 0.003238
1620662649.411696 9.938839 0.003240
1620662649.477696 9.939114 0.003239
1620662649.543696 9.938775 0.003240
1620662649.609697 9.938794 0.003239
1620662649.675697 9.938726 0.003240
1620662649.741697 9.938578 0.003239
1620662649.807697 9.938514 0.003240
1620662649.873697 9.938302 0.003240
1620662649.939698 9.938415 0.003240
1620662650.005697 9.938398 0.003240
1620662650.071698 9.938374 0.003239
1620662650.137698 9.938292 0.003238
1620662650.203698 9.938262 0.003240
1620662650.302698 9.938128 0.003240
1620662650.401698 9.937811 0.003240
1620662650.467698 9.937706 0.003240
1620662650.533699 9.937582 0.003239
1620662650.599699 9.937609 0.003239
1620662650.665699 9.937513 0.003238
1620662650.731699 9.937377 0.003240
1620662650.797699 9.937453 0.003237
1620662650.896700 9.937276 0.003239
1620662650.995700 9.936939 0.003238
1620662651.094700 9.936736 0.003239
1620662651.193700 9.936669 0.003239
1620662651.292701 9.936374 0.003238
1620662651.358701 9.936604 0.003239
1620662651.457701 9.936257 0.003239
1620662651.556701 9.935926 0.003239
1620662651.655701 9.935772 0.003239
1620662651.787702 9.935485 0.003239
1620662651.886702 9.935276 0.003239
1620662651.985702 9.934982 0.003240
1620662652.084702 9.934828 0.003238
1620662652.183703 9.934544 0.003239
1620662652.282703 9.934172 0.003240
1620662652.381703 9.933937 0.003240
1620662652.480703 9.933617 0.003240
1620662652.579704 9.933557 0.003239
1620662652.645704 9.933677 0.003239
1620662652.711704 9.933511 0.003240
1620662652.777704 9.933394 0.003238
1620662652.843704 9.933388 0.003239
1620662652.909704 9.933235 0.003239
1620662652.975705 9.933068 0.003239
1620662653.041705 9.932834 0.003239
1620662653.140705 9.932905 0.003239
1620662653.206705 9.932664 0.003239
1620662653.272705 9.932571 0.003239
1620662653.338705 9.932287 0.003240
1620662653.404706 9.932454 0.003240
1620662653.470706 9.932339 0.003240
1620662653.569706 9.932143 0.003239
1620662653.668706 9.931954 0.003239
1620662653.767706 9.931643 0.003239
1620662653.866707 9.931337 0.003240
1620662653.932707 9.931275 0.003236
1620662653.998707 9.931125 0.003237
1620662654.097707 9.930978 0.003238
1620662654.196707 9.930889 0.003239
1620662654.328708 9.930477 0.003239
1620662654.427708 9.930273 0.003239
1620662654.559708 9.930013 0.003239
1620662654.658709 9.929689 0.003239
1620662654.757709 9.929356 0.003239
1620662654.856709 9.929204 0.003239
1620662654.988709 9.928883 0.003239
1620662655.120710 9.928378 0.003240
1620662655.252710 9.928175 0.003239
1620662655.417710 9.927598 0.003239
1620662655.582711 9.927456 0.003239
1620662655.747711 9.927065 0.003237
1620662655.912711 9.926115 0.003238
1620662656.077712 9.925257 0.003240
1620662656.242712 9.924603 0.003239
1620662656.407713 9.923860 0.003239
1620662656.572713 9.922942 0.003239
1620662656.737713 9.922155 0.003237
1620662656.902714 9.921459 0.003237
1620662657.034714 9.920587 0.003238
1620662657.166714 9.920453 0.003238
1620662657.265715 9.920372 0.003239
1620662657.430715 9.920300 0.003239
1620662657.595716 9.919802 0.003239
1620662657.727716 9.919786 0.003239
1620662657.859716 9.919763 0.003238
1620662657.991716 9.919540 0.003239
1620662658.123717 9.919677 0.003239
1620662658.255717 9.919425 0.003237
1620662658.387717 9.919474 0.003239
1620662658.486718 9.919336 0.003239
1620662658.585718 9.919298 0.003239
1620662658.717718 9.919264 0.003239
1620662658.849719 9.919182 0.003238
1620662658.948719 9.919426 0.003239
1620662659.047719 9.919432 0.003239
1620662659.146719 9.919344 0.003238
1620662659.245719 9.919476 0.003238
1620662659.344720 9.919562 0.003238
1620662659.443720 9.919574 0.003237
1620662659.542720 9.919523 0.003239
1620662659.641721 9.919538 0.003239
1620662659.740721 9.919354 0.003239
1620662659.839721 9.919257 0.003238
1620662659.938721 9.919338 0.003237
1620662660.037721 9.919274 0.003238
1620662660.136722 9.919404 0.003239
1620662660.235722 9.919353 0.003238
1620662660.334722 9.919191 0.003238
1620662660.433722 9.919221 0.003236
1620662660.532723 9.919479 0.003239
1620662660.631723 9.919406 0.003238
1620662660.697723 9.919422 0.003238
1620662660.763723 9.919518 0.003238
1620662660.862723 9.919456 0.003239
1620662660.928724 9.919408 0.003239
1620662661.027724 9.919391 0.003238
1620662661.093724 9.919458 0.003237
1620662661.192724 9.919605 0.003239
1620662661.258724 9.919472 0.003238
1620662661.324724 9.919489 0.003237
1620662661.423725 9.919693 0.003239
1620662661.522725 9.919615 0.003239
1620662661.621725 9.919619 0.003239
1620662661.720726 9.919590 0.003239
1620662661.819726 9.919571 0.003239
1620662661.951726 9.919530 0.003239
1620662662.050726 9.919469 0.003238
1620662662.149726 9.919477 0.003239
1620662662.248727 9.919609 0.003237
1620662662.314727 9.919651 0.003237
1620662662.413727 9.919648 0.003237
1620662662.512727 9.919684 0.003238
1620662662.611728 9.919760 0.003238
1620662662.710728 9.919784 0.003239
1620662662.809728 9.919720 0.003238
1620662662.908728 9.919718 0.003239
1620662663.007728 9.919716 0.003238
1620662663.106729 9.920349 0.003233
1620662663.205729 9.920187 0.003235
1620662663.304729 9.920669 0.003239
1620662663.403729 9.920035 0.003239
1620662663.502730 9.919464 0.003239
1620662663.601730 9.919468 0.003239
1620662663.700730 9.918366 0.003239
1620662663.799731 9.918824 0.003239
1620662663.898731 9.919223 0.003239
1620662663.997731 9.920871 0.003239
1620662664.096731 9.920170 0.003239
1620662664.195731 9.919459 0.003239
1620662664.294732 9.919534 0.003238
1620662664.393732 9.918919 0.003238
1620662664.492732 9.918978 0.003239
1620662664.591732 9.919503 0.003239
1620662664.690732 9.919567 0.003239
1620662664.822733 9.919456 0.003239
1620662664.954733 9.919415 0.003239
1620662665.086733 9.919504 0.003239
1620662665.218734 9.917925 0.003239
1620662665.350734 9.917508 0.003239
1620662665.482734 9.917170 0.003239
1620662665.647735 9.917000 0.003239
1620662665.812735 9.917260 0.003239
1620662666.010736 9.916184 0.003239
1620662666.208736 9.913069 0.003239
1620662666.439737 9.912911 0.003239
1620662666.637737 9.912646 0.003239
1620662666.901738 9.911804 0.003239
1620662667.099738 9.911559 0.003238
1620662667.297739 9.910446 0.003239
1620662667.528739 9.908527 0.003239
1620662667.759740 9.907515 0.003239
1620662667.957740 9.906738 0.003239
1620662668.122741 9.906197 0.003239
1620662668.287741 9.903516 0.003233
1620662668.452741 9.903108 0.003239
1620662668.617742 9.903402 0.003239
1620662668.815742 9.900982 0.003237
1620662668.980743 9.900982 0.003239
1620662669.145743 9.901061 0.003239
1620662669.310744 9.901196 0.003237
1620662669.475744 9.901213 0.003234
1620662669.640744 9.898015 0.003228
1620662669.805745 9.898288 0.003235
1620662669.970745 9.899135 0.003235
1620662670.102745 9.899200 0.003239
1620662670.234746 9.898695 0.003237
1620662670.366746 9.898164 0.003237
1620662670.498746 9.897704 0.003234
1620662670.630747 9.895638 0.003234
1620662670.762747 9.895070 0.003238
1620662670.894747 9.895515 0.003238
1620662671.026747 9.895336 0.003238
1620662671.158748 9.894914 0.003239
1620662671.290748 9.894280 0.003239
1620662671.422748 9.894056 0.003239
1620662671.554749 9.893756 0.003233
1620662671.719749 9.894175 0.003239
1620662671.884750 9.893574 0.003239
1620662672.049750 9.893441 0.003237
1620662672.214750 9.893376 0.003239
1620662672.379751 9.893320 0.003239
1620662672.544751 9.893096 0.003238
1620662672.676751 9.892869 0.003238
1620662672.808752 9.892807 0.003238
1620662672.907752 9.892849 0.003238
1620662673.006752 9.892733 0.003219
1620662673.105752 9.893305 0.003238
1620662673.204753 9.893520 0.003238
1620662673.303753 9.892407 0.003237
1620662673.402753 9.892064 0.003234
1620662673.501753 9.891721 0.003236
1620662673.600754 9.891727 0.003238
1620662673.699754 9.891913 0.003238
1620662673.831754 9.891680 0.003238
1620662673.930754 9.891822 0.003238
1620662674.029755 9.891590 0.003238
1620662674.128755 9.891835 0.003237
1620662674.227755 9.891364 0.003238
1620662674.359755 9.890939 0.003238
1620662674.458755 9.890854 0.003236
1620662674.590756 9.891053 0.003237
1620662674.689756 9.890818 0.003238
1620662674.788756 9.890500 0.003238
1620662674.887757 9.890591 0.003238
1620662674.986757 9.890543 0.003237
1620662675.085757 9.890059 0.003237
1620662675.184757 9.889700 0.003238
1620662675.316758 9.888788 0.003237
1620662675.448758 9.888576 0.003238
1620662675.547758 9.888397 0.003236
1620662675.646758 9.888093 0.003238
1620662675.745759 9.887893 0.003238
1620662675.844759 9.887833 0.003237
1620662675.976759 9.887692 0.003238
1620662676.108760 9.887511 0.003238
1620662676.240760 9.887344 0.003238
1620662676.372760 9.887194 0.003238
1620662676.504761 9.887111 0.003237
1620662676.636761 9.887091 0.003237
1620662676.768761 9.887096 0.003238
1620662676.867761 9.886795 0.003237
1620662676.966762 9.887420 0.003238
1620662677.065762 9.887585 0.003238
1620662677.164762 9.887310 0.003238
1620662677.263762 9.886881 0.003237
1620662677.362762 9.886961 0.003238
1620662677.461763 9.886716 0.003237
1620662677.560763 9.886588 0.003238
1620662677.659763 9.886528 0.003236
1620662677.758764 9.886442 0.003237
1620662677.857764 9.886458 0.003237
1620662677.923764 9.886387 0.003236
1620662677.989764 9.886417 0.003238
1620662678.055764 9.886762 0.003238
1620662678.121764 9.886608 0.003238
1620662678.187764 9.886483 0.003237
1620662678.253765 9.886131 0.003238
1620662678.319765 9.887162 0.003238
1620662678.385765 9.887173 0.003238
1620662678.451765 9.887085 0.003237
1620662678.517765 9.886268 0.003238
1620662678.583766 9.886172 0.003238
1620662678.649766 9.885654 0.003237
1620662678.715766 9.886250 0.003236
1620662678.781766 9.886220 0.003238
1620662678.847766 9.885665 0.003237
1620662678.913766 9.885877 0.003237
1620662678.979767 9.884935 0.003238
1620662679.078767 9.886269 0.003238
1620662679.144767 9.886205 0.003238
1620662679.210767 9.886160 0.003237
1620662679.276767 9.886104 0.003237
1620662679.342767 9.886104 0.003238
1620662679.408767 9.885514 0.003238
1620662679.474768 9.885684 0.003235
1620662679.573768 9.886332 0.003237
1620662679.672768 9.886247 0.003235
1620662679.804769 9.886265 0.003237
1620662679.936769 9.886243 0.003238
1620662680.035769 9.885738 0.003236
1620662680.134769 9.885941 0.003237
1620662680.233769 9.886266 0.003235
1620662680.332770 9.886081 0.003236
1620662680.431770 9.885707 0.003237
1620662680.530770 9.886134 0.003238
1620662680.629770 9.885990 0.003238
1620662680.695771 9.886042 0.003237
1620662680.761771 9.885825 0.003238
1620662680.827771 9.885678 0.003237
1620662680.893771 9.886069 0.003236
1620662680.959771 9.885929 0.003238
1620662681.025771 9.886218 0.003234
1620662681.091771 9.886037 0.003232
1620662681.157772 9.885951 0.003237
1620662681.223772 9.885966 0.003237
1620662681.289772 9.886071 0.003237
1620662681.355772 9.886250 0.003238
1620662681.421772 9.886240 0.003237
1620662681.487772 9.886715 0.003237
1620662681.553772 9.886733 0.003237
1620662681.619773 9.886399 0.003238
1620662681.718773 9.886279 0.003237
1620662681.817773 9.886437 0.003237
1620662681.883773 9.886519 0.003238
1620662681.949774 9.886586 0.003237
1620662682.015774 9.886502 0.003237
1620662682.081774 9.886515 0.003237
1620662682.147774 9.886626 0.003237
1620662682.213774 9.886693 0.003237
1620662682.279774 9.886689 0.003236
1620662682.378775 9.887168 0.003237
1620662682.477775 9.886811 0.003236
1620662682.576775 9.885799 0.003238
1620662682.675775 9.885968 0.003236
1620662682.741775 9.886639 0.003236
1620662682.807775 9.886670 0.003236
1620662682.873776 9.886608 0.003236
1620662682.939776 9.886561 0.003237
1620662683.005776 9.885677 0.003237
1620662683.071776 9.885532 0.003236
1620662683.137776 9.885761 0.003236
1620662683.203777 9.885649 0.003237
1620662683.302777 9.886254 0.003234
1620662683.401777 9.886278 0.003236
1620662683.500777 9.886366 0.003237
1620662683.599777 9.886284 0.003238
1620662683.698778 9.886160 0.003237
1620662683.797778 9.886319 0.003237
1620662683.896778 9.886361 0.003237
1620662683.995778 9.886279 0.003237
1620662684.094779 9.885918 0.003237
1620662684.193779 9.885972 0.003237
1620662684.259779 9.885586 0.003237
1620662684.325779 9.885785 0.003236
1620662684.391779 9.885364 0.003236
1620662684.457779 9.885219 0.003235
1620662684.523780 9.886647 0.003236
1620662684.589780 9.887022 0.003237
1620662684.655780 9.887051 0.003237
1620662684.721780 9.887393 0.003237
1620662684.820780 9.887269 0.003237
1620662684.919780 9.887395 0.003237
1620662685.051781 9.887256 0.003236
1620662685.183781 9.886834 0.003237
1620662685.315781 9.886895 0.003237
1620662685.414782 9.887459 0.003236
1620662685.546782 9.887648 0.003237
1620662685.678782 9.887205 0.003237
1620662685.810783 9.886891 0.003237
1620662685.942783 9.886723 0.003237
1620662686.041783 9.886562 0.003236
1620662686.173784 9.886635 0.003237
1620662686.305784 9.886368 0.003236
1620662686.437784 9.886482 0.003236
1620662686.569785 9.885638 0.003237
1620662686.701785 9.885505 0.003237
1620662686.833785 9.886166 0.003236
1620662686.965785 9.886143 0.003234
1620662687.064785 9.886164 0.003236
1620662687.163786 9.886214 0.003237
1620662687.262786 9.885836 0.003234
1620662687.361786 9.886189 0.003237
1620662687.460786 9.885513 0.003235
1620662687.559787 9.885479 0.003236
1620662687.658787 9.885665 0.003236
1620662687.757787 9.885660 0.003236
1620662687.889787 9.885296 0.003237
1620662687.988788 9.885333 0.003237
1620662688.087788 9.885376 0.003231
1620662688.186788 9.885856 0.003237
1620662688.285788 9.885932 0.003235
1620662688.384789 9.886170 0.003237
1620662688.483789 9.886271 0.003236
1620662688.582789 9.886353 0.003236
1620662688.648789 9.886384 0.003237
1620662688.714789 9.886550 0.003237
1620662688.813790 9.886803 0.003238
1620662688.912790 9.887012 0.003237
1620662689.011790 9.887642 0.003236
1620662689.110790 9.887874 0.003237
1620662689.209790 9.888183 0.003237
1620662689.308791 9.888308 0.003234
1620662689.374791 9.888294 0.003237
1620662689.440791 9.888251 0.003233
1620662689.506791 9.888008 0.003237
1620662689.605792 9.888563 0.003236
1620662689.704792 9.889120 0.003237
1620662689.803792 9.888745 0.003237
1620662689.902792 9.888750 0.003237
1620662690.001792 9.888822 0.003236
1620662690.100793 9.889169 0.003235
1620662690.199793 9.889392 0.003235
1620662690.265793 9.889487 0.003238
1620662690.364793 9.889832 0.003237
1620662690.430794 9.889537 0.003236
1620662690.496794 9.889652 0.003237
1620662690.562794 9.890087 0.003237
1620662690.628794 9.890227 0.003237
1620662690.727794 9.890443 0.003237
1620662690.826794 9.890308 0.003237
1620662690.925795 9.890599 0.003237
1620662691.024795 9.890720 0.003237
1620662691.123795 9.890843 0.003237
1620662691.189795 9.891054 0.003237
1620662691.255795 9.891067 0.003236
1620662691.321796 9.891554 0.003237
1620662691.387796 9.891544 0.003236
1620662691.453796 9.891910 0.003237
1620662691.519796 9.891863 0.003236
1620662691.618796 9.892006 0.003236
1620662691.717797 9.891994 0.003237
1620662691.783797 9.892146 0.003237
1620662691.882797 9.892190 0.003237
1620662691.948797 9.892182 0.003237
1620662692.047797 9.892086 0.003234
1620662692.146798 9.892314 0.003236
1620662692.212798 9.892397 0.003237
1620662692.311798 9.892551 0.003236
1620662692.410798 9.892717 0.003234
1620662692.509798 9.892574 0.003237
1620662692.608799 9.892603 0.003237
1620662692.674799 9.892206 0.003237
1620662692.740799 9.892718 0.003236
1620662692.806799 9.892972 0.003237
1620662692.872799 9.893421 0.003237
1620662692.938799 9.892912 0.003237
1620662693.004800 9.893143 0.003236
1620662693.070800 9.892724 0.003232
1620662693.136800 9.892096 0.003236
1620662693.202800 9.892054 0.003235
1620662693.301800 9.891384 0.003234
1620662693.367800 9.891458 0.003237
1620662693.466801 9.891163 0.003237
1620662693.565801 9.891195 0.003235
1620662693.664801 9.891177 0.003235
1620662693.763801 9.891201 0.003231
1620662693.829802 9.891299 0.003233
1620662693.928802 9.891121 0.003237
1620662694.027802 9.891395 0.003234
1620662694.126802 9.891493 0.003236
1620662694.225802 9.891695 0.003237
1620662694.324803 9.891359 0.003233
1620662694.423803 9.890978 0.003236
1620662694.522803 9.889789 0.003236
1620662694.621804 9.889971 0.003235
1620662694.753804 9.890217 0.003237
1620662694.885804 9.891032 0.003237
1620662695.017804 9.891671 0.003237
1620662695.182805 9.892210 0.003235
1620662695.479805 9.893698 0.003237
1620662695.842806 9.895540 0.003234
1620662696.205807 9.896546 0.003236
1620662696.568808 9.898824 0.003235
1620662696.898809 9.900375 0.003236
1620662697.195810 9.901243 0.003233
1620662697.426810 9.901323 0.003231
1620662697.624810 9.901391 0.003227
1620662697.822811 9.900865 0.003235
1620662698.020812 9.900985 0.003237
1620662698.185812 9.900642 0.003232
1620662698.350812 9.900701 0.003233
1620662698.515813 9.900769 0.003235
1620662698.647813 9.900748 0.003235
1620662698.779813 9.901043 0.003237
1620662698.911814 9.901087 0.003237
1620662699.043814 9.901060 0.003237
1620662699.175814 9.900982 0.003237
1620662699.307814 9.900852 0.003235
1620662699.439815 9.900357 0.003236
1620662699.571815 9.900498 0.003236
1620662699.703815 9.899830 0.003237
1620662699.835816 9.899215 0.003236
1620662699.934816 9.899390 0.003236
1620662700.033816 9.899671 0.003235
1620662700.132816 9.900177 0.003233
1620662700.231817 9.899981 0.003237
1620662700.330817 9.898704 0.003236
1620662700.429817 9.897153 0.003236
1620662700.528817 9.897260 0.003237
1620662700.627818 9.897258 0.003237
1620662700.726818 9.897580 0.003235
1620662700.825818 9.897837 0.003236
1620662700.924819 9.897727 0.003237
1620662701.023818 9.897836 0.003237
1620662701.122819 9.898190 0.003237
1620662701.221819 9.898148 0.003237
1620662701.320819 9.898071 0.003237
1620662701.419820 9.898443 0.003237
1620662701.518820 9.898952 0.003237
1620662701.617820 9.898869 0.003236
1620662701.749820 9.898651 0.003237
1620662701.881821 9.898689 0.003236
1620662701.980821 9.898401 0.003237
1620662702.112821 9.898485 0.003237
1620662702.211821 9.898229 0.003236
1620662702.310822 9.898043 0.003236
1620662702.442822 9.897875 0.003237
1620662702.574822 9.897866 0.003237
1620662702.706823 9.897746 0.003237
1620662702.838823 9.898105 0.003237
1620662702.970823 9.898404 0.003237
1620662703.069824 9.898426 0.003237
1620662703.168823 9.898227 0.003237
1620662703.267824 9.898674 0.003236
1620662703.366824 9.898455 0.003237
1620662703.465825 9.898447 0.003236
1620662703.564825 9.898156 0.003234
1620662703.630825 9.898288 0.003236
1620662703.696825 9.898392 0.003237
1620662703.762825 9.898391 0.003236
1620662703.828825 9.898613 0.003236
1620662703.894825 9.898460 0.003233
1620662703.960826 9.898712 0.003236
1620662704.059826 9.898541 0.003236
1620662704.158826 9.898452 0.003235
1620662704.257826 9.898430 0.003235
1620662704.356827 9.898833 0.003236
1620662704.455827 9.899161 0.003236
1620662704.554827 9.899408 0.003237
1620662704.653827 9.899555 0.003237
1620662704.752827 9.899057 0.003236
1620662704.851828 9.899044 0.003236
1620662704.950828 9.899234 0.003236
1620662705.049828 9.899053 0.003234
1620662705.148829 9.899029 0.003236
1620662705.247829 9.899209 0.003236
1620662705.346829 9.899367 0.003235
1620662705.445829 9.899892 0.003234
1620662705.511829 9.899648 0.003237
1620662705.610830 9.899552 0.003236
1620662705.709830 9.900243 0.003235
1620662705.808830 9.900139 0.003237
1620662705.907830 9.899972 0.003236
1620662706.006830 9.899782 0.003237
1620662706.072830 9.899945 0.003235
1620662706.138831 9.899129 0.003231
1620662706.204831 9.899796 0.003231
1620662706.270831 9.899971 0.003231
1620662706.336831 9.900176 0.003236
1620662706.402831 9.900303 0.003236
1620662706.468832 9.900846 0.003235
1620662706.534832 9.900651 0.003237
1620662706.633832 9.900733 0.003237
1620662706.699832 9.900804 0.003236
1620662706.798832 9.900883 0.003237
1620662706.897832 9.900841 0.003237
1620662706.996833 9.900848 0.003237
1620662707.095833 9.901160 0.003236
1620662707.194833 9.901112 0.003236
1620662707.293833 9.901040 0.003236
1620662707.392834 9.901005 0.003236
1620662707.491834 9.901030 0.003236
1620662707.590834 9.900631 0.003236
1620662707.722834 9.900977 0.003236
1620662707.854835 9.900694 0.003237
1620662707.986835 9.900874 0.003236
1620662708.118835 9.900856 0.003236
1620662708.217836 9.900879 0.003235
1620662708.316836 9.901169 0.003236
1620662708.415836 9.900608 0.003235
1620662708.514837 9.901143 0.003236
1620662708.613837 9.901011 0.003236
1620662708.679837 9.899253 0.003230
1620662708.778837 9.898354 0.003236
1620662708.877837 9.898301 0.003236
1620662708.976838 9.898265 0.003237
1620662709.075838 9.898693 0.003236
1620662709.174838 9.898145 0.003236
1620662709.306838 9.897299 0.003236
1620662709.405838 9.898112 0.003236
1620662709.504839 9.898614 0.003236
1620662709.603839 9.899184 0.003236
1620662709.735839 9.899678 0.003236
1620662709.867840 9.898855 0.003236
1620662709.999840 9.898663 0.003234
1620662710.131840 9.898909 0.003235
1620662710.263840 9.896524 0.003211
1620662710.362841 9.897184 0.003235
1620662710.494841 9.897391 0.003236
1620662710.593841 9.896923 0.003236
1620662710.692842 9.897024 0.003234
1620662710.791842 9.896944 0.003236
1620662710.890842 9.896811 0.003236
1620662710.989842 9.896741 0.003236
1620662711.088842 9.896404 0.003235
1620662711.187843 9.896418 0.003236
1620662711.286843 9.896436 0.003236
1620662711.385843 9.896477 0.003236
1620662711.517844 9.896399 0.003236
1620662711.616844 9.895978 0.003236
1620662711.715844 9.896261 0.003236
1620662711.814844 9.896504 0.003236
1620662711.913845 9.897072 0.003236
1620662712.012845 9.896613 0.003236
1620662712.111845 9.896014 0.003235
1620662712.177845 9.895833 0.003236
1620662712.276845 9.896021 0.003236
1620662712.375846 9.896061 0.003236
1620662712.474846 9.895402 0.003234
1620662712.573846 9.895331 0.003236
1620662712.672846 9.895588 0.003236
1620662712.771847 9.895308 0.003236
1620662712.870847 9.895957 0.003236
1620662713.002847 9.895371 0.003236
1620662713.101847 9.895792 0.003236
1620662713.200848 9.895758 0.003235
1620662713.299848 9.895321 0.003236
1620662713.431848 9.896480 0.003235
1620662713.530848 9.896217 0.003234
1620662713.662849 9.895115 0.003232
1620662713.794849 9.895093 0.003235
1620662713.926849 9.894936 0.003235
1620662714.058850 9.895716 0.003236
1620662714.190850 9.895558 0.003235
1620662714.322850 9.895486 0.003236
1620662714.454851 9.895353 0.003236
1620662714.553851 9.894997 0.003236
1620662714.652851 9.895107 0.003235
1620662714.784852 9.894392 0.003234
1620662714.883852 9.894089 0.003232
1620662714.982852 9.894191 0.003233
1620662715.081852 9.894153 0.003232
1620662715.213852 9.894526 0.003234
1620662715.345853 9.894168 0.003234
1620662715.477853 9.894269 0.003236
1620662715.609854 9.894243 0.003236
1620662715.741854 9.894141 0.003231
1620662715.873854 9.894570 0.003235
1620662715.972854 9.894116 0.003229
1620662716.104855 9.894047 0.003235
1620662716.203855 9.893363 0.003235
1620662716.302855 9.893231 0.003236
1620662716.434855 9.893398 0.003236
1620662716.566856 9.893378 0.003236
1620662716.698856 9.893656 0.003235
1620662716.830856 9.893442 0.003233
1620662716.995857 9.893132 0.003234
1620662717.160857 9.893846 0.003235
1620662717.358857 9.895202 0.003235
1620662717.622858 9.895039 0.003235
1620662717.820859 9.895310 0.003236
1620662718.018859 9.895473 0.003235
1620662718.216860 9.893907 0.003234
1620662718.414860 9.894279 0.003234
1620662718.612860 9.894982 0.003233
1620662718.810861 9.895676 0.003235
1620662719.008862 9.896004 0.003235
1620662719.239862 9.896122 0.003236
1620662719.470863 9.895783 0.003234
1620662719.668863 9.895452 0.003235
1620662719.866863 9.894688 0.003236
1620662720.064864 9.895422 0.003236
1620662720.229864 9.896037 0.003235
1620662720.394865 9.894946 0.003231
1620662720.526865 9.894512 0.003232
1620662720.658865 9.895751 0.003233
1620662720.790866 9.896046 0.003236
1620662720.922866 9.896301 0.003235
1620662721.054866 9.896083 0.003233
1620662721.186867 9.896336 0.003233
1620662721.285867 9.896486 0.003236
1620662721.384867 9.897031 0.003235
1620662721.483867 9.897545 0.003235
1620662721.582867 9.896841 0.003232
1620662721.681868 9.896831 0.003230
1620662721.780868 9.896693 0.003233
1620662721.879868 9.896974 0.003235
1620662721.978868 9.896912 0.003235
1620662722.077869 9.897112 0.003236
1620662722.176869 9.897555 0.003235
1620662722.275869 9.897198 0.003233
1620662722.374870 9.896505 0.003235
1620662722.473870 9.896259 0.003236
1620662722.572870 9.896484 0.003233
1620662722.671870 9.896350 0.003235
1620662722.770870 9.896940 0.003235
1620662722.869871 9.896793 0.003235
1620662722.968871 9.896215 0.003236
1620662723.067871 9.896215 0.003236
1620662723.166871 9.896214 0.003235
1620662723.265872 9.896350 0.003234
1620662723.364872 9.896334 0.003235
1620662723.463872 9.895561 0.003235
1620662723.562872 9.895667 0.003235
1620662723.661872 9.895571 0.003235
1620662723.760873 9.895816 0.003234
1620662723.859873 9.895849 0.003235
1620662723.991873 9.895628 0.003235
1620662724.123873 9.895826 0.003235
1620662724.222874 9.895921 0.003235
1620662724.321874 9.895996 0.003235
1620662724.420874 9.895762 0.003235
1620662724.519875 9.895974 0.003235
1620662724.618875 9.896093 0.003235
1620662724.717875 9.895859 0.003235
1620662724.816875 9.896035 0.003235
1620662724.915875 9.895918 0.003236
1620662725.014876 9.895718 0.003236
1620662725.113876 9.895958 0.003236
1620662725.212876 9.896011 0.003236
1620662725.311876 9.895796 0.003235
1620662725.410877 9.895942 0.003236
1620662725.509877 9.896287 0.003236
1620662725.608877 9.895906 0.003235
1620662725.740877 9.895885 0.003235
1620662725.872878 9.896040 0.003236
1620662726.004878 9.896032 0.003236
1620662726.103878 9.896022 0.003235
1620662726.202878 9.896142 0.003235
1620662726.301879 9.896191 0.003236
1620662726.400879 9.895846 0.003235
1620662726.499879 9.895688 0.003236
1620662726.598880 9.895389 0.003236
1620662726.697880 9.895609 0.003235
1620662726.796880 9.895644 0.003236
1620662726.895880 9.895573 0.003235
1620662727.027880 9.896060 0.003236
1620662727.126881 9.895710 0.003235
1620662727.225881 9.895650 0.003235
1620662727.324881 9.895930 0.003235
1620662727.423882 9.895909 0.003236
1620662727.522882 9.896056 0.003235
1620662727.621882 9.895418 0.003235
1620662727.720882 9.895533 0.003234
1620662727.819882 9.896268 0.003235
1620662727.885883 9.896530 0.003235
1620662727.951883 9.896177 0.003235
1620662728.017883 9.895880 0.003235
1620662728.116883 9.895554 0.003235
1620662728.215883 9.895723 0.003235
1620662728.314883 9.895974 0.003235
1620662728.446884 9.895911 0.003235
1620662728.545884 9.895555 0.003235
1620662728.644885 9.895954 0.003235
1620662728.743885 9.896292 0.003235
1620662728.809885 9.896211 0.003235
1620662728.908885 9.896063 0.003235
1620662729.040885 9.896379 0.003231
1620662729.139886 9.895963 0.003235
1620662729.238886 9.896478 0.003234
1620662729.337886 9.896592 0.003235
1620662729.436886 9.896422 0.003235
1620662729.535887 9.896344 0.003235
1620662729.634887 9.896762 0.003235
1620662729.733887 9.895961 0.003234
1620662729.832887 9.896335 0.003235
1620662729.931887 9.896227 0.003235
1620662730.030888 9.895752 0.003235
1620662730.129888 9.895603 0.003235
1620662730.228888 9.895280 0.003235
1620662730.327888 9.895513 0.003235
1620662730.393888 9.895717 0.003235
1620662730.459889 9.895339 0.003235
1620662730.525889 9.894427 0.003235
1620662730.591889 9.893718 0.003235
1620662730.657889 9.894104 0.003235
1620662730.756889 9.893699 0.003235
1620662730.822890 9.893347 0.003235
1620662730.921890 9.894593 0.003235
1620662731.020890 9.894257 0.003235
1620662731.119890 9.893689 0.003235
1620662731.218890 9.893171 0.003235
1620662731.317891 9.893250 0.003235
1620662731.416891 9.893128 0.003235
1620662731.515891 9.892526 0.003234
1620662731.614892 9.893294 0.003235
1620662731.713892 9.893876 0.003235
1620662731.845892 9.893203 0.003235
1620662731.977892 9.892752 0.003235
1620662732.109893 9.891557 0.003235
1620662732.241893 9.891285 0.003235
1620662732.373893 9.885742 0.003231
1620662732.505894 9.885780 0.003235
1620662732.637894 9.886652 0.003235
1620662732.835894 9.887037 0.003235
1620662733.033895 9.881262 0.003233
1620662733.231895 9.881869 0.003235
1620662733.429896 9.881687 0.003235
1620662733.627896 9.879471 0.003233
1620662733.825897 9.879574 0.003235
1620662734.023897 9.879244 0.003234
1620662734.221898 9.879710 0.003235
1620662734.386898 9.880020 0.003235
1620662734.551898 9.879672 0.003235
1620662734.683899 9.879908 0.003235
1620662734.815899 9.879496 0.003235
1620662734.947899 9.880365 0.003235
1620662735.079900 9.878499 0.003235
1620662735.211900 9.880782 0.003235
1620662735.343900 9.877913 0.003234
1620662735.475901 9.877618 0.003235
1620662735.607901 9.874804 0.003235
1620662735.706901 9.875494 0.003235
1620662735.805901 9.875264 0.003235
1620662735.904902 9.879669 0.003234
1620662736.036902 9.880011 0.003235
1620662736.135902 9.879985 0.003235
1620662736.234902 9.880239 0.003235
1620662736.300903 9.880835 0.003235
1620662736.366903 9.881029 0.003235
1620662736.432903 9.881189 0.003235
1620662736.498903 9.881521 0.003235
1620662736.564903 9.881753 0.003235
1620662736.630903 9.881717 0.003235
1620662736.696903 9.882191 0.003234
1620662736.762903 9.883045 0.003234
1620662736.828904 9.883249 0.003234
1620662736.894904 9.883563 0.003233
1620662736.960904 9.883916 0.003235
1620662737.026904 9.884055 0.003235
1620662737.092904 9.883947 0.003235
1620662737.158905 9.885038 0.003234
1620662737.224905 9.885411 0.003235
1620662737.290905 9.885335 0.003235
1620662737.356905 9.884905 0.003235
1620662737.422905 9.885712 0.003235
1620662737.488905 9.885573 0.003235
1620662737.554906 9.886165 0.003235
1620662737.620906 9.885655 0.003235
1620662737.686906 9.885859 0.003235
1620662737.752906 9.885886 0.003235
1620662737.818906 9.886075 0.003235
1620662737.917907 9.886317 0.003235
1620662738.016906 9.886534 0.003235
1620662738.115906 9.886837 0.003235
1620662738.214907 9.887145 0.003235
1620662738.313907 9.887232 0.003235
1620662738.412907 9.887347 0.003235
1620662738.511908 9.886838 0.003235
1620662738.610908 9.887802 0.003235
1620662738.709908 9.888043 0.003235
1620662738.808908 9.888577 0.003235
1620662738.940908 9.888747 0.003235
1620662739.039909 9.888905 0.003234
1620662739.138909 9.888945 0.003235
1620662739.237909 9.888932 0.003235
1620662739.336910 9.889092 0.003235
1620662739.435910 9.889069 0.003235
1620662739.534910 9.889451 0.003235
1620662739.666910 9.889222 0.003235
1620662739.798911 9.889137 0.003235
1620662739.897911 9.889389 0.003235
1620662739.996911 9.889591 0.003235
1620662740.095912 9.890233 0.003235
1620662740.194912 9.890031 0.003235
1620662740.326912 9.890732 0.003235
1620662740.425912 9.890926 0.003235
1620662740.524912 9.890046 0.003234
1620662740.689913 9.890236 0.003235
1620662740.821913 9.889545 0.003235
1620662740.986913 9.889309 0.003235
1620662741.118914 9.889386 0.003235
1620662741.217914 9.889408 0.003235
1620662741.316914 9.889478 0.003235
1620662741.415915 9.889308 0.003235
1620662741.547915 9.889509 0.003234
1620662741.646915 9.889858 0.003235
1620662741.778915 9.889591 0.003235
1620662741.910916 9.890047 0.003234
1620662742.042916 9.890255 0.003235
1620662742.174916 9.890305 0.003235
1620662742.339917 9.890306 0.003235
1620662742.471917 9.890934 0.003235
1620662742.603917 9.890752 0.003235
1620662742.735918 9.891120 0.003235
1620662742.867918 9.889345 0.003235
1620662742.999918 9.889571 0.003234
1620662743.131919 9.889579 0.003234
1620662743.263919 9.889007 0.003235
1620662743.362919 9.889114 0.003234
1620662743.461920 9.889349 0.003234
1620662743.560920 9.889382 0.003234
1620662743.659920 9.889526 0.003234
1620662743.758920 9.889618 0.003234
1620662743.857920 9.889391 0.003235
1620662743.956921 9.889511 0.003234
1620662744.055921 9.889606 0.003234
1620662744.154921 9.889628 0.003235
1620662744.253921 9.889890 0.003234
1620662744.352921 9.890209 0.003235
1620662744.484922 9.890518 0.003235
1620662744.583922 9.891093 0.003234
1620662744.682922 9.891419 0.003235
1620662744.814923 9.891605 0.003235
1620662744.946923 9.891563 0.003234
1620662745.078923 9.891101 0.003235
1620662745.210923 9.891168 0.003235
1620662745.342924 9.891660 0.003235
1620662745.441924 9.892125 0.003234
1620662745.540924 9.892290 0.003234
1620662745.672925 9.892430 0.003235
1620662745.771925 9.892522 0.003234
1620662745.903925 9.892711 0.003235
1620662746.002926 9.892842 0.003235
1620662746.101926 9.892772 0.003235
1620662746.200926 9.893055 0.003235
1620662746.332926 9.893416 0.003234
1620662746.464927 9.893210 0.003234
1620662746.596927 9.893550 0.003235
1620662746.728927 9.893735 0.003235
1620662746.860928 9.893940 0.003235
1620662746.959928 9.893984 0.003235
1620662747.091928 9.894374 0.003235
1620662747.223928 9.894517 0.003235
1620662747.322929 9.894597 0.003235
1620662747.421929 9.895259 0.003235
1620662747.586929 9.894828 0.003235
1620662747.751930 9.893905 0.003235
1620662747.916930 9.895318 0.003234
1620662748.048930 9.895520 0.003235
1620662748.213931 9.895956 0.003235
1620662748.378931 9.896177 0.003235
1620662748.576931 9.896064 0.003235
1620662748.774932 9.896506 0.003234
1620662749.038933 9.896200 0.003235
1620662749.368933 9.895976 0.003235
1620662749.731934 9.895548 0.003234
1620662750.160935 9.895365 0.003234
1620662750.490936 9.895287 0.003234
1620662750.820937 9.895771 0.003234
1620662751.117938 9.896292 0.003235
1620662751.381938 9.896554 0.003235
1620662751.612939 9.896510 0.003235
1620662751.810939 9.896557 0.003235
1620662751.975940 9.896785 0.003235
1620662752.140940 9.897284 0.003235
1620662752.305940 9.897425 0.003235
1620662752.437941 9.897098 0.003235
1620662752.569941 9.896424 0.003235
1620662752.701941 9.897687 0.003234
1620662752.833942 9.892925 0.003235
1620662752.965942 9.893854 0.003234
1620662753.130943 9.894550 0.003235
1620662753.229943 9.895887 0.003235
1620662753.328943 9.895886 0.003235
1620662753.427943 9.896607 0.003232
1620662753.526943 9.894899 0.003234
1620662753.625944 9.894238 0.003234
1620662753.724944 9.895006 0.003234
1620662753.823944 9.895754 0.003234
1620662753.922944 9.894663 0.003235
1620662754.021945 9.893914 0.003235
1620662754.153945 9.893986 0.003235
1620662754.285945 9.894489 0.003234
1620662754.417945 9.893862 0.003234
1620662754.516946 9.893720 0.003235
1620662754.615946 9.890870 0.003235
1620662754.747946 9.885326 0.003234
1620662754.879946 9.888110 0.003234
1620662755.011947 9.890321 0.003234
1620662755.143947 9.892306 0.003234
1620662755.242947 9.892218 0.003234
1620662755.341948 9.892323 0.003234
1620662755.473948 9.892982 0.003235
1620662755.572948 9.890175 0.003235
1620662755.671948 9.890385 0.003234
1620662755.770949 9.890881 0.003235
1620662755.869949 9.890996 0.003234
1620662755.968949 9.890115 0.003235
1620662756.067949 9.890016 0.003235
1620662756.166950 9.889642 0.003235
1620662756.265950 9.889999 0.003235
1620662756.331950 9.889978 0.003235
1620662756.397950 9.890384 0.003234
1620662756.496951 9.890119 0.003235
1620662756.595951 9.890456 0.003234
1620662756.694951 9.891030 0.003234
1620662756.793951 9.890972 0.003234
1620662756.892951 9.891391 0.003234
1620662757.024951 9.892247 0.003233
1620662757.156952 9.892689 0.003234
1620662757.288952 9.892827 0.003234
1620662757.387952 9.893409 0.003234
1620662757.519953 9.893571 0.003234
1620662757.618953 9.893813 0.003234
1620662757.717953 9.894399 0.003234
1620662757.816954 9.894880 0.003234
1620662757.915954 9.895122 0.003234
1620662758.014954 9.895639 0.003234
1620662758.113954 9.896163 0.003234
1620662758.245955 9.896655 0.003234
1620662758.344955 9.896894 0.003234
1620662758.443955 9.897011 0.003234
1620662758.542955 9.897143 0.003234
1620662758.641956 9.896758 0.003235
1620662758.740956 9.897139 0.003234
1620662758.839956 9.897320 0.003235
1620662758.938956 9.897603 0.003234
1620662759.037956 9.898129 0.003234
1620662759.136957 9.898437 0.003234
1620662759.235957 9.898755 0.003234
1620662759.334957 9.898980 0.003234
1620662759.466958 9.899381 0.003234
1620662759.565958 9.899886 0.003234
1620662759.664958 9.900032 0.003234
1620662759.763958 9.900543 0.003234
1620662759.862958 9.901027 0.003234
1620662759.994959 9.901618 0.003234
1620662760.126959 9.902206 0.003234
1620662760.258959 9.903044 0.003234
1620662760.390960 9.903642 0.003234
1620662760.522960 9.904285 0.003234
1620662760.654960 9.904851 0.003234
1620662760.753961 9.905158 0.003234
1620662760.885961 9.904605 0.003234
1620662760.984961 9.904880 0.003234
1620662761.083961 9.905102 0.003234
1620662761.182962 9.905428 0.003234
1620662761.281962 9.905613 0.003234
1620662761.380962 9.905909 0.003234
1620662761.479962 9.906193 0.003234
1620662761.578962 9.906443 0.003234
1620662761.677963 9.906504 0.003234
1620662761.776963 9.906755 0.003233
1620662761.875963 9.906871 0.003234
1620662761.941963 9.907105 0.003234
1620662762.007964 9.907272 0.003234
1620662762.073964 9.907666 0.003234
1620662762.139964 9.907662 0.003234
1620662762.205964 9.907669 0.003233
1620662762.271964 9.907730 0.003234
1620662762.370965 9.908045 0.003234
1620662762.469965 9.908498 0.003234
1620662762.568965 9.908512 0.003234
1620662762.667965 9.908679 0.003234
1620662762.766965 9.908721 0.003234
1620662762.865966 9.908683 0.003234
1620662762.964966 9.909057 0.003234
1620662763.096966 9.909469 0.003233
1620662763.195966 9.909657 0.003234
1620662763.294966 9.909702 0.003234
1620662763.393967 9.909475 0.003234
1620662763.492967 9.909947 0.003234
1620662763.591967 9.910749 0.003234
1620662763.690968 9.911106 0.003234
1620662763.789968 9.910976 0.003234
1620662763.921968 9.910606 0.003234
1620662764.020968 9.910458 0.003234
1620662764.119968 9.911269 0.003234
1620662764.218969 9.910286 0.003234
1620662764.317969 9.910237 0.003231
1620662764.416969 9.910196 0.003234
1620662764.515970 9.910590 0.003234
1620662764.614969 9.910814 0.003232
1620662764.713970 9.911037 0.003234
1620662764.812970 9.911161 0.003234
1620662764.878970 9.911257 0.003234
1620662764.977971 9.911641 0.003234
1620662765.109971 9.911891 0.003234
1620662765.241971 9.912176 0.003234
1620662765.340971 9.912508 0.003234
1620662765.439972 9.912534 0.003234
1620662765.538972 9.912345 0.003234
1620662765.637972 9.912455 0.003234
1620662765.736973 9.912743 0.003234
1620662765.802973 9.912813 0.003234
1620662765.868973 9.912756 0.003234
1620662765.934973 9.912891 0.003234
1620662766.000973 9.912897 0.003234
1620662766.066973 9.912836 0.003234
1620662766.132973 9.912732 0.003234
1620662766.231974 9.912862 0.003234
1620662766.297974 9.912888 0.003234
1620662766.363974 9.913000 0.003234
1620662766.429974 9.913035 0.003234
1620662766.495974 9.913121 0.003234
1620662766.594975 9.913263 0.003234
1620662766.693975 9.913614 0.003234
1620662766.792975 9.913828 0.003234
1620662766.891975 9.914057 0.003234
1620662766.990975 9.914254 0.003234
1620662767.089976 9.914350 0.003234
1620662767.188976 9.914565 0.003234
1620662767.320976 9.914832 0.003234
1620662767.452976 9.915156 0.003234
1620662767.584977 9.915237 0.003234
1620662767.716977 9.915397 0.003234
1620662767.848977 9.915436 0.003234
1620662767.980978 9.915414 0.003234
1620662768.112978 9.916095 0.003234
1620662768.244978 9.916704 0.003233
1620662768.343979 9.917199 0.003234
1620662768.442979 9.917564 0.003233
1620662768.541979 9.917933 0.003233
1620662768.673979 9.918410 0.003234
1620662768.805980 9.918737 0.003234
1620662768.937980 9.919438 0.003233
1620662769.069980 9.920362 0.003233
1620662769.201981 9.920597 0.003234
1620662769.333981 9.921334 0.003234
1620662769.498981 9.922226 0.003233
1620662769.663982 9.923337 0.003232
1620662769.861982 9.924449 0.003233
1620662770.059983 9.925162 0.003233
1620662770.257983 9.926633 0.003233
1620662770.455984 9.927157 0.003233
1620662770.686984 9.928955 0.003234
1620662770.917985 9.930750 0.003234
1620662771.115985 9.931623 0.003234
1620662771.313986 9.932497 0.003234
1620662771.511986 9.933512 0.003233
