DelayedMarginalization 0.00145664 9.24385e-07 0.00843066 1999
DelayedMarginalizationOnly 0.000686446 4.53559e-07 0.0064066 1999
EF-marginalizeFrame 0.00183168 9.82058e-07 0.00885002 1999
FullSystem::trackNewCoarse 0.00622788 1.87232e-05 0.0370109 6903
FullSystem::trackNewCoarseNoIMU 0.00185956 6.07887e-07 0.0063371 162
FullSystemOptimize 0.149197 0.000327603 0.212972 2005
GraphUnrolling 0.0263285 0.000385083 0.0475355 3
IMUInitAddPose 3.60363e-05 5.75664e-09 0.00208377 2005
IMUInitOptimize 0.0286106 0.000254253 0.0657575 20
IMUIntegration::finishKeyframeOperations 5.25355e-05 6.91997e-09 0.00266262 1980
InitializerFirstFrame 0.0257631 -nan 0.0257631 1
InitializerOtherFrames 0.0288035 0.000232276 0.0888022 119
MainMarginalization 0.00165463 9.33765e-07 0.00863808 1999
MarginalizationReplacementBuildGraph 0.00179504 4.85466e-07 0.00244211 3
MarginalizationReplacementReplaceGraph 0.0353174 0.000309147 0.0477502 2
MarginalizeMainGraph 0.000769072 3.65766e-07 0.00671338 1999
PGBA 0.0357748 -nan 0.0357748 1
PGBAFull 0.0104702 0.000374092 0.03948 4
PrepareGraphForMainOptimization 0.0264767 0.000386717 0.0477032 3
VisualMarginalization 2.9321e-05 4.55777e-09 0.00203531 1999
activatePointsMT 0.00443544 4.30448e-06 0.0141237 2005
addActiveFrame 0.0599594 0.0058348 0.247505 7185
addIMUData 0.00105122 1.28107e-06 0.0282186 6903
addIMUDataToBA 0.00011277 1.12099e-08 0.00231833 7184
addKeyframeToBA 5.29998e-05 8.42365e-10 0.000875898 2005
afterCoarseTracking 4.37299e-07 7.53408e-11 0.000729679 7065
baIteration 0.0240884 3.152e-05 0.0609495 11612
baMatrixInversion 0.000169767 7.43458e-09 0.00256388 11612
baUpdateBuildHessians 0.000600039 3.32208e-07 0.0108697 11612
coarseTrackingIteration 0.000558563 8.3552e-07 0.0095236 61750
computeBAUpdate 0.000869667 3.50365e-07 0.011148 11612
computeCoarseUpdate 0.000309076 5.20781e-07 0.00799724 60503
computeFactorForCoarseGraphAndMarginalCovariances 0.00227145 5.05675e-07 0.010289 1980
convertHAndBFromDSO 0.000104418 2.99169e-09 0.00166024 19595
debugPlot 9.6993e-08 3.91725e-15 8.72e-07 2005
debugPlotIDepthMap 4.09759e-07 1.8569e-13 1.7704e-05 2005
debugPlotIDepthMapFloat 3.53716e-08 4.96993e-16 3.11e-07 2005
deliverTrackedFrame 0.0518478 0.00590139 0.235106 7066
flagFramesForMarginalization 2.26189e-06 2.59453e-10 0.000722415 2005
fullCoarseTracking 0.00753543 2.30557e-05 0.0681698 7065
initObjectsAndMakeImage 0.0010735 1.11424e-07 0.0049634 7185
makeKeyframe 0.172777 0.000345358 0.235049 2005
makeKeyframeChangeTrackingRef 0.00186282 7.57309e-08 0.00380794 2005
makeNewTraces 0.00342467 1.68351e-07 0.00606663 2005
makeNonKeyframe 0.00383314 1.73843e-06 0.00962702 5061
marginalizeAndRemovePoints 0.0035061 7.91731e-07 0.00763204 2005
marginalizeFrame 0.00362775 1.23864e-06 0.0110121 1999
marginalizeFrameOverhead 0.00179226 1.68005e-07 0.00554477 1999
marginalizeFrames 0.00363221 1.27998e-06 0.0110314 2005
newFrameAndNewResidualsForOldPoints 0.000997735 6.43778e-08 0.00329465 2005
printBiases 7.31555e-06 5.85549e-10 0.000945667 2005
printEigenValLine 1.66253e-07 2.30359e-15 7.52e-07 2005
printLogLine 0.000145709 8.56205e-08 0.00348457 2005
publishInMakeKeyframe 2.15165e-07 6.60682e-12 0.000115196 2005
removeOutliers 0.000166237 3.4298e-09 0.001643 2005
swapTrackingRef 0.000164274 8.65914e-08 0.00314994 2005
timeMeasurement 1.70454e-06 1.42126e-10 0.000958832 7185
traceNewCoarse 0.00349908 1.59925e-06 0.00961097 7066
updateBAValues 1.11387e-05 5.62046e-11 0.000291937 21644
zero 1.60101e-07 8.92932e-12 0.000252262 7185
