EF-marginalizeFrame 0.000119347 4.309e-09 0.00108022 1841
FullSystem::trackNewCoarseNoIMU 0.00254598 1.89148e-06 0.0191045 6626
FullSystemOptimize 0.149004 0.000259539 0.294318 1847
IMUInitAddPose 1.7323e-05 -nan 1.7323e-05 1
InitializerFirstFrame 0.0323904 -nan 0.0323904 1
InitializerOtherFrames 0.0367413 0.000324799 0.0958765 68
VisualMarginalization 3.17942e-05 1.40906e-10 0.000194329 1841
activatePointsMT 0.00455078 4.84232e-06 0.0156417 1847
addActiveFrame 0.0528538 0.00542981 0.3785 6695
afterCoarseTracking 2.91188e-07 2.82085e-12 0.000136683 6626
baIteration 0.0231965 3.81405e-05 0.074068 11100
coarseTrackingIteration 0.000167664 3.83063e-08 0.0053904 65092
debugPlot 9.77066e-08 4.50865e-15 1.002e-06 1847
debugPlotIDepthMap 3.90493e-07 1.91053e-14 1.974e-06 1847
debugPlotIDepthMapFloat 3.68332e-08 2.30598e-16 2.61e-07 1847
deliverTrackedFrame 0.0493606 0.00547679 0.305253 6627
flagFramesForMarginalization 1.83095e-06 9.41536e-13 2.3864e-05 1847
fullCoarseTracking 0.00255354 1.90037e-06 0.0191161 6626
initObjectsAndMakeImage 0.00108328 8.74159e-08 0.00370821 6695
makeKeyframe 0.167571 0.000265594 0.305244 1847
makeKeyframeChangeTrackingRef 0.00178226 5.76131e-08 0.00405352 1847
makeNewTraces 0.00344045 1.66083e-07 0.00622535 1847
makeNonKeyframe 0.0036619 1.75676e-06 0.0144901 4780
marginalizeAndRemovePoints 0.00337244 8.19687e-07 0.00734813 1847
marginalizeFrame 0.00162233 1.41264e-07 0.00482808 1841
marginalizeFrameOverhead 0.00149985 1.16284e-07 0.00426971 1841
marginalizeFrames 0.00161816 1.49488e-07 0.00483028 1847
newFrameAndNewResidualsForOldPoints 0.000901066 3.83264e-08 0.0027966 1847
printEigenValLine 1.74449e-07 6.02714e-15 1.553e-06 1847
printLogLine 0.000153657 6.32733e-08 0.00282008 1847
publishInMakeKeyframe 1.72889e-07 3.01396e-14 6.963e-06 1847
removeOutliers 0.000145332 5.43795e-09 0.00245741 1847
swapTrackingRef 4.20119e-07 3.19903e-13 1.6692e-05 1847
timeMeasurement 1.50163e-06 6.65175e-12 0.000110395 6695
traceNewCoarse 0.00331165 1.62474e-06 0.0144777 6627
zero 8.45576e-08 6.60269e-15 2.594e-06 6695
