1610026590.189599 26.101928 0.516661
1610026590.321599 26.396985 0.468132
1610026590.453600 26.941266 0.416589
1610026590.552600 27.077945 0.392224
1610026590.651600 27.188886 0.364366
1610026590.717600 27.278240 0.351671
1610026590.783600 27.328637 0.320665
1610026590.882601 27.526867 0.307243
1610026590.981601 27.742722 0.293808
1610026591.080601 27.833512 0.274809
1610026591.179601 27.811575 0.243977
1610026591.245602 27.852320 0.235101
1610026591.344602 28.079542 0.223347
1610026591.476602 28.293253 0.210999
1610026591.608602 28.497932 0.196800
1610026591.740603 28.685345 0.177178
1610026591.872603 28.884206 0.167449
1610026592.004603 29.080203 0.159838
1610026592.136604 29.260238 0.148467
1610026592.268604 29.153756 0.140623
1610026592.400604 29.032874 0.132636
1610026592.532605 28.989329 0.126301
1610026592.664605 28.935091 0.120750
1610026592.796605 29.061556 0.118022
1610026592.928606 29.147433 0.114177
1610026593.060606 29.168604 0.111727
1610026593.192606 29.281591 0.109210
1610026593.324607 29.313717 0.105820
1610026593.456607 29.312611 0.102931
1610026593.588607 29.319103 0.100115
1610026593.720608 29.361421 0.097676
1610026593.852608 29.366032 0.095275
1610026593.984608 29.335950 0.092542
1610026594.116609 29.375104 0.090209
1610026594.215609 29.372117 0.088600
1610026594.314609 29.251811 0.086449
1610026594.413609 29.202904 0.085130
1610026594.512609 29.202287 0.083179
1610026594.644610 29.262503 0.081403
1610026594.776610 29.299176 0.079941
1610026594.908611 29.322321 0.079146
1610026595.007611 29.288898 0.078456
1610026595.106611 29.286778 0.077881
1610026595.205611 29.275607 0.077051
1610026595.304611 29.224106 0.076013
1610026595.403612 29.222539 0.075019
1610026595.502612 29.184626 0.073298
1610026595.601612 29.193183 0.072045
1610026595.700612 29.194334 0.070928
1610026595.799613 29.164343 0.070123
1610026595.898613 29.103934 0.069650
1610026595.997613 29.105459 0.069305
1610026596.096613 29.119381 0.068428
1610026596.195614 29.117641 0.067805
1610026596.294614 29.125375 0.067380
1610026596.393614 29.146748 0.067137
1610026596.492615 29.156268 0.066591
1610026596.591614 29.161606 0.065756
1610026596.690615 29.196636 0.065350
1610026596.789615 29.220747 0.064829
1610026596.888615 29.171782 0.063723
1610026596.987616 29.102811 0.061045
1610026597.086616 29.105340 0.060424
1610026597.185616 29.128738 0.059913
1610026597.284616 29.206306 0.059939
1610026597.383616 29.273569 0.059839
1610026597.449617 29.288332 0.060059
1610026597.548617 29.259799 0.060025
1610026597.647617 29.252676 0.059764
1610026597.746617 29.260648 0.059348
1610026597.845618 29.255564 0.058966
1610026597.944618 29.243986 0.058606
1610026598.043618 29.235225 0.058145
1610026598.109618 29.234964 0.057770
1610026598.208618 29.238177 0.057581
1610026598.274619 29.199336 0.057011
1610026598.340619 29.196448 0.056436
1610026598.439619 29.188003 0.055343
1610026598.538619 29.209431 0.054851
1610026598.637619 29.190150 0.054429
1610026598.736620 29.160388 0.053782
1610026598.835620 29.196710 0.053781
1610026598.934620 29.243165 0.054232
1610026599.033621 29.217626 0.053794
1610026599.132621 29.181712 0.053193
1610026599.231621 29.140621 0.051917
1610026599.330621 29.113443 0.051051
1610026599.429621 29.096061 0.050484
1610026599.528622 29.102147 0.049947
1610026599.627622 29.130116 0.049357
1610026599.726622 29.148160 0.049032
1610026599.825623 29.101298 0.048555
1610026599.924623 29.071291 0.048028
1610026600.023623 29.108589 0.048381
1610026600.122623 29.117680 0.048170
1610026600.221623 29.122490 0.047902
1610026600.320624 29.146665 0.047643
1610026600.419624 29.136512 0.047172
1610026600.518624 29.119625 0.046619
1610026600.617624 29.125701 0.045654
1610026600.716625 29.118946 0.045223
1610026600.815625 29.128237 0.044778
1610026600.914625 29.102204 0.044032
1610026601.013625 29.094873 0.043391
1610026601.112626 29.109222 0.042645
1610026601.211626 29.033336 0.042719
1610026601.310626 29.039529 0.042111
1610026601.409626 29.023124 0.041176
1610026601.508626 29.019009 0.040283
1610026601.607627 29.028608 0.039828
1610026601.706627 29.017114 0.038941
1610026601.805627 29.008329 0.037739
1610026601.904628 28.923539 0.036620
1610026602.003628 28.899691 0.035902
1610026602.102628 28.878302 0.035340
1610026602.168628 28.819740 0.034572
1610026602.234628 28.784098 0.033814
1610026602.300628 28.787418 0.033594
1610026602.366629 28.755483 0.033216
1610026602.465629 28.734773 0.032662
1610026602.564629 28.792395 0.032585
1610026602.663629 28.815551 0.032327
1610026602.762630 28.806222 0.031933
1610026602.861630 28.704598 0.031573
1610026602.927630 28.709664 0.031364
1610026602.993630 28.676768 0.030919
1610026603.059630 28.645778 0.030953
1610026603.125630 28.658353 0.031062
1610026603.191631 28.646874 0.031071
1610026603.257631 28.634967 0.031038
1610026603.323631 28.622429 0.030903
1610026603.389631 28.610967 0.030806
1610026603.455631 28.592837 0.030666
1610026603.521631 28.565168 0.030543
1610026603.587632 28.522102 0.030437
1610026603.653632 28.507040 0.030373
1610026603.719632 28.477746 0.030255
1610026603.785632 28.470712 0.030136
1610026603.851632 28.462067 0.030007
1610026603.917633 28.460411 0.029941
1610026603.983633 28.472241 0.030207
1610026604.049633 28.491991 0.030195
1610026604.115633 28.508898 0.030080
1610026604.181633 28.508414 0.029953
1610026604.247633 28.498151 0.029949
1610026604.313633 28.486361 0.029986
1610026604.379634 28.461151 0.029994
1610026604.445634 28.428235 0.029947
1610026604.511634 28.418077 0.029823
1610026604.577634 28.407969 0.029786
1610026604.643634 28.411006 0.029695
1610026604.709634 28.382497 0.029329
1610026604.775635 28.377807 0.028897
1610026604.841635 28.357271 0.028864
1610026604.907635 28.341558 0.028890
1610026604.973635 28.359214 0.028797
1610026605.039635 28.360955 0.028686
1610026605.105635 28.388678 0.028510
1610026605.171635 28.381987 0.028443
1610026605.237636 28.389551 0.028257
1610026605.303636 28.370342 0.028019
1610026605.369636 28.369366 0.027812
1610026605.435636 28.349130 0.027730
1610026605.501636 28.315719 0.027667
1610026605.567636 28.310694 0.027565
1610026605.633637 28.342478 0.027412
1610026605.699637 28.304191 0.027251
1610026605.765637 28.304235 0.027218
1610026605.831637 28.287796 0.027273
1610026605.897637 28.287556 0.027200
1610026605.963637 28.284170 0.026894
1610026606.029638 28.269067 0.026688
1610026606.095638 28.265593 0.026458
1610026606.161638 28.271312 0.026527
1610026606.227638 28.277826 0.026531
1610026606.326638 28.290169 0.026521
1610026606.425638 28.296627 0.026243
1610026606.524639 28.340635 0.026287
1610026606.623639 28.302719 0.026299
1610026606.722639 28.299830 0.026270
1610026606.821640 28.271240 0.026166
1610026606.887640 28.266186 0.026154
1610026606.953640 28.286233 0.026113
1610026607.019640 28.288784 0.025927
1610026607.085640 28.290083 0.025883
1610026607.151640 28.273934 0.025763
1610026607.217640 28.264995 0.025742
1610026607.283641 28.282564 0.025809
1610026607.349641 28.296109 0.025773
1610026607.415641 28.295123 0.025756
1610026607.481641 28.300395 0.025665
1610026607.547641 28.317955 0.025610
1610026607.613642 28.313699 0.025351
1610026607.679641 28.312086 0.025469
1610026607.745642 28.317156 0.025526
1610026607.811642 28.322624 0.025578
1610026607.877642 28.326143 0.025517
1610026607.943642 28.328941 0.025512
1610026608.009642 28.331466 0.025459
1610026608.075643 28.326105 0.025144
1610026608.141643 28.324123 0.025320
1610026608.207643 28.331385 0.025283
1610026608.273643 28.330262 0.025270
1610026608.339643 28.334601 0.025271
1610026608.405643 28.339952 0.025250
1610026608.471643 28.338138 0.025251
1610026608.537643 28.351750 0.025274
1610026608.603644 28.345816 0.025281
1610026608.669644 28.338986 0.025265
1610026608.735644 28.330608 0.025214
1610026608.801644 28.332543 0.025196
1610026608.867644 28.357288 0.025176
1610026608.933645 28.358515 0.025132
1610026608.999645 28.378629 0.025100
1610026609.065645 28.385897 0.025084
1610026609.131645 28.374650 0.025038
1610026609.197645 28.364451 0.025061
1610026609.263645 28.365124 0.025068
1610026609.329646 28.372701 0.024999
1610026609.395646 28.376522 0.025073
1610026609.461646 28.382863 0.025037
1610026609.527646 28.396681 0.025027
1610026609.593646 28.387672 0.025053
1610026609.659647 28.399096 0.025073
1610026609.725646 28.402596 0.024988
1610026609.791647 28.403522 0.025016
1610026609.857647 28.396028 0.025001
1610026609.923647 28.393889 0.024937
1610026609.989647 28.400180 0.024961
1610026610.055647 28.417917 0.024836
1610026610.121647 28.423244 0.024734
1610026610.187648 28.438433 0.024864
1610026610.253648 28.449980 0.024760
1610026610.319648 28.433536 0.024769
1610026610.385648 28.440562 0.024798
1610026610.451648 28.442964 0.024747
1610026610.517648 28.451227 0.024800
1610026610.583648 28.464843 0.024516
1610026610.649649 28.464191 0.024676
1610026610.715649 28.477567 0.024659
1610026610.781649 28.485183 0.024688
1610026610.847649 28.488936 0.024601
1610026610.913649 28.499141 0.024629
1610026610.979650 28.526315 0.024673
1610026611.045650 28.512467 0.024560
1610026611.111650 28.519099 0.024656
1610026611.177650 28.522383 0.024593
1610026611.243650 28.526889 0.024500
1610026611.309650 28.529388 0.024394
1610026611.375651 28.522319 0.024548
1610026611.441651 28.528608 0.024520
1610026611.507651 28.531860 0.024578
1610026611.573651 28.512335 0.023712
1610026611.639651 28.509028 0.023437
1610026611.705652 28.517267 0.024073
1610026611.771652 28.516904 0.023925
1610026611.837652 28.506598 0.024273
1610026611.903652 28.517778 0.024429
1610026611.969652 28.542049 0.024321
1610026612.035652 28.541934 0.024441
1610026612.101652 28.544294 0.024413
1610026612.167652 28.544913 0.024293
1610026612.233653 28.532372 0.024215
1610026612.299653 28.522438 0.024124
1610026612.365653 28.523436 0.024213
1610026612.431653 28.519733 0.024253
1610026612.497653 28.552454 0.024326
1610026612.563653 28.550435 0.024289
1610026612.629653 28.560544 0.024198
1610026612.695654 28.558921 0.023991
1610026612.761654 28.550714 0.024196
1610026612.827654 28.541477 0.024170
1610026612.893654 28.547310 0.024242
1610026612.959654 28.559235 0.024232
1610026613.025655 28.567832 0.024096
1610026613.091655 28.559294 0.024196
1610026613.157655 28.563204 0.024171
1610026613.223655 28.566035 0.024164
1610026613.289655 28.574990 0.024179
1610026613.355655 28.577440 0.024146
1610026613.421656 28.581466 0.024167
1610026613.487656 28.583710 0.024005
1610026613.553656 28.580425 0.024011
1610026613.619656 28.591764 0.024035
1610026613.685656 28.603711 0.023979
1610026613.751656 28.612301 0.024099
1610026613.850657 28.601996 0.024129
1610026613.916657 28.594255 0.024099
1610026613.982657 28.593224 0.024095
1610026614.048657 28.587866 0.023954
1610026614.114657 28.593354 0.024077
1610026614.180657 28.603156 0.024047
1610026614.246658 28.609297 0.023912
1610026614.312658 28.612070 0.023982
1610026614.378658 28.603961 0.023998
1610026614.444658 28.603015 0.024045
1610026614.510658 28.618483 0.024012
1610026614.576658 28.615851 0.024080
1610026614.642658 28.612907 0.024078
1610026614.708659 28.615508 0.023989
1610026614.774659 28.615264 0.024033
1610026614.840659 28.604632 0.024027
1610026614.906659 28.616952 0.024031
1610026614.972659 28.616884 0.024053
1610026615.038659 28.625434 0.024022
1610026615.104660 28.632668 0.024023
1610026615.170660 28.657332 0.023999
1610026615.236660 28.662001 0.023901
1610026615.335660 28.652337 0.023927
1610026615.401660 28.649232 0.023700
1610026615.500660 28.652746 0.023883
1610026615.632661 28.663109 0.023845
1610026615.830661 28.659640 0.023856
1610026615.995662 28.657482 0.023838
1610026616.160662 28.653205 0.023666
1610026616.292663 28.667857 0.023581
1610026616.457663 28.650108 0.023803
1610026616.589663 28.661227 0.023717
1610026616.688663 28.658975 0.023710
1610026616.820664 28.672196 0.023715
1610026616.919664 28.670918 0.023688
1610026617.018664 28.670882 0.023671
1610026617.150664 28.665251 0.023590
1610026617.249665 28.670537 0.023481
1610026617.381665 28.672142 0.023511
1610026617.513665 28.664819 0.023477
1610026617.645666 28.650751 0.023370
1610026617.744666 28.608654 0.023325
1610026617.843666 28.618376 0.022967
1610026617.909666 28.639364 0.023165
1610026618.008667 28.660574 0.023112
1610026618.107667 28.677652 0.023112
1610026618.239667 28.692266 0.023129
1610026618.371667 28.698300 0.023158
1610026618.503668 28.703859 0.023147
1610026618.635668 28.705472 0.023099
1610026618.767668 28.691163 0.023007
1610026618.899669 28.708984 0.022914
1610026619.031669 28.696552 0.022876
1610026619.163670 28.708931 0.022825
1610026619.295670 28.712621 0.022832
1610026619.427670 28.726918 0.022827
1610026619.559670 28.708269 0.022783
1610026619.691671 28.706160 0.022513
1610026619.823671 28.712908 0.022605
1610026619.955671 28.705261 0.022601
1610026620.087672 28.680509 0.022612
1610026620.219672 28.677815 0.022575
1610026620.318672 28.685890 0.022558
1610026620.417672 28.686574 0.022504
1610026620.549673 28.696903 0.022510
1610026620.681673 28.701063 0.022404
1610026620.813673 28.673310 0.022409
1610026620.912674 28.686322 0.022338
1610026621.044674 28.688628 0.022314
1610026621.176674 28.704246 0.022186
1610026621.308675 28.750040 0.022281
1610026621.407675 28.731769 0.022220
1610026621.506675 28.743819 0.022348
1610026621.605675 28.754851 0.022296
1610026621.704676 28.742649 0.022291
1610026621.803676 28.759138 0.022179
1610026621.902676 28.757518 0.022231
1610026622.001676 28.766167 0.022207
1610026622.067676 28.788766 0.022219
1610026622.133677 28.791250 0.022248
1610026622.199677 28.795096 0.022100
1610026622.298677 28.808416 0.022063
1610026622.397677 28.814715 0.021977
1610026622.496678 28.815700 0.022167
1610026622.595678 28.823482 0.021738
1610026622.694678 28.807706 0.022077
1610026622.793678 28.777952 0.022019
1610026622.892679 28.758009 0.021991
1610026622.991679 28.742493 0.021983
1610026623.090679 28.739713 0.021608
1610026623.189679 28.765595 0.021250
1610026623.288679 28.758387 0.021816
1610026623.387680 28.748767 0.021729
1610026623.486680 28.770980 0.021682
1610026623.585680 28.768169 0.021617
1610026623.684680 28.767905 0.021534
1610026623.783681 28.773298 0.021527
1610026623.882681 28.780717 0.021560
1610026623.981681 28.785436 0.021591
1610026624.080682 28.775695 0.021508
1610026624.212682 28.789754 0.021417
1610026624.344682 28.770285 0.021031
1610026624.476682 28.750102 0.021148
1610026624.608683 28.742814 0.020935
1610026624.740683 28.751954 0.021161
1610026624.872683 28.770758 0.021214
1610026625.004684 28.776623 0.021067
1610026625.136684 28.774685 0.021084
1610026625.268684 28.786725 0.021009
1610026625.400685 28.789594 0.021030
1610026625.532685 28.802248 0.020899
1610026625.664685 28.817136 0.020699
1610026625.796685 28.802895 0.020968
1610026625.928686 28.799203 0.020908
1610026626.093686 28.810742 0.020874
1610026626.225687 28.811501 0.020889
1610026626.390687 28.817418 0.020823
1610026626.555687 28.822361 0.020297
1610026626.720688 28.834183 0.020421
1610026626.885688 28.821959 0.020447
1610026627.050689 28.799034 0.020714
1610026627.215689 28.800269 0.020664
1610026627.380689 28.809089 0.020716
1610026627.545690 28.793849 0.020495
1610026627.710690 28.784661 0.020575
1610026627.875691 28.782216 0.020652
1610026628.040691 28.781685 0.020675
1610026628.205691 28.793453 0.020674
1610026628.337692 28.799725 0.020251
1610026628.502692 28.807467 0.020301
1610026628.667693 28.812586 0.020523
1610026628.832693 28.814505 0.020641
1610026628.997694 28.809810 0.020593
1610026629.195694 28.804336 0.020674
1610026629.393694 28.812095 0.020555
1610026629.591695 28.819242 0.020613
1610026629.789695 28.827971 0.020640
1610026629.987696 28.834179 0.020585
1610026630.185696 28.842498 0.020664
1610026630.416697 28.840339 0.020560
1610026630.680698 28.848788 0.020637
1610026630.911698 28.828896 0.020652
1610026631.142699 28.828258 0.020669
1610026631.373699 28.832446 0.020629
1610026631.637700 28.835247 0.020646
1610026631.934700 28.850800 0.020622
1610026632.198701 28.861575 0.020597
1610026632.462702 28.865051 0.020599
1610026632.792703 28.874879 0.020636
1610026633.089703 28.884259 0.020597
1610026633.551705 28.904728 0.020585
1610026633.947706 28.911484 0.020479
1610026634.310706 28.923186 0.020530
1610026634.574707 28.932595 0.020499
1610026634.838708 28.941036 0.020516
1610026635.069708 28.946408 0.020511
1610026635.201709 28.949675 0.020487
1610026662.096774 28.947235 0.020209
1610026662.459775 28.951807 0.020184
1610026662.756775 28.952899 0.020454
1610026662.987776 28.953459 0.020464
1610026663.251777 28.952800 0.020356
1610026663.713778 28.952130 0.020337
1610026664.076779 28.948967 0.020258
1610026664.373780 28.935786 0.020031
1610026664.637780 28.926661 0.020081
1610026664.868781 28.926460 0.019989
1610026665.132781 28.923127 0.019900
1610026665.528782 28.920535 0.019792
1610026665.825783 28.922181 0.019706
1610026666.023783 28.917465 0.019431
1610026666.353784 28.900593 0.019467
1610026666.518785 28.898215 0.019380
1610026666.749785 28.896465 0.019368
1610026666.947786 28.896499 0.019317
1610026667.145786 28.894522 0.019339
1610026667.310786 28.891035 0.019398
1610026667.475787 28.897173 0.019407
1610026667.607787 28.900261 0.018970
1610026667.739788 28.903608 0.019035
1610026667.871788 28.897061 0.019204
1610026667.970788 28.900149 0.019231
1610026668.069788 28.909985 0.019165
1610026668.168789 28.903265 0.019248
1610026668.267789 28.903150 0.019163
1610026668.366789 28.905334 0.018990
1610026668.498789 28.900787 0.019223
1610026668.597790 28.901794 0.019059
1610026668.696790 28.902739 0.018834
1610026668.795790 28.902474 0.019017
1610026668.927791 28.906731 0.019056
1610026669.059791 28.904817 0.018879
1610026669.191791 28.902370 0.018929
1610026669.323791 28.903112 0.018989
1610026669.455792 28.905952 0.018656
1610026669.587792 28.903721 0.018663
1610026669.719792 28.902790 0.018904
1610026669.851793 28.902875 0.018972
1610026669.983793 28.908815 0.018430
1610026670.115793 28.903835 0.018853
1610026670.247794 28.900251 0.019022
1610026670.379794 28.903636 0.019027
1610026670.511794 28.910832 0.018916
1610026670.643795 28.912269 0.018883
1610026670.775795 28.912779 0.018908
1610026670.907795 28.914596 0.018891
1610026671.006795 28.914988 0.018131
1610026671.105796 28.916577 0.018854
1610026671.204796 28.917986 0.018754
1610026671.270796 28.918094 0.018649
1610026671.369796 28.917920 0.018659
1610026671.468797 28.915894 0.018716
1610026671.600797 28.914775 0.018883
1610026671.699797 28.915651 0.018751
1610026671.798798 28.916071 0.018828
1610026671.897798 28.916120 0.018748
1610026671.996798 28.916432 0.018693
1610026672.095798 28.916318 0.018485
1610026672.194798 28.914759 0.018793
1610026672.293799 28.914941 0.018725
1610026672.392799 28.916136 0.018726
1610026672.491799 28.916737 0.018813
1610026672.590799 28.917795 0.018419
1610026672.689800 28.918861 0.018481
1610026672.788800 28.918827 0.018691
1610026672.887800 28.918363 0.018606
1610026672.986800 28.919841 0.018791
1610026673.085801 28.919963 0.018386
1610026673.184801 28.921464 0.018728
1610026673.283801 28.921690 0.018669
1610026673.382801 28.922235 0.018727
1610026673.481802 28.922130 0.018252
1610026673.580802 28.921917 0.018485
1610026673.679802 28.921511 0.018823
1610026673.778802 28.922077 0.018841
1610026673.877803 28.923153 0.018472
1610026673.976803 28.924882 0.018816
1610026674.075803 28.924820 0.018856
1610026674.174803 28.925241 0.018386
1610026674.273803 28.925405 0.018808
1610026674.339804 28.925262 0.018780
1610026674.438804 28.925436 0.018705
1610026674.537804 28.925263 0.018856
1610026674.603804 28.925375 0.018868
1610026674.669805 28.925555 0.018834
1610026674.735805 28.926062 0.018632
1610026674.801805 28.926775 0.018661
1610026674.867805 28.926730 0.018741
1610026674.933805 28.926189 0.018849
1610026674.999805 28.926171 0.018870
1610026675.065806 28.925940 0.018796
1610026675.131806 28.926051 0.018840
1610026675.197806 28.925398 0.018867
1610026675.263806 28.925354 0.018876
1610026675.362806 28.924716 0.018868
1610026675.428806 28.925405 0.018411
1610026675.494807 28.924695 0.018835
1610026675.560807 28.924995 0.018751
1610026675.626807 28.925145 0.018735
1610026675.692807 28.924216 0.018339
1610026675.758807 28.924308 0.018598
1610026675.824807 28.924134 0.018788
1610026675.890808 28.924262 0.018717
1610026675.956808 28.925268 0.018027
1610026676.022808 28.924857 0.018605
1610026676.088808 28.924586 0.017709
1610026676.154808 28.923988 0.018789
1610026676.220808 28.923957 0.018817
1610026676.286808 28.925470 0.018644
1610026676.352809 28.926732 0.018599
1610026676.418809 28.926969 0.018627
1610026676.484809 28.927004 0.018405
1610026676.550809 28.926614 0.018810
1610026676.616809 28.926701 0.018149
1610026676.682809 28.927557 0.018679
1610026676.748810 28.927735 0.018768
1610026676.814810 28.926813 0.018442
1610026676.880810 28.927172 0.018856
1610026676.946810 28.927096 0.018630
1610026677.012810 28.926568 0.018841
1610026677.078810 28.926293 0.018835
1610026677.144810 28.926632 0.018068
1610026677.210811 28.926541 0.018363
1610026677.276811 28.925978 0.018370
1610026677.342811 28.925567 0.018595
1610026677.408811 28.926042 0.018746
1610026677.474811 28.927154 0.018722
1610026677.540812 28.927193 0.018817
1610026677.606812 28.927245 0.018737
1610026677.672812 28.926721 0.018692
1610026677.738812 28.927074 0.018609
1610026677.804812 28.927516 0.018776
1610026677.870812 28.928240 0.018522
1610026677.936813 28.927291 0.018475
1610026678.002813 28.927119 0.018718
1610026678.068813 28.927446 0.018270
1610026678.134813 28.927527 0.017046
1610026678.200813 28.926750 0.017783
1610026678.266813 28.926733 0.018768
1610026678.332813 28.927856 0.018486
1610026678.398813 28.929096 0.018796
1610026678.464814 28.929804 0.018218
1610026678.530814 28.929049 0.018812
1610026678.596814 28.928893 0.018594
1610026678.662814 28.929394 0.018754
1610026678.728814 28.929617 0.018805
1610026678.794814 28.930803 0.018322
1610026678.860815 28.930926 0.018782
1610026678.926815 28.930877 0.018838
1610026678.992815 28.930914 0.018782
1610026679.058815 28.931151 0.018640
1610026679.124815 28.930817 0.018550
1610026679.190815 28.930785 0.018822
1610026679.256816 28.931339 0.018742
1610026679.322816 28.931503 0.018815
1610026679.388816 28.931930 0.018840
1610026679.454816 28.932042 0.018457
1610026679.520816 28.931781 0.018410
1610026679.586817 28.931005 0.018196
1610026679.652817 28.930705 0.018783
1610026679.718817 28.931603 0.018329
1610026679.784817 28.932050 0.018403
1610026679.850817 28.932471 0.018745
1610026679.916817 28.932829 0.017833
1610026679.982818 28.932759 0.018560
1610026680.048818 28.932529 0.018804
1610026680.114818 28.933095 0.018840
1610026680.180818 28.933083 0.018780
1610026680.246818 28.933459 0.018734
1610026680.312818 28.933322 0.018803
1610026680.378818 28.933783 0.018682
1610026680.444818 28.933629 0.018795
1610026680.510819 28.933791 0.018624
1610026680.576819 28.933925 0.018756
1610026680.642819 28.934537 0.018145
1610026680.708819 28.934004 0.018022
1610026680.774819 28.933736 0.018638
1610026680.840819 28.934902 0.018475
1610026680.906820 28.935985 0.018696
1610026680.972820 28.935142 0.018725
1610026681.038820 28.934941 0.018766
1610026681.104820 28.935088 0.018673
1610026681.170820 28.934958 0.018767
1610026681.236820 28.934880 0.018642
1610026681.302821 28.935550 0.018551
1610026681.368821 28.935346 0.018578
1610026681.434821 28.935632 0.018530
1610026681.500821 28.935821 0.018489
1610026681.566821 28.936811 0.018352
1610026681.632822 28.936138 0.018477
1610026681.698822 28.935298 0.018836
1610026681.764822 28.935441 0.018695
1610026681.830822 28.935979 0.018695
1610026681.896822 28.936537 0.018746
1610026681.962822 28.936336 0.018793
1610026682.028822 28.936094 0.018336
1610026682.094823 28.936533 0.018588
1610026682.160823 28.936515 0.018503
1610026682.226823 28.936983 0.018827
1610026682.292823 28.937755 0.018680
1610026682.358823 28.938357 0.018624
1610026682.424823 28.937483 0.017578
1610026682.490824 28.937214 0.018752
1610026682.556823 28.937437 0.018448
1610026682.622824 28.937833 0.018576
1610026682.688824 28.938829 0.018790
1610026682.754824 28.939318 0.018842
1610026682.820824 28.939288 0.018805
1610026682.886824 28.939284 0.018607
1610026682.952825 28.939573 0.018719
1610026683.018825 28.939207 0.018702
1610026683.084825 28.939705 0.017672
1610026683.150825 28.939296 0.018390
1610026683.216825 28.939449 0.018031
1610026683.282825 28.940082 0.018451
1610026683.348826 28.940029 0.018482
1610026683.414826 28.940146 0.018753
1610026683.480826 28.940893 0.018693
1610026683.546826 28.941244 0.018198
1610026683.612826 28.940651 0.018820
1610026683.678827 28.941189 0.017985
1610026683.744827 28.941075 0.018727
1610026683.810827 28.941168 0.017835
1610026683.876827 28.941377 0.018691
1610026683.942827 28.941756 0.018625
1610026684.008827 28.941345 0.018755
1610026684.074827 28.941292 0.018053
1610026684.140828 28.941391 0.018201
1610026684.206828 28.941464 0.018642
1610026684.272828 28.941801 0.018626
1610026684.338828 28.941842 0.018709
1610026684.404828 28.942696 0.018724
1610026684.470828 28.942671 0.018559
1610026684.536829 28.942469 0.017287
1610026684.602829 28.942484 0.016551
1610026684.668829 28.940399 0.017969
1610026684.734829 28.941156 0.017534
1610026684.800829 28.941411 0.018393
1610026684.866829 28.942174 0.016303
1610026684.932829 28.941141 0.018188
1610026684.998830 28.941383 0.018615
1610026685.064830 28.942560 0.017452
1610026685.130830 28.943385 0.018580
1610026685.196830 28.942894 0.018517
1610026685.262830 28.943860 0.018645
1610026685.328830 28.943798 0.017593
1610026685.394831 28.943635 0.017165
1610026685.460831 28.943073 0.016459
1610026685.526831 28.943910 0.017083
1610026685.592831 28.942201 0.018536
1610026685.658831 28.943260 0.018794
1610026685.724832 28.943802 0.018742
1610026685.790832 28.943468 0.018363
1610026685.856832 28.943519 0.017179
1610026685.922832 28.942668 0.018563
1610026685.988832 28.943605 0.018399
1610026686.054832 28.944256 0.018562
1610026686.120832 28.944493 0.018686
1610026686.186832 28.945692 0.018484
1610026686.252833 28.945621 0.018510
1610026686.318833 28.945618 0.018288
1610026686.384833 28.946117 0.017805
1610026686.450833 28.946389 0.016328
1610026686.516833 28.945477 0.017780
1610026686.582833 28.946018 0.017679
1610026686.648834 28.946635 0.017183
1610026686.714834 28.947283 0.018624
1610026686.780834 28.947544 0.018756
1610026686.846834 28.946370 0.018564
1610026686.912834 28.947448 0.018678
1610026686.978834 28.947081 0.018271
1610026687.077835 28.947914 0.018709
1610026687.176835 28.947904 0.018791
1610026687.275835 28.948467 0.018200
1610026687.374835 28.950407 0.018526
1610026687.473835 28.951568 0.018490
1610026687.572836 28.951819 0.018563
1610026687.671836 28.951371 0.017460
1610026687.770836 28.948001 0.018374
1610026687.869837 28.947753 0.018748
1610026687.935837 28.948613 0.018761
1610026688.034837 28.949288 0.018553
1610026688.133837 28.949271 0.018656
1610026688.232837 28.949397 0.018716
1610026688.331838 28.947374 0.018747
1610026688.430838 28.947613 0.018533
1610026688.529838 28.949173 0.018774
1610026688.628838 28.950103 0.018593
1610026688.727839 28.951790 0.018692
1610026688.826839 28.954105 0.018764
1610026688.958839 28.955903 0.018489
1610026689.090840 28.955734 0.018599
1610026689.255840 28.954894 0.018584
1610026689.420841 28.956411 0.018054
1610026689.585841 28.953835 0.018414
1610026689.717841 28.953667 0.017718
1610026689.816841 28.954625 0.016741
1610026689.915842 28.954121 0.018350
1610026690.014842 28.954353 0.017502
1610026690.113842 28.954353 0.017806
1610026690.179842 28.953991 0.018422
1610026690.245842 28.955230 0.017973
1610026690.344842 28.955405 0.018698
1610026690.443843 28.956555 0.018597
1610026690.542843 28.957328 0.018638
1610026690.641844 28.957648 0.018627
1610026690.740844 28.957174 0.018625
1610026690.839844 28.956761 0.018512
1610026690.938844 28.956449 0.018679
1610026691.037844 28.957216 0.018595
1610026691.136845 28.958115 0.018519
1610026691.235845 28.958438 0.018673
1610026691.367845 28.958145 0.018740
1610026691.466846 28.957956 0.018094
1610026691.565845 28.957214 0.018423
1610026691.664846 28.957092 0.018242
1610026691.763846 28.957696 0.018488
1610026691.862846 28.957807 0.018451
1610026691.961847 28.957926 0.018688
1610026692.060847 28.958112 0.018440
1610026692.126847 28.958245 0.018679
1610026692.192847 28.958771 0.018611
1610026692.258847 28.958494 0.018712
1610026692.324847 28.958267 0.018735
1610026692.390847 28.957905 0.018747
1610026692.456848 28.958580 0.018718
1610026692.522848 28.958305 0.018703
1610026692.588848 28.959208 0.018675
1610026692.654848 28.958900 0.018582
1610026692.720848 28.958827 0.018510
1610026692.786849 28.959719 0.018463
1610026692.852849 28.959603 0.018679
1610026692.918849 28.959863 0.018085
1610026692.984849 28.960795 0.017750
1610026693.050849 28.960878 0.018233
1610026693.116849 28.960994 0.018082
1610026693.182850 28.960480 0.018550
1610026693.248850 28.959517 0.018189
1610026693.314850 28.959933 0.018098
1610026693.380850 28.960855 0.016669
1610026693.446850 28.962296 0.018713
1610026693.512851 28.962333 0.017292
1610026693.578851 28.960931 0.018528
1610026693.644851 28.961469 0.018448
1610026693.710851 28.960865 0.018531
1610026693.776851 28.961354 0.018405
1610026693.842851 28.960972 0.018469
1610026693.908851 28.960458 0.018125
1610026693.974851 28.959879 0.017801
1610026694.040852 28.958712 0.018621
1610026694.106852 28.958855 0.017196
1610026694.172852 28.960021 0.018479
1610026694.238852 28.959736 0.017843
1610026694.304852 28.961146 0.018741
1610026694.370852 28.961750 0.018635
1610026694.436852 28.960780 0.018631
1610026694.502853 28.960911 0.018744
1610026694.568853 28.962566 0.017733
1610026694.634853 28.959821 0.018662
1610026694.700853 28.959710 0.018684
1610026694.766853 28.960049 0.018608
1610026694.832854 28.958735 0.018558
1610026694.898854 28.958127 0.018306
1610026694.964854 28.958694 0.018488
1610026695.030854 28.957257 0.017999
1610026695.096854 28.960458 0.016792
1610026695.162854 28.957486 0.017367
1610026695.228854 28.955578 0.017311
1610026695.294855 28.955216 0.018464
1610026695.360855 28.958036 0.018441
1610026695.426855 28.959632 0.018171
1610026695.492855 28.959616 0.018696
1610026695.558856 28.959379 0.018231
1610026695.624856 28.959406 0.018321
1610026695.690856 28.958023 0.017969
1610026695.756856 28.956783 0.018232
1610026695.822856 28.955929 0.018180
1610026695.888856 28.959121 0.015663
1610026695.954856 28.954323 0.018688
1610026696.020856 28.955039 0.018130
1610026696.086856 28.956355 0.016553
1610026696.152857 28.953862 0.016774
1610026696.218857 28.950233 0.018103
1610026696.284857 28.951423 0.017593
1610026696.350857 28.948063 0.017489
1610026696.416857 28.950033 0.017451
1610026696.482857 28.949480 0.017378
1610026696.581858 28.949671 0.018163
1610026696.680858 28.950285 0.018078
1610026696.746859 28.951779 0.018428
1610026696.812859 28.952372 0.015020
1610026696.878859 28.952164 0.018438
1610026696.944859 28.950671 0.018696
1610026697.010859 28.952249 0.018680
1610026697.076859 28.952489 0.018497
1610026697.142859 28.951694 0.017884
1610026697.208860 28.949749 0.018660
1610026697.274860 28.949308 0.018722
1610026697.340860 28.950531 0.017215
1610026697.406860 28.948946 0.018679
1610026697.472860 28.948672 0.018522
1610026697.538860 28.950067 0.018683
1610026697.604860 28.949652 0.018493
1610026697.670861 28.949645 0.018722
1610026697.736861 28.950383 0.018630
1610026697.802861 28.951654 0.015687
1610026697.868861 28.948039 0.015479
1610026697.934861 28.942579 0.017523
1610026698.000861 28.944734 0.017302
1610026698.066862 28.945998 0.017425
1610026698.132862 28.948004 0.015677
1610026698.198862 28.944931 0.017616
1610026698.264862 28.944555 0.018075
1610026698.330862 28.945569 0.018463
1610026698.396863 28.948635 0.017600
1610026698.462862 28.947902 0.017406
1610026698.528863 28.948146 0.014532
1610026698.594863 28.942122 0.016083
1610026698.660863 28.939324 0.017023
1610026698.726863 28.936379 0.017394
1610026698.792863 28.943474 0.017162
1610026698.858864 28.941103 0.016426
1610026698.924864 28.942585 0.016931
1610026698.990864 28.943185 0.018125
1610026699.056864 28.943978 0.017801
1610026699.122864 28.944411 0.017953
1610026699.188864 28.947169 0.016636
1610026699.254865 28.945335 0.017538
1610026699.320865 28.943753 0.018031
1610026699.386865 28.945158 0.017474
1610026699.452865 28.943571 0.018307
1610026699.518865 28.945472 0.018532
1610026699.584865 28.945034 0.018220
1610026699.650865 28.945701 0.018104
1610026699.716866 28.945879 0.017693
1610026699.782866 28.945987 0.018337
1610026699.848866 28.945288 0.018700
1610026699.914866 28.948739 0.017274
1610026699.980866 28.947561 0.018272
1610026700.046866 28.947389 0.018519
1610026700.112867 28.947591 0.018449
1610026700.178867 28.947682 0.018674
1610026700.244867 28.948413 0.017843
1610026700.310867 28.946695 0.018422
1610026700.376867 28.948114 0.017931
1610026700.442868 28.947944 0.017163
1610026700.508868 28.946025 0.017965
1610026700.574868 28.945985 0.018559
1610026700.640868 28.947953 0.018279
1610026700.706868 28.947583 0.017974
1610026700.772868 28.945793 0.018542
1610026700.871868 28.947382 0.018467
1610026700.937869 28.949994 0.016656
1610026701.003869 28.947839 0.017850
1610026701.069869 28.947364 0.017855
1610026701.135869 28.946973 0.018649
1610026701.201869 28.947069 0.018113
1610026701.300869 28.946554 0.018144
1610026701.399870 28.946628 0.018652
1610026701.531870 28.947051 0.018166
1610026701.663871 28.946980 0.018515
1610026701.795871 28.948768 0.018529
1610026701.927871 28.950328 0.018525
1610026702.026871 28.949385 0.018660
1610026702.125872 28.948784 0.018690
1610026702.224872 28.947820 0.018492
1610026702.323872 28.948563 0.018609
1610026702.455872 28.948737 0.018628
1610026702.587873 28.949697 0.018621
1610026702.719873 28.951033 0.018064
1610026702.851873 28.950132 0.018521
1610026702.950874 28.949517 0.018078
1610026703.049874 28.950224 0.018258
1610026703.148874 28.950193 0.018226
1610026703.247874 28.951150 0.018672
1610026703.346874 28.950845 0.018594
1610026703.445875 28.950491 0.018420
1610026703.544875 28.949905 0.017794
1610026703.643875 28.949488 0.018285
1610026703.742875 28.949838 0.018552
1610026703.808876 28.950131 0.017870
1610026703.874876 28.949728 0.018626
1610026703.940876 28.950627 0.018191
1610026704.006876 28.952071 0.017924
1610026704.072876 28.951424 0.018689
1610026704.138876 28.951505 0.018388
1610026704.237877 28.953161 0.018319
1610026704.303877 28.953694 0.016420
1610026704.402877 28.950227 0.018052
1610026704.468877 28.951065 0.018085
1610026704.534878 28.953934 0.018529
1610026704.600878 28.954183 0.018555
1610026704.666878 28.954517 0.017838
1610026704.732878 28.953021 0.018631
1610026704.798878 28.953423 0.018584
1610026704.864878 28.955635 0.018006
1610026704.930878 28.955108 0.018617
1610026704.996879 28.956231 0.018437
1610026705.062879 28.954236 0.018183
1610026705.128879 28.954532 0.018112
1610026705.194879 28.956671 0.017251
1610026705.260879 28.954704 0.018417
1610026705.326879 28.953705 0.017766
1610026705.392879 28.952534 0.018398
1610026705.458880 28.953384 0.018492
1610026705.524880 28.955775 0.018603
1610026705.590880 28.954988 0.018381
1610026705.656880 28.954058 0.018300
1610026705.722880 28.950959 0.017940
1610026705.788880 28.955599 0.018583
1610026705.854881 28.952547 0.017780
1610026705.920881 28.950968 0.018525
1610026705.986881 28.949926 0.018558
1610026706.052881 28.947924 0.018631
1610026706.118881 28.949737 0.018489
1610026706.184881 28.946666 0.018509
1610026706.250881 28.941536 0.018587
1610026706.316882 28.940202 0.018145
1610026706.382882 28.943992 0.018416
1610026706.448882 28.948276 0.018273
1610026706.514882 28.946271 0.018363
1610026706.580883 28.942824 0.018568
1610026706.646883 28.946491 0.015170
1610026706.712883 28.946351 0.016110
1610026706.778883 28.944002 0.017478
1610026706.844883 28.947031 0.018317
1610026706.910883 28.946975 0.017972
1610026706.976883 28.945689 0.018649
1610026707.042884 28.946773 0.018174
1610026707.108884 28.945430 0.017908
1610026707.174884 28.945261 0.018509
1610026707.240884 28.949384 0.018514
1610026707.306884 28.948427 0.018450
1610026707.372884 28.950454 0.018482
1610026707.438884 28.951538 0.018163
1610026707.504885 28.951835 0.017963
1610026707.570885 28.952313 0.018492
1610026707.636885 28.950523 0.017554
1610026707.702885 28.949694 0.017634
1610026707.768885 28.949985 0.018367
1610026707.834885 28.950371 0.017558
1610026707.900886 28.954519 0.018537
1610026707.966886 28.952593 0.018466
1610026708.032886 28.951869 0.018171
1610026708.098886 28.953685 0.018095
1610026708.164886 28.953278 0.018023
1610026708.230886 28.952014 0.017297
1610026708.296886 28.952866 0.017597
1610026708.362887 28.954770 0.017456
1610026708.428887 28.955102 0.018484
1610026708.494887 28.956298 0.018227
1610026708.560887 28.955792 0.018295
1610026708.626887 28.956221 0.018398
1610026708.692888 28.953309 0.017947
1610026708.758888 28.952334 0.017762
1610026708.824888 28.954184 0.018248
1610026708.890888 28.953254 0.016892
1610026708.956888 28.953241 0.017637
1610026709.022888 28.951975 0.017827
1610026709.088889 28.951593 0.017398
1610026709.154889 28.950974 0.018344
1610026709.220889 28.949801 0.018304
1610026709.286889 28.952763 0.017854
1610026709.352889 28.951317 0.018492
1610026709.418889 28.952196 0.017876
1610026709.484889 28.951009 0.018405
1610026709.550890 28.950189 0.017922
1610026709.616890 28.947401 0.018359
1610026709.682890 28.946458 0.018376
1610026709.748890 28.946690 0.018501
1610026709.814890 28.945221 0.018470
1610026709.880890 28.945425 0.018574
1610026709.979891 28.945567 0.018471
1610026710.078891 28.944605 0.018559
1610026710.177891 28.944449 0.017677
1610026710.276891 28.943323 0.017911
1610026710.342891 28.944989 0.018557
1610026710.408892 28.943394 0.018372
1610026710.507892 28.944975 0.018025
1610026710.606892 28.943266 0.018514
1610026710.705892 28.940765 0.018513
1610026710.804893 28.938541 0.017926
1610026710.903893 28.937502 0.017786
1610026711.002893 28.938728 0.017250
1610026711.101893 28.937923 0.017060
1610026711.167893 28.936395 0.016644
1610026711.233894 28.934978 0.017792
1610026711.299894 28.935248 0.018343
1610026711.365894 28.937376 0.017904
1610026711.431894 28.937710 0.018523
1610026711.497894 28.935059 0.015733
1610026711.563895 28.932977 0.018584
1610026711.629895 28.937091 0.018476
1610026711.695895 28.938219 0.018478
1610026711.761895 28.937450 0.017113
1610026711.827895 28.938678 0.017495
1610026711.893895 28.936909 0.017695
1610026711.959896 28.937919 0.017209
1610026712.025896 28.938704 0.015925
1610026712.091896 28.937754 0.018334
1610026712.157896 28.937176 0.018291
1610026712.223896 28.941553 0.018464
1610026712.289896 28.941710 0.018433
1610026712.355896 28.943149 0.018527
1610026712.421897 28.941951 0.018203
1610026712.487897 28.938955 0.016204
1610026712.553897 28.941543 0.016335
1610026712.619897 28.942578 0.017992
1610026712.685897 28.937619 0.017209
1610026712.751897 28.937780 0.018062
1610026712.850898 28.938902 0.016701
1610026712.949898 28.934888 0.018305
1610026713.048898 28.934856 0.017687
1610026713.114898 28.938872 0.015500
1610026713.180899 28.943314 0.016566
1610026713.246899 28.945129 0.017453
1610026713.312899 28.943620 0.017409
1610026713.378899 28.944681 0.018466
1610026713.444899 28.940441 0.018150
1610026713.510899 28.935198 0.018243
1610026713.576899 28.931742 0.018390
1610026713.642900 28.933196 0.018400
1610026713.708900 28.938754 0.018333
1610026713.774900 28.939161 0.018358
1610026713.840900 28.938486 0.017160
1610026713.939900 28.944018 0.018468
1610026714.038900 28.941217 0.018056
1610026714.137901 28.934130 0.018203
1610026714.236901 28.933382 0.018131
1610026714.302901 28.929565 0.018255
1610026714.368901 28.928561 0.018332
1610026714.434901 28.932491 0.018210
1610026714.500902 28.927517 0.018417
1610026714.566902 28.926283 0.017674
1610026714.632902 28.922830 0.018523
1610026714.731902 28.936019 0.017814
1610026714.830903 28.932199 0.017951
1610026714.896903 28.931392 0.018274
1610026714.995903 28.931347 0.018274
1610026715.094903 28.926482 0.018258
1610026715.193903 28.927043 0.017078
1610026715.292904 28.925369 0.018175
1610026715.358904 28.923494 0.018022
1610026715.424904 28.926502 0.017731
1610026715.523904 28.928127 0.018038
1610026715.589904 28.931333 0.018124
1610026715.688905 28.928133 0.017670
1610026715.787905 28.929574 0.018193
1610026715.886905 28.931846 0.016494
1610026715.985905 28.928118 0.018101
1610026716.084905 28.929262 0.018134
1610026716.183906 28.928055 0.018195
1610026716.282906 28.931157 0.018408
1610026716.381906 28.932354 0.018408
1610026716.480906 28.931476 0.018068
1610026716.579906 28.930024 0.017963
1610026716.678907 28.926520 0.018400
1610026716.777907 28.922078 0.018132
1610026716.876908 28.912930 0.017916
1610026716.942908 28.916998 0.018290
1610026717.008908 28.919633 0.018164
1610026717.074908 28.917055 0.018507
1610026717.140908 28.920022 0.018501
1610026717.206908 28.919362 0.018088
1610026717.272908 28.916648 0.018133
1610026717.338908 28.915760 0.018105
1610026717.404909 28.919352 0.017472
1610026717.470909 28.917082 0.017549
1610026717.569909 28.916691 0.018016
1610026717.668909 28.912530 0.017974
1610026717.767910 28.911183 0.017944
1610026717.866910 28.912801 0.018073
1610026717.965910 28.910799 0.017450
1610026718.064910 28.910985 0.018120
1610026718.163911 28.908532 0.018398
1610026718.262911 28.905977 0.018177
1610026718.361911 28.909389 0.018206
1610026718.460911 28.911524 0.018388
1610026718.559911 28.906839 0.017930
1610026718.658912 28.899515 0.018374
1610026718.757912 28.895435 0.018334
1610026718.856912 28.892220 0.017065
1610026718.922913 28.892755 0.018463
1610026719.021913 28.895357 0.017988
1610026719.120913 28.902913 0.017915
1610026719.219913 28.899878 0.018478
1610026719.318913 28.902223 0.018405
1610026719.417914 28.897221 0.018309
1610026719.516914 28.896271 0.018405
1610026719.615914 28.891270 0.018390
1610026719.714914 28.890567 0.017832
1610026719.813915 28.884599 0.017908
1610026719.912915 28.885853 0.018329
1610026720.011915 28.896061 0.017840
1610026720.110915 28.881935 0.018389
1610026720.209915 28.878892 0.018426
1610026720.308916 28.881256 0.018388
1610026720.407916 28.875966 0.018257
1610026720.506916 28.878488 0.018315
1610026720.605917 28.877857 0.018185
1610026720.704917 28.881679 0.018468
1610026720.803917 28.877264 0.018141
1610026720.902917 28.870749 0.016968
1610026721.001917 28.866393 0.018363
1610026721.100918 28.869162 0.017897
1610026721.199918 28.860305 0.018099
1610026721.298918 28.859970 0.018432
1610026721.397918 28.858241 0.018411
1610026721.496918 28.858775 0.017861
1610026721.595919 28.854214 0.018185
1610026721.694919 28.851572 0.018276
1610026721.793920 28.845342 0.018154
1610026721.892920 28.856883 0.018364
1610026721.991920 28.853044 0.018425
1610026722.090920 28.850813 0.018271
1610026722.189920 28.845480 0.018002
1610026722.288921 28.842954 0.018221
1610026722.387921 28.840193 0.018407
1610026722.486921 28.830521 0.018348
1610026722.585921 28.831461 0.018305
1610026722.684922 28.826923 0.018336
1610026722.783922 28.833741 0.017886
1610026722.882922 28.835946 0.018272
1610026722.981922 28.846998 0.018029
1610026723.080923 28.845946 0.018254
1610026723.179923 28.848767 0.018012
1610026723.278923 28.850453 0.017955
1610026723.410923 28.859637 0.018156
1610026723.542923 28.857619 0.017933
1610026723.674924 28.862053 0.018261
1610026723.806924 28.858423 0.018233
1610026723.971925 28.858091 0.018146
1610026724.169925 28.872337 0.018373
1610026724.334926 28.879710 0.017709
1610026724.499926 28.890103 0.018348
1610026724.631926 28.895350 0.018266
1610026724.796927 28.899559 0.017888
1610026724.961927 28.909307 0.018140
1610026725.126927 28.905989 0.017678
1610026725.258928 28.913952 0.018377
1610026725.390928 28.923638 0.017857
1610026725.522928 28.925358 0.018224
1610026725.654929 28.929570 0.018365
1610026725.885929 28.937191 0.018344
1610026726.248930 28.942680 0.018319
1610026726.578931 28.951227 0.018361
1610026726.809932 28.954340 0.018306
1610026727.040932 28.960511 0.018084
1610026727.271933 28.962851 0.018372
1610026727.469933 28.963771 0.018361
1610026727.667934 28.963993 0.018350
1610026727.865934 28.965188 0.018356
1610026728.030935 28.967721 0.017977
1610026728.360935 28.966743 0.018311
1610026728.657936 28.966903 0.018207
1610026728.954937 28.965317 0.018324
1610026729.218937 28.964812 0.018320
1610026729.515938 28.966319 0.018336
1610026729.779939 28.965286 0.018274
1610026730.208940 28.964232 0.018329
1610026730.736941 28.964112 0.018289
1610026739.844963 28.961728 0.018333
1610026740.933966 28.962271 0.018262
1610026741.395967 28.964227 0.018279
1610026741.725968 28.965185 0.018142
1610026742.022969 28.964860 0.018080
1610026742.550970 28.971902 0.018053
1610026743.078971 28.977661 0.018031
1610026743.507972 28.981610 0.017793
1610026743.837973 28.986760 0.017953
1610026744.134974 28.995662 0.016248
1610026744.398974 28.999189 0.017887
1610026744.629975 29.006403 0.017204
1610026744.860976 29.008898 0.017434
1610026745.091976 29.007228 0.017687
1610026745.322977 29.015043 0.017669
1610026745.586977 29.014939 0.016162
1610026745.850978 29.020744 0.016063
1610026746.081978 29.021256 0.016100
1610026746.312979 29.024174 0.016290
1610026746.510980 29.025314 0.016918
1610026746.708980 29.027480 0.016267
1610026746.906980 29.028633 0.016327
1610026747.071981 29.032334 0.016505
1610026747.236981 29.032226 0.015702
1610026747.401982 29.033099 0.015723
1610026747.566982 29.033324 0.015523
1610026747.731983 29.033479 0.015784
1610026747.863983 29.031232 0.013542
1610026747.995983 29.034098 0.014326
1610026748.127983 29.034015 0.014666
1610026748.259984 29.027381 0.012567
1610026748.358984 29.027070 0.014115
1610026748.457984 29.026890 0.012618
1610026748.556984 29.028899 0.013362
1610026748.655985 29.029148 0.013678
1610026748.787985 29.029527 0.013146
1610026748.886985 29.029656 0.013968
1610026748.985986 29.028131 0.013931
1610026749.084985 29.027483 0.013944
1610026749.183986 29.026064 0.013653
1610026749.282986 29.026481 0.013557
1610026749.381987 29.025641 0.014005
1610026749.480987 29.024583 0.013844
1610026749.579987 29.024508 0.013798
1610026749.678987 29.023594 0.013932
1610026749.777987 29.022487 0.013724
1610026749.876988 29.021962 0.013730
1610026749.975988 29.021435 0.012948
1610026750.074988 29.022143 0.013684
1610026750.173988 29.022988 0.013265
1610026750.272989 29.024464 0.013549
1610026750.371989 29.025452 0.013589
1610026750.470989 29.024725 0.013435
1610026750.569989 29.023687 0.013263
1610026750.668990 29.024589 0.013283
1610026750.767990 29.025050 0.013385
1610026750.866990 29.026121 0.013352
1610026750.965990 29.026415 0.013263
1610026751.064991 29.025341 0.013206
1610026751.163991 29.025441 0.013139
1610026751.262991 29.025148 0.012743
1610026751.361991 29.024218 0.013080
1610026751.460991 29.023897 0.013026
1610026751.559992 29.021856 0.012818
1610026751.658992 29.022904 0.012835
1610026751.790993 29.021563 0.012619
1610026751.889993 29.021779 0.012722
1610026751.988993 29.020914 0.012564
1610026752.087993 29.021156 0.012664
1610026752.186993 29.020461 0.012504
1610026752.285994 29.019747 0.012561
1610026752.384994 29.020486 0.012492
1610026752.483994 29.020496 0.012435
1610026752.582994 29.021537 0.012345
1610026752.681995 29.021634 0.012095
1610026752.780995 29.020253 0.011806
1610026752.879995 29.019243 0.012235
1610026752.978996 29.018746 0.012205
1610026753.077996 29.019004 0.012191
1610026753.176996 29.019661 0.011915
1610026753.275996 29.019937 0.012064
1610026753.374996 29.019620 0.012126
1610026753.473997 29.019603 0.011921
1610026753.572997 29.018738 0.012032
1610026753.671997 29.017940 0.012037
1610026753.770998 29.017957 0.012032
1610026753.869998 29.018424 0.011955
1610026753.968998 29.018907 0.011992
1610026754.067998 29.018761 0.011931
1610026754.166998 29.018296 0.011823
1610026754.232998 29.018520 0.011931
1610026754.298999 29.018430 0.011835
1610026754.364999 29.018315 0.011897
1610026754.430999 29.018456 0.011890
1610026754.529999 29.019072 0.011374
1610026754.628999 29.018575 0.011834
1610026754.728000 29.019111 0.011715
1610026754.827000 29.019473 0.011782
1610026754.926000 29.019281 0.011793
1610026754.992000 29.018552 0.011621
1610026755.058000 29.018698 0.011738
1610026755.124001 29.018549 0.011746
1610026755.190001 29.018270 0.011629
1610026755.256001 29.018707 0.011735
1610026755.322001 29.019274 0.011750
1610026755.421001 29.018840 0.011738
1610026755.520002 29.018446 0.011724
1610026755.586002 29.018870 0.011468
1610026755.652002 29.019345 0.011327
1610026755.718002 29.018482 0.011695
1610026755.784002 29.018120 0.011725
1610026755.850003 29.017842 0.011633
1610026755.916003 29.018786 0.011644
1610026755.982003 29.018205 0.011576
1610026756.081003 29.017493 0.011338
1610026756.147003 29.016457 0.011597
1610026756.213003 29.016493 0.011636
1610026756.312004 29.017331 0.011623
1610026756.378004 29.017520 0.011589
1610026756.477004 29.017604 0.011633
1610026756.576004 29.016906 0.011512
1610026756.675004 29.016966 0.011631
1610026756.774005 29.017136 0.011486
1610026756.840005 29.017007 0.011621
1610026756.906005 29.017952 0.011606
1610026756.972005 29.017742 0.011333
1610026757.038005 29.018269 0.011600
1610026757.104005 29.018269 0.011638
1610026757.203006 29.017215 0.011603
1610026757.269006 29.017003 0.011621
1610026757.368006 29.017173 0.011575
1610026757.467006 29.017102 0.011573
1610026757.566006 29.016780 0.011557
1610026757.632007 29.016643 0.011604
1610026757.698007 29.016702 0.011585
1610026757.764007 29.016409 0.011557
1610026757.830007 29.015584 0.011568
1610026757.896008 29.015804 0.011569
1610026757.995008 29.016355 0.011591
1610026758.061008 29.016684 0.011559
1610026758.127008 29.016743 0.011557
1610026758.193008 29.017234 0.011553
1610026758.259008 29.016914 0.011471
1610026758.325008 29.017636 0.011497
1610026758.391009 29.017776 0.011452
1610026758.457009 29.017829 0.011564
1610026758.523009 29.017309 0.011354
1610026758.589009 29.017034 0.011536
1610026758.655009 29.016817 0.011510
1610026758.721009 29.016548 0.011467
1610026758.820010 29.016715 0.011541
1610026758.886010 29.016392 0.011557
1610026758.952010 29.015986 0.011489
1610026759.018010 29.016083 0.011498
1610026759.084010 29.016997 0.011565
1610026759.150010 29.016481 0.011514
1610026759.216011 29.016279 0.011468
1610026759.315011 29.016514 0.011508
1610026759.381011 29.016591 0.011415
1610026759.480011 29.016563 0.011540
1610026759.546011 29.015945 0.011297
1610026759.645012 29.016095 0.011334
1610026759.711012 29.015148 0.011315
1610026759.777012 29.014390 0.011475
1610026759.843012 29.014635 0.011357
1610026759.909012 29.015802 0.011504
1610026759.975013 29.017181 0.011550
1610026760.074013 29.016248 0.011472
1610026760.140013 29.016665 0.011404
1610026760.206013 29.016335 0.011471
1610026760.272013 29.015913 0.011538
1610026760.338013 29.016550 0.011520
1610026760.404014 29.016833 0.011545
1610026760.470014 29.017658 0.011515
1610026760.536014 29.017691 0.011439
1610026760.602014 29.016975 0.011536
1610026760.668014 29.018009 0.011463
1610026760.767015 29.018010 0.011126
1610026760.866015 29.017938 0.011527
1610026760.965015 29.017635 0.011537
1610026761.064015 29.017374 0.010973
1610026761.163015 29.017999 0.011518
1610026761.262016 29.017470 0.011438
1610026761.361016 29.017840 0.011520
1610026761.460016 29.017282 0.011407
1610026761.559016 29.017355 0.011526
1610026761.625017 29.017527 0.011355
1610026761.691017 29.017780 0.011472
1610026761.757017 29.018266 0.011493
1610026761.823017 29.019055 0.011382
1610026761.889017 29.018223 0.011477
1610026761.955017 29.017403 0.011511
1610026762.021018 29.017772 0.011423
1610026762.087018 29.017664 0.011324
1610026762.153018 29.016697 0.011346
1610026762.219018 29.016689 0.011444
1610026762.285018 29.017286 0.011511
1610026762.351018 29.018900 0.011510
1610026762.417018 29.018989 0.011263
1610026762.516019 29.019094 0.011469
1610026762.582019 29.019311 0.011353
1610026762.681019 29.019444 0.011422
1610026762.780019 29.019503 0.011212
1610026762.879019 29.019930 0.011437
1610026762.978020 29.019789 0.011257
1610026763.077020 29.019998 0.011512
1610026763.176020 29.020038 0.011459
1610026763.242020 29.020125 0.011499
1610026763.308021 29.019700 0.011378
1610026763.374021 29.019692 0.011393
1610026763.440021 29.018829 0.011316
1610026763.506021 29.017635 0.011344
1610026763.572021 29.018198 0.011349
1610026763.671021 29.018088 0.011468
1610026763.770022 29.017934 0.011400
1610026763.869022 29.017520 0.011397
1610026763.968022 29.017503 0.011508
1610026764.034022 29.017842 0.011404
1610026764.100023 29.017257 0.011467
1610026764.166023 29.016396 0.011401
1610026764.232023 29.015954 0.011313
1610026764.298023 29.016365 0.011408
1610026764.397023 29.016305 0.011232
1610026764.496024 29.016222 0.011432
1610026764.562024 29.015891 0.011372
1610026764.628024 29.016112 0.011115
1610026764.694024 29.017837 0.011359
1610026764.760024 29.017831 0.011318
1610026764.826024 29.016733 0.011351
1610026764.892025 29.018038 0.011257
1610026764.958025 29.017076 0.011311
1610026765.024025 29.016878 0.011355
1610026765.090025 29.017657 0.011448
1610026765.156025 29.017161 0.011376
1610026765.222025 29.017000 0.011453
1610026765.288025 29.016869 0.011309
1610026765.354026 29.016593 0.011485
1610026765.420026 29.015788 0.010780
1610026765.486026 29.016500 0.011486
1610026765.552026 29.017204 0.011263
1610026765.651026 29.015945 0.010945
1610026765.750026 29.016584 0.011437
1610026765.849027 29.017094 0.011429
1610026765.915027 29.016010 0.011439
1610026765.981027 29.015790 0.011387
1610026766.080027 29.015283 0.011415
1610026766.179028 29.015507 0.011490
1610026766.245028 29.015182 0.011448
1610026766.311028 29.015764 0.011016
1610026766.410028 29.015977 0.011406
1610026766.476028 29.015668 0.011338
1610026766.575028 29.015134 0.011437
1610026766.641029 29.015161 0.011360
1610026766.740029 29.015007 0.011461
1610026766.839029 29.015322 0.011495
1610026766.938029 29.014503 0.011199
1610026767.004030 29.014530 0.011489
1610026767.103030 29.014498 0.011452
1610026767.169030 29.014082 0.011427
1610026767.235030 29.015014 0.011478
1610026767.301030 29.015928 0.011476
1610026767.367031 29.014782 0.010834
1610026767.433031 29.015131 0.011477
1610026767.499031 29.014676 0.011412
1610026767.565031 29.014532 0.011395
1610026767.631031 29.014601 0.011427
1610026767.697031 29.014806 0.011465
1610026767.763031 29.014794 0.011309
1610026767.829032 29.015748 0.010942
1610026767.895032 29.015784 0.011488
1610026767.961032 29.016136 0.011283
1610026768.027032 29.016328 0.011456
1610026768.093032 29.016028 0.011478
1610026768.159032 29.016524 0.011473
1610026768.225032 29.016588 0.011479
1610026768.291033 29.016525 0.011477
1610026768.390033 29.016204 0.011422
1610026768.456033 29.015642 0.011466
1610026768.555033 29.015782 0.011454
1610026768.621033 29.015257 0.011152
1610026768.687034 29.015799 0.011178
1610026768.753034 29.015633 0.011377
1610026768.819034 29.016152 0.011414
1610026768.885034 29.015578 0.011394
1610026768.951034 29.015199 0.011470
1610026769.017035 29.015015 0.011451
1610026769.083035 29.015420 0.011458
1610026769.182035 29.015408 0.011485
1610026769.281035 29.016342 0.011384
1610026769.347035 29.016615 0.011257
1610026769.413036 29.016256 0.011378
1610026769.479036 29.016012 0.011312
1610026769.545036 29.016930 0.011460
1610026769.611036 29.017897 0.011470
1610026769.677036 29.016789 0.011425
1610026769.743036 29.015973 0.010990
1610026769.809036 29.017081 0.011383
1610026769.875036 29.016509 0.011418
1610026769.941037 29.015838 0.011318
1610026770.007037 29.014750 0.011147
1610026770.073037 29.016355 0.011208
1610026770.139037 29.016845 0.011468
1610026770.205037 29.015613 0.011444
1610026770.271037 29.015928 0.011465
1610026770.337038 29.015393 0.010990
1610026770.403038 29.014966 0.011343
1610026770.469038 29.015995 0.011418
1610026770.535038 29.015559 0.011446
1610026770.601038 29.015262 0.011469
1610026770.667038 29.015375 0.011475
1610026770.733039 29.016277 0.011484
1610026770.799039 29.017002 0.011313
1610026770.865039 29.018160 0.011301
1610026770.931039 29.018485 0.011458
1610026770.997039 29.017281 0.011477
1610026771.063040 29.017726 0.011138
1610026771.129040 29.018234 0.011168
1610026771.195040 29.017885 0.011374
1610026771.261040 29.017723 0.011447
1610026771.327040 29.018415 0.011206
1610026771.393040 29.018657 0.011477
1610026771.459040 29.018969 0.011392
1610026771.525041 29.018965 0.011407
1610026771.591041 29.018639 0.011464
1610026771.657041 29.019069 0.011388
1610026771.723041 29.018658 0.011440
1610026771.789041 29.018551 0.011361
1610026771.855041 29.018035 0.011462
1610026771.921041 29.018241 0.011435
1610026771.987042 29.019008 0.011243
1610026772.053042 29.018402 0.011220
1610026772.119042 29.018316 0.011309
1610026772.185042 29.018651 0.011321
1610026772.251042 29.018438 0.011411
1610026772.317042 29.018400 0.011480
1610026772.383043 29.019984 0.011158
1610026772.449043 29.017516 0.010766
1610026772.515043 29.017601 0.011078
1610026772.581043 29.017069 0.011306
1610026772.647043 29.019007 0.011240
1610026772.713043 29.018247 0.011391
1610026772.779044 29.019831 0.011114
1610026772.845044 29.019295 0.011462
1610026772.911044 29.019630 0.011408
1610026772.977044 29.019981 0.011453
1610026773.043044 29.019171 0.011453
1610026773.109045 29.019405 0.011462
1610026773.208045 29.019171 0.011398
1610026773.307045 29.018833 0.011435
1610026773.406045 29.018849 0.011342
1610026773.505045 29.019778 0.011487
1610026773.604046 29.021808 0.011461
1610026773.703046 29.020654 0.011421
1610026773.769046 29.019939 0.011374
1610026773.835046 29.021629 0.010734
1610026773.901046 29.021797 0.011440
1610026774.000046 29.022346 0.011347
1610026774.099047 29.021906 0.011431
