DelayedMarginalization 0.00150723 1.16498e-06 0.0101621 1584
DelayedMarginalizationOnly 0.000719839 5.85957e-07 0.00746166 1584
EF-marginalizeFrame 0.00188472 1.25277e-06 0.0110347 1584
FullSystem::trackNewCoarse 0.00514018 1.29843e-05 0.0314133 5568
FullSystem::trackNewCoarseNoIMU 0.0020672 1.51735e-06 0.00809394 111
FullSystemOptimize 0.1494 0.000352294 0.215594 1590
GraphUnrolling 0.00983013 3.10509e-05 0.0216657 7
IMUInitAddPose 3.568e-05 2.38656e-09 0.00103334 1590
IMUInitOptimize 0.0400554 0.000225206 0.0652244 20
IMUIntegration::finishKeyframeOperations 5.03023e-05 1.46759e-09 0.000920553 1565
InitializerFirstFrame 0.0314927 -nan 0.0314927 1
InitializerOtherFrames 0.0852661 0.000610145 0.110217 12
MainMarginalization 0.00170768 1.18709e-06 0.0104151 1584
MarginalizationReplacementBuildGraph 0.00157942 2.24552e-06 0.0042006 5
MarginalizationReplacementReplaceGraph 0.0125752 4.02163e-05 0.021776 4
MarginalizeMainGraph 0.000785565 4.02502e-07 0.00788192 1584
PGBA 0.0884701 0.00315924 0.153226 3
PGBAFull 0.0351864 0.00314156 0.156739 8
PrepareGraphForMainOptimization 0.00991784 3.10124e-05 0.0217361 7
VisualMarginalization 3.07198e-05 4.52617e-09 0.00140275 1584
activatePointsMT 0.00439476 4.32e-06 0.0194718 1590
addActiveFrame 0.0587094 0.00596845 0.345035 5692
addIMUData 0.00100862 1.18149e-06 0.0170696 5568
addIMUDataToBA 0.000107215 8.78377e-09 0.00188415 5691
addKeyframeToBA 5.19278e-05 2.6983e-10 0.000254691 1590
afterCoarseTracking 3.95357e-07 1.12414e-10 0.000799195 5679
baIteration 0.0242231 3.49871e-05 0.0572154 9185
baMatrixInversion 0.000172015 1.00047e-08 0.0025644 9185
baUpdateBuildHessians 0.000603956 3.02995e-07 0.00951054 9185
coarseTrackingIteration 0.000589562 8.76836e-07 0.00966644 37241
computeBAUpdate 0.000880316 3.26899e-07 0.009872 9185
computeCoarseUpdate 0.000326422 5.49798e-07 0.00806161 36430
computeFactorForCoarseGraphAndMarginalCovariances 0.0023061 6.6653e-07 0.0117107 1565
convertHAndBFromDSO 0.000104856 3.02366e-09 0.00210106 15508
debugPlot 8.39786e-08 4.16876e-15 9.52e-07 1590
debugPlotIDepthMap 4.04425e-07 3.22345e-14 3.807e-06 1590
debugPlotIDepthMapFloat 3.39182e-08 4.37579e-16 3.61e-07 1590
deliverTrackedFrame 0.0510541 0.00594886 0.341191 5680
flagFramesForMarginalization 2.01188e-06 9.66073e-13 2.6332e-05 1590
fullCoarseTracking 0.00650924 2.06803e-05 0.0676405 5679
initObjectsAndMakeImage 0.0010751 5.53074e-08 0.00396687 5692
makeKeyframe 0.173454 0.000394219 0.341183 1590
makeKeyframeChangeTrackingRef 0.0018852 8.08014e-08 0.00420505 1590
makeNewTraces 0.00352553 1.85012e-07 0.00636132 1590
makeNonKeyframe 0.00336014 4.1e-06 0.0088312 4090
marginalizeAndRemovePoints 0.00324891 8.58918e-07 0.00727084 1590
marginalizeFrame 0.00358717 1.59178e-06 0.0136421 1584
marginalizeFrameOverhead 0.00169827 2.00501e-07 0.00455234 1584
marginalizeFrames 0.00358886 1.63976e-06 0.013665 1590
newFrameAndNewResidualsForOldPoints 0.00102946 6.06986e-08 0.00386304 1590
printBiases 1.32563e-05 5.4348e-09 0.00254731 1590
printEigenValLine 1.45374e-07 1.65378e-15 8.22e-07 1590
printLogLine 0.000144476 6.8343e-08 0.00312913 1590
publishInMakeKeyframe 1.64815e-07 1.33638e-13 1.4406e-05 1590
removeOutliers 0.000149871 2.48778e-09 0.000733 1590
swapTrackingRef 0.000171338 9.13095e-08 0.00416549 1590
timeMeasurement 1.95819e-06 8.36235e-11 0.000662326 5692
traceNewCoarse 0.00329735 3.08888e-06 0.00881438 5680
updateBAValues 1.16814e-05 1.27645e-10 0.000970779 15611
zero 2.95233e-07 7.62801e-11 0.00065903 5692
