1748445087.318 6.71598037258053e-05 6.34364729698023e-05 6.82602723892645e-05 2.61543825943455e-05 -6.49770072239098e-05 -3.1460763462045e-05 0.999999997052079
1748445088.0514 -0.0694102460716605 -0.0463638553431031 0.071935426030206 -0.00202027984860131 0.00323119116223554 0.00142399050221836 0.999991725027791
1748445088.11817 -0.0709308188096614 -0.0508970881965392 0.0806782222225279 0.00179706050360118 0.00312328161786686 0.00149377142430459 0.999992392137267
1748445088.25129 -0.0749911765015191 -0.0574784695205757 0.0966155685092224 -0.00511426022835532 0.00510975931651634 0.00167124745923118 0.999972470438049
1748445088.31796 -0.0737026382035904 -0.0584335828038458 0.102298592011758 -0.00537539109758828 0.00407550662467997 0.00180963006912304 0.999975610030221
1748445088.45129 -0.0764521422578693 -0.0636554656114553 0.109757726099455 -0.00596977098139956 0.00176347059424135 0.000985016980663249 0.999980140676524
1748445088.51796 -0.0794698955813963 -0.0675826401663103 0.118486238512811 -0.00581525617579565 0.00201105121425874 0.000941723702534137 0.999980625624863
1748445088.65128 -0.0795690553815926 -0.0710638997818297 0.128852345592538 -0.00834570996667844 0.00166415720084766 0.00025571643499042 0.999963756500738
1748445088.71797 -0.07966104998909 -0.0724761313607835 0.130391208718133 -0.00704421431936719 0.000960809186252528 0.000257665534325133 0.999974694429216
1748445088.85128 -0.0797767043628241 -0.073916543849425 0.134050412837941 -0.00683602668921296 -0.000173109301073371 0.000304241228794005 0.999976572830358
1748445088.91811 -0.0802522526400323 -0.0750149764863959 0.138099360804934 -0.0060259583092187 0.000160310880404278 0.000153700922399606 0.999981819086179
1748445089.05156 -0.08009712503122 -0.0776969367660946 0.142498639206552 -0.00591470329895039 -0.00079610628647231 0.000199567093200041 0.999982171177387
1748445089.11804 -0.0830407946052974 -0.0808060407873766 0.151102670516 -0.0040843471701702 0.000345159066660241 0.000304370692923223 0.999991553130272
1748445089.2514 -0.0850264648888886 -0.0848960740898481 0.159926196773499 -0.00342889224623494 -0.000350952662338447 0.00058484175361851 0.999993888726484
1748445089.31817 -0.0866246374963391 -0.0869562589373432 0.164605737735598 -0.00441216038330428 0.00058349260384233 0.000664431117822262 0.999989875402958
1748445089.45146 -0.0862241353426499 -0.0880198020630578 0.169028515245695 -0.00282887155204259 0.000353307891684767 -0.000284343485009247 0.999995895895607
1748445089.51814 -0.08567168590154 -0.0900274603195278 0.173646557810258 -0.0030652797642699 -0.000377274170749421 -0.000239742988495009 0.999995202112223
1748445089.65125 -0.0842416347523147 -0.0906552004168814 0.177585847467316 -0.00349124585356281 -0.00160377983190576 -0.0012051566419786 0.999991893312195
1748445089.71792 -0.0835760918268207 -0.0917728456608693 0.180561877488208 -0.00253170582698969 -0.00158990486723055 -0.00172744646906101 0.999994039280643
1748445089.85136 -0.0826025657570315 -0.0924109907505997 0.182883362165421 -0.000949526993535344 -0.00321178183840015 -0.00256063233540907 0.999991112969487
1748445089.91805 -0.0821887901853996 -0.0939944460541771 0.184145354898207 -0.00157216147785044 -0.00387830259616078 -0.00251128544356741 0.999988090190419
1748445090.05125 -0.0803076134090018 -0.0953201885632683 0.188258832743765 0.000248930819160831 -0.0062426177421233 -0.00314508409227594 0.999975537802413
1748445090.11791 -0.0810642966036401 -0.0968046088980862 0.192462819734746 -0.00081010787711272 -0.00625096155342687 -0.0031890416395842 0.999975049297884
1748445090.25938 -0.0798299793433694 -0.0991083366217689 0.198640684838237 0.00326253907743196 -0.00836821762532134 -0.00452963110090292 0.999949404327356
1748445090.31821 -0.0834231092243341 -0.101416853298379 0.203071833813452 0.00201821216239367 -0.00791365925082011 -0.00388911181574456 0.999959086976169
1748445090.45124 -0.0795784999306414 -0.101736498368399 0.206019205062019 0.000731953253506446 -0.00891649193197655 -0.00465761517484752 0.999949132224707
1748445090.51811 -0.0772854696405943 -0.101473958952714 0.206806084205185 0.00134452191673623 -0.0101534517433752 -0.0058515232862639 0.999930427256687
1748445090.65124 -0.0715218255603884 -0.101215054795923 0.211559901266964 0.00340665200098683 -0.0156953308954215 -0.00841837102143644 0.999835577652432
1748445090.71806 -0.0712193294089761 -0.103355744831972 0.218172267469175 0.00126049453008104 -0.01605570192708 -0.00786864122064493 0.999839342131779
1748445090.85147 -0.0764884689557686 -0.107680851172126 0.223416576366527 -0.00217387330286428 -0.0134514437449742 -0.00763740709638357 0.999877994031713
1748445090.9179 -0.0797853666513892 -0.111445850358725 0.230656636428776 -0.000489422561261998 -0.0127147497783085 -0.00745286367054308 0.999891269302188
1748445091.05123 -0.0827054323215068 -0.115310398318265 0.238957208009116 0.000844231034584864 -0.0135899603921139 -0.00709817480891208 0.99988210113237
1748445091.11797 -0.0809993455676455 -0.115894947637876 0.242964308433692 0.00350446206768379 -0.0136139491568458 -0.00668471269716352 0.999878839535135
1748445091.2513 -0.0781640574691348 -0.117083932813889 0.246511789680357 0.00562210182358047 -0.0129825664922567 -0.00685672501504827 0.99987640749266
1748445091.3179 -0.0777601450220204 -0.118707296969706 0.251144304801085 0.00788599053473305 -0.0121417415856635 -0.006027701503982 0.999877020477585
1748445091.45167 -0.0779358223332957 -0.120584088260033 0.256518187937673 0.00473434566361403 -0.0112930331569132 -0.005079463677493 0.999912122349761
1748445091.51811 -0.0712592503741735 -0.118438327740924 0.252990288850477 0.00541169203773739 -0.0140559468567164 -0.00662084808753344 0.999864644998438
1748445091.65145 -0.067629359111814 -0.118223510390167 0.253930595059342 0.00391197573124813 -0.0177377276437018 -0.00766379727428926 0.999805648951462
1748445091.71802 -0.0636692205445716 -0.117520256900491 0.249446430231412 0.00337978579178644 -0.0195939615974772 -0.00858385355075328 0.999765458082613
1748445091.8512 -0.057835804651529 -0.12036854449305 0.243577105518954 0.0016064352794577 -0.0207183443131226 -0.00758776520149009 0.999755267749994
1748445091.91786 -0.0582097199031949 -0.1199992121284 0.250059868063351 0.00537603814044246 -0.0178421771690571 -0.00593719820785137 0.999808734011271
1748445092.05134 -0.0474625417231107 -0.117683420317651 0.250149457669155 0.00447309233387239 -0.0170388454709301 -0.00574347866531049 0.999828326085439
1748445092.11801 -0.0457763062212822 -0.118319985427285 0.253533904802606 0.00547655568029265 -0.0163053823807611 -0.00536963377939281 0.999837641258006
1748445092.25135 -0.0459618875167067 -0.121378467369431 0.26327170798243 0.0052085207732333 -0.0159061752979741 -0.0055613943377348 0.999844455798883
1748445092.31813 -0.0471858936198469 -0.123565020668061 0.268272586062391 0.00430064165690369 -0.0152707130984229 -0.00524457945402505 0.99986039234943
1748445092.45141 -0.0416725619446113 -0.124993382300991 0.272634078286426 0.00774272430165546 -0.0172866845830415 -0.00495567463071291 0.999808312650715
1748445092.51846 -0.0411795051405259 -0.128007026201501 0.27692639756774 0.00764510371711441 -0.0165655108457544 -0.00415617372299985 0.999824915902559
1748445092.6512 -0.0395036349780496 -0.132681732849291 0.280674011501954 0.00995309302437619 -0.0173409093087757 -0.00360611830945314 0.999793591054839
1748445092.71804 -0.034730569647926 -0.1350331309584 0.284948594557518 0.0120108787658738 -0.018029194486283 -0.00284420351689015 0.999761270225948
1748445092.8513 -0.0239837274367422 -0.134976268994472 0.289937212252666 0.0156386116301058 -0.0187267683686346 -0.00263615745794156 0.999698850977937
1748445092.91808 -0.0243733615533404 -0.135864643972997 0.285957466919099 0.0159865043920211 -0.0189985728351166 -0.0017188504750448 0.999690217747777
1748445093.05129 -0.0132172882986981 -0.131507935298192 0.28089996271367 0.0186920276111267 -0.0210228829107778 -0.00361433172393732 0.99959771063368
1748445093.11798 -0.00804720747661772 -0.129243219861049 0.282154970467954 0.0204132218153876 -0.0216324277874196 -0.00451903028650599 0.999547355960891
1748445093.25135 -0.00396093849213761 -0.13797351223498 0.289174692343585 0.0187984764793302 -0.0199705599901661 -0.00322707664221348 0.999618617269647
1748445093.31799 -0.00478431391452681 -0.140735535125285 0.296932799592231 0.0174820654525517 -0.0183904428182299 -0.00243025647239656 0.999675078640025
1748445093.4513 -0.00221588291876661 -0.14723530908468 0.309261444956488 0.017727690104118 -0.016659870539691 -0.00120653520933514 0.999703316984575
1748445093.51794 -0.00303256697713429 -0.149145709367133 0.313809570715265 0.0162859035134226 -0.0157585392647655 -0.000659275012332431 0.999742968539139
1748445093.65127 0.00192415013312842 -0.15287784696203 0.325500867944439 0.0138302774137475 -0.0136224280597611 0.000339572930784798 0.999811501019387
1748445093.71792 0.010114469454714 -0.154036915868844 0.33168094947273 0.0151610074994815 -0.0140343639598371 0.000195153855092587 0.999786548416619
1748445093.85129 0.0114887156952973 -0.160563423142997 0.348861789731505 0.00893264074547023 -0.0117578040846466 0.00211011287705594 0.999888748509586
1748445093.91797 0.0115783300453021 -0.163062355680791 0.355904210193032 0.00776173182484435 -0.0113641894723875 0.00245481887670207 0.999902287516634
1748445094.05125 0.0166680850909517 -0.167720663462841 0.367354087727857 0.00956005987992703 -0.011787232013795 0.00209556904223458 0.999882630615681
1748445094.118 0.0236937689668989 -0.169376922519541 0.370022974929438 0.00996131143376877 -0.0138629655153787 0.00144518640835226 0.99985324017972
1748445094.25129 0.0302940371554641 -0.173224726527513 0.380632270412533 0.00903977804737188 -0.0155147786233248 0.00099951533222213 0.999838274435533
1748445094.31829 0.025140845316694 -0.177308613568563 0.394818674357631 0.00843781637004015 -0.0122072368828392 0.00162418065622787 0.999888568121362
1748445094.45134 0.0284701347751318 -0.181982967217687 0.407195466847647 0.00839851947305021 -0.013871348951772 0.000972008620010763 0.99986804416791
1748445094.51799 0.0296328017111731 -0.184194621129101 0.412829756523216 0.00786010081157285 -0.0149756700716178 0.00111138816979857 0.999856346150523
1748445094.65126 0.0332481423124553 -0.189215988303514 0.425488217769741 0.0128927722700485 -0.0144786752257104 0.00161745114381813 0.999810746210851
1748445094.71793 0.0337585061848404 -0.191753938131708 0.433117162607033 0.0131897595649919 -0.014616171236846 0.00181958950927717 0.999804524332137
1748445094.85124 0.0293036292412844 -0.195468543723278 0.444520482684496 0.0082662417339533 -0.0153752339603044 0.0020472372632458 0.999845528193155
1748445094.91794 0.0393000100066192 -0.199664017955253 0.454932462183596 0.0106833243340729 -0.0173896391555746 0.00154008730556119 0.999790525641398
1748445095.05124 0.0427994733281006 -0.205307491131163 0.469467839952854 0.00953554222950864 -0.0191091847007227 0.00140938171602058 0.999770936833854
1748445095.18457 0.0481627141986923 -0.211055131563936 0.486237750190705 0.0115260074890313 -0.0208256759647614 0.00046545673938346 0.99971657269548
1748445095.25123 0.0494800069135582 -0.213553613767118 0.493556887365326 0.010700410037851 -0.0221664423582384 5.65166980260844e-05 0.999697027535875
1748445095.31793 0.0515005772698707 -0.216342526176286 0.500435009742583 0.0124236963997103 -0.0239810981767727 -0.000224731976067059 0.999635187552711
1748445095.45108 0.054911032262967 -0.221889814858392 0.514859442305397 0.0123367680942544 -0.0275683818834382 -0.00133802793599092 0.999542894604609
1748445095.51786 0.0560171529438447 -0.224355780782192 0.52267548503686 0.0097398337940916 -0.0283899854866253 -0.00229876278021744 0.999546827342978
1748445095.652 0.0576004488451007 -0.230830879927299 0.536130751690961 0.00984824156757802 -0.0288325468107259 -0.00381532093580658 0.999528458678687
1748445095.71793 0.0586211692384981 -0.233215814708263 0.543149379950304 0.00816939557696306 -0.0313083098067869 -0.00448793761133206 0.999466312153114
1748445095.85126 0.0609533486571173 -0.237788745465611 0.555850894577872 0.00804873551868579 -0.0384338245424838 -0.00655524463019607 0.999207229635288
1748445095.91789 0.0619237687395233 -0.240140418835247 0.561877218453337 0.0078676961253894 -0.0407676854990712 -0.00749233536095617 0.999109583623121
1748445096.0512 0.0625022642957388 -0.244136337554086 0.573649421885294 0.00586051679053978 -0.0435984057130631 -0.00921367738517339 0.998989460160251
1748445096.1846 0.0607914792352648 -0.248858516214459 0.586696230391074 0.00805080493933741 -0.0471852699659649 -0.0100225196274697 0.998803426074613
1748445096.2512 0.0613546581719547 -0.250936003300426 0.59211510838483 0.00930093231641427 -0.0503324671527428 -0.0109523252957594 0.998629151376515
1748445096.38453 0.0623531704203661 -0.254944992607226 0.60380964240622 0.00649193061281533 -0.0552517613068887 -0.0129970525912834 0.998366753419476
1748445096.45126 0.0626408264090854 -0.257310313653295 0.609639261926618 0.00729247872313099 -0.0575160152353133 -0.0139280143144414 0.998220786280661
1748445096.58452 0.0633988685533863 -0.261927345209238 0.621773522748327 0.00909391610411997 -0.0644359556753281 -0.0157422287594421 0.997756228013528
1748445096.6512 0.0637917108060607 -0.265002079931806 0.631150125960815 0.00747982815259973 -0.0676425130644393 -0.0166312307627239 0.997542953842316
1748445096.71786 0.0641414447367828 -0.26729666758834 0.637462099714768 0.00807999014446859 -0.0707289679807319 -0.0174638374663206 0.997309952436351
1748445096.85141 0.0643694346214825 -0.271701056992092 0.650156179840287 0.00884148381374822 -0.0779148251810333 -0.020376572959411 0.996712548057568
1748445096.98459 0.0642300181237119 -0.276537169121926 0.662868918556119 0.0111265749424032 -0.0863679894318969 -0.0239876911375553 0.995912325661969
1748445097.05146 0.0602204052437758 -0.278616590572466 0.668205867249712 0.0104342192943964 -0.0887815545727059 -0.0254326101820508 0.995671705420365
1748445097.18459 0.0595502201113282 -0.283254903621609 0.682199695649202 0.00842193645949357 -0.0970409880924362 -0.028527286994958 0.994835821386134
1748445097.2513 0.0593666822904084 -0.285819702666844 0.68917295399449 0.00903108158374877 -0.10143719642053 -0.02977062683912 0.994355391459903
1748445097.38434 0.0573681357590039 -0.290813114467939 0.70363174019562 0.00994404876879035 -0.109565477526309 -0.0323415833555078 0.993403515201438
1748445097.45116 0.0567166147096872 -0.293299814208601 0.711019776134056 0.00965821084471125 -0.113533219151324 -0.0340321005366962 0.992904196408433
1748445097.5845 0.0553996073938152 -0.298475560616888 0.725909878060605 0.0100984494890265 -0.120797402968612 -0.0361346203217478 0.991967891601416
1748445097.65114 0.0545067433559082 -0.301165001576033 0.733521257707911 0.0106704007484634 -0.125254087769883 -0.0375223524789779 0.991357467873847
1748445097.78451 0.0521386327970255 -0.3062201197591 0.749184894605722 0.0091041718265808 -0.135040148440775 -0.0404399608253531 0.989972667265561
1748445097.85116 0.0509831636228855 -0.309046527158436 0.757020049279884 0.0101984930113834 -0.139849703444852 -0.0417506559397752 0.989239573569154
1748445097.91788 0.049737152173215 -0.311729822683443 0.765229149839065 0.00919644772012945 -0.144905796252838 -0.0432181067812744 0.988458360684912
1748445098.05117 0.0464555963254923 -0.317079362807044 0.781147657754835 0.00752338245767537 -0.154837424146479 -0.0469823880742806 0.986793507280483
1748445098.18454 0.0429741990280984 -0.322722826139707 0.79741857891773 0.00718620509097989 -0.165029875305319 -0.050619177479215 0.98496253613243
1748445098.2512 0.0408409434249083 -0.325453868659097 0.805619672829727 0.00696707199520696 -0.170236339935106 -0.0524030056541392 0.983984234361367
1748445098.31781 0.0375371774926099 -0.33035418232329 0.819059426962975 0.00669523390201254 -0.174214363337346 -0.0533215320569609 0.98324022683628
1748445098.45117 0.0331377443846215 -0.33593864808157 0.835053299205864 0.00738461110237487 -0.184900060745644 -0.0565869558566033 0.981099052839216
1748445098.51782 0.0308949960807433 -0.338714154955954 0.843103094989953 0.00755897184912746 -0.190320640955046 -0.0584374608660712 0.979952028794558
1748445098.65116 0.0250673895201552 -0.342154585450628 0.853429003462171 0.00837831812226453 -0.199287695313252 -0.0618433996157542 0.97795174329112
1748445098.78449 0.0199237708975652 -0.347821388273166 0.869341099843796 0.00806616361138318 -0.206805830684872 -0.0636532105807512 0.976275859673943
1748445098.85114 0.0172187914131967 -0.350623575414771 0.877442804258078 0.0082481813723978 -0.209684283730031 -0.0642343260930879 0.975622068227261
1748445098.98449 0.0112322022193608 -0.35605764424705 0.892586370730423 0.00830507874889452 -0.213508443006696 -0.0647839631168143 0.974755460900174
1748445099.05131 0.00830626382635027 -0.358860909741499 0.900563976739163 0.00789940926490607 -0.216298843758074 -0.0656493017309857 0.974085508928462
1748445099.11785 0.00531947910856349 -0.361598638354711 0.908645642626192 0.00744373969029344 -0.219244334113379 -0.0664137796778388 0.973378509402949
1748445099.25114 -0.00295178621528883 -0.366927481576888 0.924007967289946 0.00531555702125536 -0.222129496429502 -0.0674176464001803 0.972669056063464
1748445099.38445 -0.00935397097623926 -0.372218517373631 0.940060155050472 0.00410835821920241 -0.227444200567158 -0.0696111953170906 0.971291170817297
1748445099.45112 -0.0127081635029169 -0.374913404465911 0.948077875857893 0.00356832436484605 -0.230173316008915 -0.0711620383065629 0.970537725162058
1748445099.58442 -0.0199513603929031 -0.380090798237608 0.963188153356331 0.00167132093081152 -0.235896037474195 -0.07319147397433 0.969016653276807
1748445099.65112 -0.0234986077793067 -0.382699271873137 0.9709839883844 0.00167102704213951 -0.238894441107459 -0.0742817258183976 0.968198780667493
1748445099.78445 -0.0309057808757191 -0.388095762360636 0.986560399256488 0.00156319903295243 -0.244225669830936 -0.0765713601977868 0.96668930137965
1748445099.85111 -0.0405259663465161 -0.38884786363021 0.986915058013434 0.00118523854473079 -0.234998953194874 -0.0740441017590359 0.969170551658274
1748445099.98442 -0.047872668261666 -0.394314244295855 1.00227792016238 0.00219450545397748 -0.240232503843916 -0.0759281509599659 0.967738830539777
1748445100.05111 -0.051459033222103 -0.397172559262953 1.00980451306909 0.00389360368218278 -0.241746892984038 -0.0762487126999768 0.967331077446872
1748445100.1845 -0.0565341089133118 -0.403931724264699 1.02994423562195 0.00704740767177303 -0.248559089538787 -0.0773198488042192 0.965500053875529
1748445100.25111 -0.0601855896845263 -0.406486898012731 1.03764000240064 0.00657936805083514 -0.248186433967134 -0.0771836548122781 0.965610112488756
1748445100.38442 -0.0673424118045845 -0.411899851982118 1.05304960689499 0.00734205379427921 -0.245754914052407 -0.0767630327156193 0.966259826999693
1748445100.45109 -0.0755014664739171 -0.414087052236705 1.0571115898575 0.00659786537800328 -0.230724945246133 -0.0737093994735684 0.970200696888468
1748445100.58442 -0.0828257541680513 -0.419429491090691 1.07282789437142 0.00501714142933241 -0.22836497777146 -0.0751388842883235 0.970658752233361
1748445100.65112 -0.0852405624223916 -0.422162974254115 1.08180882812176 0.0045508235328714 -0.233163451704432 -0.076617992271684 0.969403826098651
1748445100.78443 -0.0924913350972332 -0.427460826767617 1.09789546126279 0.00267348574201498 -0.229192787850552 -0.0757248866558615 0.970427359472225
1748445100.85112 -0.0970601031917756 -0.430133830695012 1.10475735067335 0.00248313617565155 -0.220960659604112 -0.0734785581545414 0.972507646465352
1748445100.98448 -0.103391785899106 -0.435587817831836 1.11981696504493 0.0038160375878844 -0.214896202545547 -0.0704218238889335 0.97408717613404
1748445101.05115 -0.107802566604707 -0.435196707603125 1.11849516166687 0.00339694686034869 -0.203420244938079 -0.0669760175146399 0.976792136423732
1748445101.18445 -0.113743222495708 -0.440456695320658 1.13359567202389 0.00309169171545981 -0.197888382929426 -0.0653578938925341 0.978038330051459
1748445101.25109 -0.116968857043003 -0.445883758106063 1.14848802420949 0.00495176784058199 -0.200374057359849 -0.0659737710585345 0.977483083569593
1748445101.38439 -0.124057813865374 -0.450783389060478 1.16307309503243 0.00342459929757016 -0.197375679921871 -0.065400348317907 0.978137979803937
1748445101.45108 -0.127277403086823 -0.453413592202169 1.17094680931146 0.00271077655644386 -0.195664460173495 -0.0651216820649633 0.978502548407773
1748445101.58437 -0.133654817407337 -0.457285755157809 1.18228324343859 0.00326760496085177 -0.187141802439594 -0.0631220145254614 0.98029734255466
1748445101.65106 -0.136921698107522 -0.460006140112058 1.18995484300468 0.00398655066765768 -0.186168433702346 -0.0631602734315742 0.980477537512532
1748445101.78439 -0.143549263123551 -0.466238119438806 1.20761946590192 0.00417917562258274 -0.185636128358041 -0.062645496580367 0.980610679167605
1748445101.8511 -0.146712219306578 -0.468885428628739 1.21537851483975 0.00386143992431509 -0.185001512649583 -0.062681380129284 0.980729613188143
1748445101.91774 -0.149872691832157 -0.47148778306417 1.22282504443703 0.00372203200618743 -0.184504265914535 -0.0628412081797896 0.980813593345641
1748445102.05118 -0.156312368833072 -0.476875951282512 1.23813343899246 0.00415955817109809 -0.184248242717701 -0.0622284667912717 0.980899026940117
1748445102.18447 -0.162188147178135 -0.48185119152086 1.25287184107054 0.00324399217295013 -0.182215870431636 -0.0609231466419717 0.981363960659278
1748445102.25111 -0.165245436347734 -0.484507972244998 1.26075058838468 0.00281503823357671 -0.180756126048382 -0.0605410536689162 0.98165884057364
1748445102.38446 -0.170173399689381 -0.487178921912679 1.26979419978298 0.000795090324879788 -0.172625760814333 -0.0593256581149389 0.983198952818745
1748445102.45108 -0.172886573101375 -0.489843143670385 1.27794687966977 0.000287431653782089 -0.16725436537418 -0.0581720167897605 0.984196073508189
1748445102.58457 -0.178765172352098 -0.497150665184748 1.30007033682205 -0.00144572074570237 -0.157444645208117 -0.0559999515044814 0.985937675017195
1748445102.65107 -0.181190576075158 -0.49988710296409 1.30810362315533 -0.00183760615412482 -0.15426348779982 -0.0545040984139409 0.986523543962099
1748445102.78441 -0.185583014348265 -0.504958903810646 1.32283125263379 -0.000183425194973663 -0.146876758247745 -0.0522675768368643 0.987772891232308
1748445102.85105 -0.187871748890429 -0.507744394414348 1.33061374521557 0.00110273852736165 -0.143393745861546 -0.051561983821118 0.98832099008367
1748445102.98443 -0.191658094767201 -0.512785911945339 1.34543881308486 0.000915999338590545 -0.142181700298947 -0.0516978857879255 0.988489177305635
1748445103.05105 -0.19531521295946 -0.515796054394283 1.35393985013821 0.00138708862356463 -0.14217137220482 -0.0522360615258214 0.988461820601494
1748445103.18419 -0.199916052557035 -0.521381475216311 1.36945616636345 0.00384219958094439 -0.13987800790413 -0.0509625405818395 0.98884892671459
1748445103.25104 -0.201934756793091 -0.524237038544118 1.3773519486641 0.00471551969887185 -0.136550758431611 -0.0489845751782066 0.989410008864036
1748445103.38439 -0.204491768679039 -0.528014440649075 1.38789482109311 0.00565625237171902 -0.124935603689515 -0.0438932392079922 0.991177322829611
1748445103.45104 -0.206158140828724 -0.530740039617639 1.39580013120244 0.00613208743894644 -0.119557725667566 -0.0428606447652292 0.99188271124521
1748445103.58432 -0.210081890143611 -0.535945591224268 1.41084773546915 0.00573065316401816 -0.111052768145631 -0.0414993660232432 0.992931138055996
1748445103.65101 -0.211924061962615 -0.54066782037527 1.42509645242431 0.00483821011309632 -0.106503552929923 -0.0400185729806901 0.99349489115586
1748445103.78432 -0.215503493259625 -0.545863201465869 1.43901556998388 0.00443097221491684 -0.104516361540442 -0.0385879450143982 0.993764392175099
1748445103.85103 -0.215306616580104 -0.547342917161793 1.44331225105595 0.00488361990958558 -0.106608188438202 -0.039026347835412 0.993522917998942
1748445103.98432 -0.216462796122127 -0.549280840190974 1.44568802398695 0.00629242605048086 -0.106945298494883 -0.0390196149561769 0.993479027535514
1748445104.05099 -0.218771265684554 -0.552823901727587 1.4554171605868 0.00786308207632763 -0.105574057194215 -0.0377570852359568 0.993663269373634
1748445104.18432 -0.221924339701373 -0.558850479121321 1.47065050036703 0.01185596626358 -0.103765682493048 -0.0356000370037562 0.993893735047183
1748445104.25103 -0.223437100783542 -0.561525437634316 1.47762304676746 0.0131842015910607 -0.103025802739876 -0.0349531319161558 0.993976931003664
1748445104.38433 -0.227593505510241 -0.564308268219417 1.48164602219253 0.0140921292674758 -0.100161866550869 -0.0334577799255077 0.994308598647427
1748445104.45103 -0.229785977520448 -0.566781451057561 1.48800653513248 0.0136587077124996 -0.0968617606678456 -0.0321996168615478 0.99468307701394
1748445104.58433 -0.231884843918225 -0.570609374241386 1.49650233797873 0.01227418984806 -0.090616445237323 -0.0300588487200048 0.995356453603307
1748445104.65101 -0.233195066152658 -0.572433875930964 1.50186478493794 0.0109881239598849 -0.0878195834430709 -0.0284174379085783 0.995670342592587
1748445104.78437 -0.236509063276023 -0.576881516007433 1.51248629445888 0.00887742693447013 -0.0827266976789937 -0.025338806478047 0.996210534811001
1748445104.85102 -0.238111535815633 -0.57901925785159 1.51816804781067 0.00841862768877733 -0.0795475994086934 -0.0245222252909318 0.996493836710962
1748445104.98432 -0.239122429680757 -0.58197280158511 1.52539409846935 0.00809809815897472 -0.0738885172585241 -0.0226980914873036 0.996975277760877
1748445105.05101 -0.239984559086958 -0.584219006611978 1.5310706109596 0.00779584873854616 -0.0713194752631225 -0.0214775287845635 0.997191793461993
1748445105.1843 -0.242462490118869 -0.587884449923893 1.53959672572257 0.00669264345652498 -0.0660908344904781 -0.0186921662347058 0.997616064947518
1748445105.25096 -0.241182195148742 -0.587818083238567 1.54107610222243 0.00679034346881907 -0.0634691286983588 -0.0179920936037316 0.997798499450466
1748445105.3843 -0.242905849038301 -0.592179625890606 1.55256310714837 0.00692457002899888 -0.0597272461178816 -0.0164452646634422 0.998055238787532
1748445105.45098 -0.243499545800467 -0.594334770174418 1.55839128623115 0.00729574017727408 -0.0579348265697604 -0.015871022879133 0.998167540385064
1748445105.58428 -0.246315708066363 -0.597927852110565 1.56759526441146 0.00695266799484889 -0.0548416155843221 -0.0147863635225966 0.998361367973357
1748445105.65097 -0.245554568006517 -0.600950846882861 1.57710744615131 0.00704211319627302 -0.0531110413216793 -0.0146468670088203 0.998456356191037
1748445105.78431 -0.247149744505416 -0.607738561135945 1.59728570189289 0.00677653616607071 -0.0493402961851557 -0.0141191812953067 0.998659232395867
1748445105.85098 -0.247394504643796 -0.609958083196266 1.60362930290892 0.00628494438226684 -0.0479375867330598 -0.0135922380143277 0.998738072929076
1748445105.98428 -0.2485893416601 -0.614236942719065 1.61530388402304 0.00533648662271669 -0.045157621004995 -0.0124023893053014 0.998888628384173
1748445106.05095 -0.248675981602557 -0.616612756265536 1.62200789803373 0.00507108562536623 -0.044205682032598 -0.0121807693026098 0.998935318539599
1748445106.18428 -0.250296623045143 -0.620887856205716 1.63353344971801 0.00494783747808392 -0.0417965531611022 -0.0110074166404228 0.999053253749291
1748445106.25101 -0.249635095177118 -0.622291512794854 1.63886032726022 0.00532002690725225 -0.040259748599726 -0.0103508882305895 0.999121468625928
1748445106.38431 -0.250313746691848 -0.626722391348588 1.65109519659736 0.00598570122098924 -0.0375058653628316 -0.0095349556284122 0.999232988879692
1748445106.45097 -0.250696724724884 -0.628976263029591 1.65711869242409 0.0064330009491107 -0.0359576247272206 -0.00912339860374499 0.999290963293816
1748445106.58429 -0.251625093243064 -0.633977032908494 1.67147723239849 0.00762598357483468 -0.0332777533068619 -0.00857448951880225 0.999380264783559
1748445106.65095 -0.251917504145063 -0.636123580232648 1.67766160584212 0.00807125205307568 -0.0317813679651622 -0.00846497509177736 0.999426407364371
1748445106.78431 -0.252477253072106 -0.640488238652758 1.68996812348918 0.00812990495598054 -0.0286385052407663 -0.00832319627662316 0.999522118347924
1748445106.85095 -0.252640774462432 -0.642648172456099 1.69628280251729 0.0075541158481881 -0.0272044785399794 -0.00834646602347339 0.999566500131952
1748445106.98416 -0.253640407577517 -0.646881787842726 1.70809784518407 0.00665540211167842 -0.0243502582953402 -0.00774826838600031 0.999651306646823
1748445107.05077 -0.253226523692761 -0.649027496275035 1.71479545116492 0.00576555700377945 -0.0231701857002854 -0.00735489035133564 0.999687854500079
1748445107.18426 -0.253388574706187 -0.653392150618257 1.72728334830025 0.00500095596205968 -0.0207186144958391 -0.00602748632307826 0.999754669337165
1748445107.25094 -0.253512710967346 -0.655578887518582 1.73350930398371 0.00489142447756863 -0.0191408701413302 -0.0057718501027857 0.999788170965832
1748445107.38426 -0.253652028601138 -0.659964672500123 1.74608191772027 0.00418297532776973 -0.0167512279736111 -0.00481447310101309 0.999839347059088
1748445107.45094 -0.253665160744114 -0.662150339915855 1.75229403433536 0.0043565424521107 -0.0157681254657343 -0.00401162204848001 0.999858136760261
1748445107.58423 -0.253638395012753 -0.666497284919173 1.76484420468127 0.004236579318106 -0.0130424845862417 -0.00297257715365823 0.999901549542036
1748445107.65114 -0.253809096707285 -0.668628443759199 1.7707889601486 0.00439307220753798 -0.0116188239351229 -0.00292847422528609 0.999918560626642
1748445107.78423 -0.254819633797226 -0.67290519262609 1.78190583076638 0.00463662114018559 -0.00904114742249762 -0.00195506779985401 0.999946467120908
1748445107.8509 -0.252414761412371 -0.672644224549952 1.78250337471041 0.00471061176377796 -0.00846036163807002 -0.00180019906423232 0.999951494674163
1748445107.98423 -0.252296315677614 -0.676961953927344 1.79496264839437 0.00432284160790808 -0.00734817979943621 -0.00102270605385849 0.999963135003684
1748445108.0509 -0.252419817130106 -0.679067234151062 1.8012640571589 0.00389979718351508 -0.00862430689494501 -0.00140932372660901 0.999954212311315
1748445108.18423 -0.254094650748107 -0.685687120893344 1.8209300282174 0.0025305282966876 -0.0127123375507569 -0.00207749161255853 0.999913834752343
1748445108.25091 -0.254163592858772 -0.687838783223795 1.82721870338673 0.0018936030578891 -0.0135784050104669 -0.00187308343412938 0.999904261788737
1748445108.38431 -0.254397762094348 -0.692028259414076 1.83957047842036 0.00107723127788062 -0.0144208252153273 -0.00165810213563303 0.999894059423393
1748445108.45095 -0.254562232498987 -0.694149181032162 1.84585695673444 0.000214916751961558 -0.0153112396226997 -0.00166514416614466 0.999881366486501
1748445108.58422 -0.254850304947586 -0.698389633345739 1.85843013795474 -0.000606295941690704 -0.0175882419540971 -0.00134822719773546 0.99984422208343
1748445108.65089 -0.254969748046401 -0.700500271056124 1.86471697039298 -0.000741550278861192 -0.0188722050191746 -0.00110052024501906 0.999821023401733
1748445108.78423 -0.25536087193309 -0.70461634094216 1.87723394378519 -0.000714449234376968 -0.0210107990572631 -0.00133298008664108 0.999778104905961
1748445108.85093 -0.254903739823571 -0.706532231340447 1.88427069882522 -0.000760492757203968 -0.022008795040122 -0.00173517451179451 0.999755982108165
1748445108.98405 -0.255604101857963 -0.710527157990693 1.89506424231083 -0.00184519866786143 -0.0243462112584055 -0.00141945791978744 0.999700876451777
1748445109.05072 -0.255771055758332 -0.71229399693236 1.90058952225675 -0.00174504760198468 -0.0253387025476526 -0.00106974564611057 0.999676828083117
1748445109.18419 -0.256340984156307 -0.71640846084961 1.91332048879165 -0.00269795384894439 -0.0283969429608705 -0.000805317509646655 0.999592760147459
1748445109.25086 -0.256765561742152 -0.718492680170585 1.91953023776569 -0.00299911735128083 -0.0302996847388563 -0.000979146546402687 0.999535880132314
1748445109.38418 -0.258259596578916 -0.723349305553985 1.93402588677268 -0.0034050609906866 -0.0384572251576783 -0.00300496990363122 0.99924992746995
1748445109.45084 -0.258916078827407 -0.725393532730755 1.94011995176261 -0.00317579579963512 -0.043215373129116 -0.00420218454240542 0.999051894293496
1748445109.58417 -0.26035605584147 -0.729451292367559 1.95196434528536 -0.00265474968687884 -0.0503624854815401 -0.00562695519746465 0.998711624912531
1748445109.65086 -0.261084832990428 -0.731503631446806 1.95805899537587 -0.0025793982463746 -0.0535785065399248 -0.00607725630249638 0.998541815497714
1748445109.78419 -0.262475537346602 -0.735413831949655 1.96959377766729 -0.00195950774224068 -0.0599646898787116 -0.00750402205283913 0.998170369200663
1748445109.85086 -0.263373418555817 -0.737447621965376 1.97565282004303 -0.00149567858278143 -0.0632572823716121 -0.008352256742886 0.997961181098662
1748445109.98427 -0.265446114429073 -0.741540448872047 1.98772698294141 -0.000803081001614026 -0.0692674886920745 -0.0115200581899753 0.997531281880673
1748445110.05087 -0.266063137245821 -0.742163642690879 1.98959227480831 -0.000394843869581385 -0.0722171059769472 -0.0128232319839252 0.997306421529571
1748445110.18418 -0.268202052572213 -0.746024188454234 2.00110770659651 -0.000463488106315302 -0.0793243645390286 -0.0146691915401211 0.99674081143937
1748445110.25084 -0.269618791409652 -0.748223421497422 2.00723199072636 -0.00013383519964888 -0.0827446397419995 -0.0158093895840403 0.996445367234494
1748445110.38428 -0.272460154585319 -0.753552513968154 2.02259443584577 0.00108708586722606 -0.0896423260813012 -0.0181083522508465 0.995808796505539
1748445110.45084 -0.273871866186217 -0.755592690272076 2.02847125370782 0.00112483431148092 -0.0929781934936189 -0.0192369508098969 0.995481657292576
1748445110.58424 -0.276221594293232 -0.759270607697749 2.03936732574421 0.000761814927089655 -0.0997570112543674 -0.0214394464749635 0.994780532820411
1748445110.65091 -0.277988128272586 -0.761577629584051 2.04609075133521 0.000834839454323222 -0.101571297365282 -0.0221360129136432 0.994581606268136
1748445110.78427 -0.28076621647639 -0.76552599068142 2.05808652853064 -0.000962618998011977 -0.103715723480839 -0.0232065737746141 0.994335746617386
1748445110.85066 -0.282253681156296 -0.767469375174835 2.06399902324528 -0.00197507014941245 -0.104991442891002 -0.0234526445684663 0.994194583308678
1748445110.98399 -0.2849187947804 -0.771692158095962 2.0766015568575 -0.00263515412647547 -0.107237918448219 -0.0243366272822006 0.993931996356969
1748445111.05079 -0.286367460012684 -0.773691245697542 2.08261812794109 -0.00286568315608249 -0.107389018270628 -0.024907563657627 0.993900900436035
1748445111.18415 -0.288540153313841 -0.777038374928535 2.09274633994995 -0.00298565755519886 -0.107149091107793 -0.0259098245179237 0.993900819557559
1748445111.25079 -0.289661014839309 -0.777632403452234 2.09489708445405 -0.00276987929502515 -0.107300374008617 -0.0265618366964208 0.993867911916676
1748445111.38417 -0.292450739925806 -0.7817230126256 2.10702376581733 -0.00186063672931519 -0.109213946746647 -0.0271022841003665 0.993646978591253
1748445111.45079 -0.293879746491433 -0.783828378614968 2.11300453133482 -0.000977757069662855 -0.10958354819175 -0.0277099477519638 0.993590785360051
1748445111.58416 -0.296759470081482 -0.787886449161946 2.12504494701291 -0.00123897056495681 -0.111423847219876 -0.0286336237799542 0.993359605989638
1748445111.65084 -0.299413078334054 -0.792285571868854 2.13759569774605 -0.000936691780975385 -0.112257566417862 -0.0288616738219533 0.993259465182508
1748445111.78417 -0.30114195293114 -0.795224641935635 2.1464093460524 -0.000327327807231603 -0.114600759386032 -0.0293639572836514 0.992977500660159
1748445111.85079 -0.303228113859835 -0.79772474501579 2.15365052043571 0.000204497078486687 -0.114522309462006 -0.0297343130160652 0.992975563367949
1748445111.98421 -0.305242368923629 -0.800694751860375 2.16242928995298 0.00100966309549444 -0.116990901716083 -0.0303584578574423 0.99266836029593
1748445112.05083 -0.306979736855286 -0.803256456240071 2.16977132523236 0.00106945199536601 -0.117177796447259 -0.030495326585296 0.992642058019229
1748445112.18419 -0.309678208512876 -0.806750851115845 2.17994369860589 0.00165195058863832 -0.11808304560309 -0.032067193029935 0.992484438432932
1748445112.25079 -0.311253669251595 -0.808877740922242 2.1862483167015 0.00159075764680422 -0.118397127208233 -0.032411868355855 0.99243592264117
1748445112.38416 -0.313746687389385 -0.81244060345362 2.19713220914308 0.00109737912445007 -0.120894794969793 -0.0329850819281399 0.9921165398674
1748445112.45082 -0.314476720786981 -0.813956036545763 2.20170721524127 0.00219879536414669 -0.121903425105923 -0.0334441730733701 0.991975910762872
1748445112.58415 -0.318460887645126 -0.81777839957821 2.21206713929939 0.00236572486999553 -0.122267151639687 -0.0339852251419957 0.991912370851279
1748445112.65082 -0.31986989341928 -0.81969416677069 2.21757358549428 0.00225411169658102 -0.123540588299136 -0.0339381558012087 0.991756443691684
1748445112.78395 -0.32254705777061 -0.823510529064634 2.22884051889083 0.00159682182762544 -0.125594496368619 -0.0338046474539994 0.991504270516509
1748445112.85066 -0.323982486205358 -0.825489722013154 2.2345482026493 0.00189127877821249 -0.126280647195197 -0.0338389818876844 0.991415424790915
1748445112.9841 -0.32854199150714 -0.830983099498499 2.25078569458782 0.000506735643383993 -0.126534463497676 -0.0341113884211333 0.991375401120244
1748445113.05074 -0.330100848753127 -0.832890729019581 2.25659346911294 2.22083665396555e-06 -0.127457085234086 -0.0342241714881954 0.991253447663435
1748445113.1841 -0.333137588014854 -0.836828755404014 2.2681129985716 -0.000695779680407682 -0.128581608034209 -0.0347116368877991 0.991091009055447
1748445113.25078 -0.335121413381777 -0.838887733788142 2.27444016966664 -0.00111271016819248 -0.128750526603759 -0.0350166190396098 0.991057970134124
1748445113.38411 -0.337080762651562 -0.842268688327154 2.28523302130459 -0.00164733583964755 -0.13159623674605 -0.0351511333593595 0.990678613164967
1748445113.45079 -0.34002202697794 -0.844588611525992 2.29157166339074 -0.0017250501624666 -0.131559377241768 -0.0346712532800785 0.990700286997881
1748445113.58417 -0.343301827201988 -0.848612528067831 2.30324694120762 -0.0003476732709633 -0.132572538559773 -0.0346897860041056 0.990566009860072
1748445113.65074 -0.344818026004098 -0.850178114422695 2.3078379595841 -0.000590728440617416 -0.132993629405151 -0.0351372058064815 0.990493676075556
1748445113.78411 -0.348244649531792 -0.854180148916115 2.31954757033771 -0.000488282695119802 -0.13465330670879 -0.0351982498525569 0.990267303196322
1748445113.85078 -0.349538468433844 -0.855866909158044 2.32391087920771 -0.000478571848417431 -0.135940826516215 -0.0353019436460126 0.990087690777887
1748445113.98412 -0.353197619719649 -0.860097242527021 2.33632652774847 0.000143214612865761 -0.136667148207151 -0.0342251790567964 0.990025609370298
1748445114.05085 -0.354848464978874 -0.862106828148175 2.34219751297837 0.000314896646278318 -0.137059338627435 -0.0335538382370382 0.989994332546745
1748445114.18409 -0.358166274568266 -0.866083987064596 2.35396630822575 0.000381019971811003 -0.137141380562211 -0.0334728404206416 0.989985689550837
1748445114.25079 -0.359700023633685 -0.868004009327014 2.35965255633059 0.00024654633900506 -0.136912429138846 -0.0337302634916618 0.990008684450286
1748445114.38411 -0.363718326894723 -0.872300186040985 2.37190935507503 0.00027899182539437 -0.136211958691948 -0.0338849609024338 0.990100012068228
1748445114.45075 -0.365631950149972 -0.874048649835513 2.37676945444208 -0.00029270976335577 -0.13669517281472 -0.0336406371417366 0.990041742343648
1748445114.58408 -0.369200494563562 -0.878174478107725 2.38887739573798 -0.000424954119251086 -0.13677565014263 -0.0329851879996352 0.990052634113301
1748445114.65078 -0.37042692773836 -0.880058598747532 2.39459853371068 -2.4776447456909e-05 -0.136345349837231 -0.033015612738216 0.99011106158825
1748445114.78391 -0.374349830125584 -0.88405612782401 2.40654336702536 -0.00113146301354655 -0.134097489042888 -0.0324444663725279 0.990436237132731
1748445114.85075 -0.376102483843197 -0.885980969558422 2.41222943128418 -0.00203309144342068 -0.133690399615836 -0.0319102580159411 0.990507182721608
1748445114.98402 -0.378772712829514 -0.889684159312806 2.42346487323091 -0.00251516479745661 -0.133085631698776 -0.0308424034780399 0.990621337711377
1748445115.05069 -0.380423309376199 -0.891616786710111 2.4294038657527 -0.00289579678470764 -0.13219377164539 -0.0307753615626047 0.99074179190132
1748445115.18403 -0.383676136192414 -0.895621890781671 2.4412239054609 -0.00300946656436102 -0.130606314010398 -0.0301170083910153 0.990972199235272
1748445115.25077 -0.385269123933901 -0.897640173451047 2.44707956022531 -0.00262085300690396 -0.129716745695864 -0.029779840980989 0.991100326953199
1748445115.38416 -0.388676081439937 -0.902425562232704 2.46098364490507 -0.00192153349365271 -0.12622832341417 -0.0296778332088205 0.991555315800944
1748445115.45085 -0.390273832987372 -0.904449176111418 2.46697842571117 -0.00153363399380185 -0.124927738252341 -0.0295984780047784 0.991723065316991
1748445115.58409 -0.393113374718209 -0.908618347780243 2.47916972898869 -0.000645645895502867 -0.120600370711133 -0.0280304191223031 0.992305108990951
1748445115.65073 -0.394391795908388 -0.910752867330377 2.48512020930878 0.000697521932014666 -0.11827318952083 -0.0270619519698738 0.992612017285356
1748445115.78402 -0.396795720321971 -0.914535480197791 2.49595227184336 0.00185261885165805 -0.113424803034572 -0.0258801670436991 0.993207731954272
1748445115.85073 -0.397987628338605 -0.916629428955866 2.50203206425585 0.00187219243322379 -0.110358418421768 -0.0246942950918722 0.993583265845825
1748445115.98406 -0.400438416363365 -0.921185906712567 2.51536379937273 0.00179044276565854 -0.104110554279402 -0.0230998938577605 0.994295822029892
1748445116.05073 -0.401213399431747 -0.922950567758484 2.52056732306078 0.00129734294001688 -0.101928187880863 -0.0221950486610331 0.994543282734117
1748445116.18405 -0.402141060099802 -0.924834553061575 2.52541138668322 0.000977423879089723 -0.0986446776888576 -0.0207074970802596 0.994906765365928
1748445116.25072 -0.402963452641595 -0.92650600858552 2.53024869519992 0.000654901733341151 -0.0962106847320015 -0.0197488620980785 0.99516483945774
1748445116.38406 -0.403891538671745 -0.928906751543108 2.53710675947257 3.2559200113691e-05 -0.0906698259726602 -0.0189647923960383 0.995700415912016
1748445116.45077 -0.404685822438245 -0.930520349575142 2.54183435435366 -0.000481945376764048 -0.0874861938238472 -0.0186762180278845 0.995990528317938
1748445116.58409 -0.405535211116198 -0.932801138838193 2.54821571657208 -0.000617440517141299 -0.0823313565799039 -0.0178482554839293 0.996444984064399
1748445116.65052 -0.406327826660929 -0.934510897315386 2.55268875049273 -0.000710950366320851 -0.0799082132715691 -0.0165652242378185 0.996664319290739
1748445116.78385 -0.40651715941968 -0.936829855392347 2.55969509217808 -0.000911471343064963 -0.0746698824512621 -0.0148898992930414 0.997096719869115
1748445116.85064 -0.407271822888637 -0.938197325689924 2.56322768171325 -0.00127662587508359 -0.0714982825432847 -0.0139488177976023 0.997342366643363
1748445116.98401 -0.408386330798416 -0.941076584712498 2.57030739263875 -0.00110962299210759 -0.0656742713555245 -0.0123777619562869 0.997763724449676
1748445117.05064 -0.408128149256802 -0.941377183360971 2.5720266251275 -0.000621213193213232 -0.0622569819235656 -0.0109603369034309 0.997999776207841
1748445117.18397 -0.408596951349637 -0.944248532704576 2.57978561407016 -0.00178026022512284 -0.0569796657443923 -0.00886856371766294 0.99833436129524
1748445117.25066 -0.408810073721245 -0.945596990113278 2.58358007221707 -0.00135568714051498 -0.054624644503538 -0.00811251359626894 0.998473082986412
1748445117.38421 -0.409847849168125 -0.948718113089578 2.5938585414777 -0.000788460623099785 -0.055113486502313 -0.00814494970642754 0.99844656428358
1748445117.4507 -0.410345802563273 -0.95011848853543 2.59776453551488 -0.00102619328927023 -0.0564189523008746 -0.00897263220786162 0.998366335880706
1748445117.58398 -0.411215553118513 -0.95289791970231 2.60570674752582 -0.00220263102252494 -0.0561764280961071 -0.0098254777279045 0.998370080346141
1748445117.65064 -0.411552298345923 -0.9548529065897 2.61188710847401 -0.00126370839815948 -0.05566054583626 -0.010037309107753 0.99839849714639
1748445117.78427 -0.412611933104744 -0.956920157216248 2.61823044365705 -0.00127397736447932 -0.0560852290019244 -0.00964206441950641 0.998378612883513
1748445117.85064 -0.412977299240266 -0.958281835064057 2.62230718317651 -0.00161130031246826 -0.0564230774619009 -0.00966659674472018 0.99835885179048
1748445117.98398 -0.413904788305227 -0.961519518137637 2.63195091356964 -0.00121588250483889 -0.0570826607705777 -0.00963282866724142 0.998322242605539
1748445118.05065 -0.414435020547112 -0.962925767203752 2.6359255045176 -0.00180083987003971 -0.0572379487728652 -0.00990517070408303 0.998309802510904
1748445118.18398 -0.414941753941569 -0.964878495328162 2.64143720901827 -0.00250273952773106 -0.0579187473122529 -0.0101571283151709 0.99826649134839
1748445118.25065 -0.415481512332546 -0.966244762862007 2.64524791285984 -0.00244207407912067 -0.0584564266211088 -0.0099628065819863 0.998237258844756
1748445118.38401 -0.416465696968796 -0.969253283532645 2.65463549364318 -0.00156501410242188 -0.0586892217788404 -0.00976718000841581 0.998227292840932
1748445118.45065 -0.417047657609228 -0.97052701485783 2.65819978261347 -0.00210238034964411 -0.0594054742039613 -0.00967092858884888 0.998184874044732
1748445118.58394 -0.417847406209401 -0.973384645525904 2.6671162661061 -0.00135516971302946 -0.0590990613479517 -0.0105149215084156 0.998195822916782
1748445118.65047 -0.418366153484838 -0.974747763934614 2.6709845730332 -0.00150131862455505 -0.05932780400876 -0.011273344049236 0.998173767150707
1748445118.78413 -0.419370201478016 -0.977591466999684 2.67952716381277 -0.0011311869774609 -0.0601339957497567 -0.011669674429324 0.998121456371871
1748445118.85063 -0.420044983027516 -0.978823727982424 2.68302114463802 -0.00134834217384272 -0.0608807478884397 -0.0117889210481955 0.998074515179326
1748445118.98403 -0.420564692615016 -0.981651520411983 2.69190856991211 -0.00181936069020305 -0.0612579557203835 -0.0120321516425294 0.998047784484536
1748445119.0506 -0.421060760951924 -0.983080215065901 2.69595421168227 -0.00133805205764947 -0.0618296796043933 -0.0118401495705317 0.998015586649255
1748445119.18393 -0.422280196155316 -0.985963319110582 2.7045519561993 -0.00160510124849628 -0.0629661992281633 -0.0119691610683701 0.997942593833964
1748445119.2506 -0.422888176035644 -0.987244665927709 2.7081067283238 -0.0019851157895866 -0.0635366491248512 -0.0122959464777256 0.997901780353911
1748445119.38397 -0.423117531338943 -0.988637828081872 2.71233838648213 -0.00187839508829241 -0.0656812389566882 -0.0129712502990817 0.997754575607993
1748445119.45065 -0.423941208457469 -0.989749393602943 2.71533411706255 -0.00149844946565453 -0.0661361856814007 -0.0132561978495287 0.997721420443246
1748445119.58396 -0.42519331671777 -0.990941859019117 2.71816831455186 -0.00122131458038172 -0.0672912063343774 -0.0141424208826192 0.997632394157457
1748445119.65061 -0.42507413703247 -0.992102330972435 2.72216690735998 -0.00100702215458515 -0.0676686451519554 -0.0145975966092734 0.997600546583106
1748445119.78396 -0.425460172230881 -0.993585543842865 2.72609994794438 -0.00186219133996895 -0.0695970624010272 -0.0158410897264328 0.997447663301108
1748445119.85059 -0.42629458790411 -0.994930282877196 2.73032832800695 -0.00228369289808644 -0.0701873581310756 -0.0158992182783378 0.997404498868671
1748445119.98395 -0.427178985766502 -0.996296200544213 2.73386023009243 -0.00222886181189008 -0.072126909282138 -0.0161765059975438 0.997261781974092
1748445120.05062 -0.427942320481838 -0.99758807831526 2.73754539819429 -0.00253229504935393 -0.0720633836053991 -0.0164758435210899 0.997260749656474
1748445120.18401 -0.429204224889715 -0.999105568024499 2.74121240025188 -0.00347002192414592 -0.0736834853700102 -0.0172666301146878 0.997126153711784
1748445120.25062 -0.429482430149842 -1.00036840196376 2.74537898147583 -0.00347325875374854 -0.0748701578725132 -0.0173579971484011 0.99703615574801
1748445120.38397 -0.430137168231381 -1.0022613250535 2.75106300856162 -0.00283240222872572 -0.0761747579064908 -0.0179901353957394 0.996928151264646
1748445120.45063 -0.430656879722281 -1.00325402653073 2.75366692158681 -0.00244149656542747 -0.0771475473142715 -0.0179549581777667 0.996855011781928
1748445120.58375 -0.431636214706305 -1.00518002538969 2.75941022206858 -0.00195805820530626 -0.0790609222898033 -0.0186727963458586 0.996692963380086
1748445120.65044 -0.432061408532633 -1.00614427954436 2.76196981937858 -0.00121339554226019 -0.0799587899722144 -0.0192981259036576 0.996610606964447
1748445120.78388 -0.433032979198557 -1.0080426177931 2.76768179775865 -0.00124659660950516 -0.081310940717577 -0.0207490284336211 0.996472003989865
1748445120.85058 -0.433601354883145 -1.00901693510292 2.77034407955261 -0.00150246078824451 -0.0824637544171361 -0.0213051919296908 0.996365174329096
1748445120.98406 -0.43419561836644 -1.01108026077271 2.77723343822755 -0.00190952816787998 -0.0833416146632151 -0.0213314116841324 0.996290871102946
1748445121.05059 -0.434725014904519 -1.01207705248632 2.77998714616812 -0.00145324462734403 -0.0841463567586775 -0.0215947405489915 0.99621832240976
1748445121.18406 -0.435781359437251 -1.01403202343162 2.78568638832734 -0.00199121635631155 -0.0856742228577485 -0.0226350508150149 0.996064062733791
1748445121.25054 -0.436363374037514 -1.01501031331967 2.78842712988649 -0.00266090909645506 -0.0872232816544881 -0.022967438324805 0.995920436318584
1748445121.38402 -0.437537417018809 -1.01691633305586 2.79457252140899 -0.00152847716132098 -0.0900493646377511 -0.0237060050292303 0.995653956458497
1748445121.45059 -0.438081706665617 -1.01788141464969 2.7974274611048 -0.0018822903427203 -0.0910060323692244 -0.0243594960178011 0.995550588372703
1748445121.58422 -0.439366030311205 -1.01991131134019 2.80324854964816 -0.0014472212241603 -0.0925228135958885 -0.0243408520875666 0.995411953632605
1748445121.65062 -0.439915178357311 -1.0208838884012 2.80613896956278 -0.00129309751425138 -0.0938580678818734 -0.0244443569991788 0.995284614772677
1748445121.78404 -0.44115068527913 -1.02287059940584 2.81195559454854 -0.000828016102449092 -0.0942183148665089 -0.0252573433016114 0.995230772304793
1748445121.85069 -0.441786569500082 -1.02382984997171 2.81487110089117 -0.00119491817228173 -0.0947047809876177 -0.0263386134214866 0.995156195816357
1748445121.984 -0.443146030546847 -1.02581750070533 2.8207920718777 -0.00168401321651318 -0.0966217595031668 -0.0269698399631886 0.99495428408664
1748445122.05061 -0.443726872433523 -1.02681552906656 2.82371109570255 -0.00139921120937836 -0.0982001346761571 -0.0269244192103235 0.994801413050747
1748445122.18424 -0.444978800402319 -1.02878657210892 2.82957188521972 -0.000611344581288087 -0.0996480588216282 -0.0272395169446515 0.994649636478849
1748445122.25071 -0.445641395608684 -1.02976611548389 2.83246554252044 -0.000549053884265349 -0.100427908511241 -0.0281034827423385 0.994547197467089
1748445122.38391 -0.446990867824641 -1.03175679678312 2.83830014750442 -0.000701974059708732 -0.10279851497831 -0.0286420308261083 0.994289498396131
1748445122.45038 -0.447638912483965 -1.03270397939262 2.84125048335417 -0.00115046517668033 -0.104195087809988 -0.0289642075888097 0.99413436455285
1748445122.5837 -0.448701529271788 -1.03521404218968 2.84904672379059 -0.00194868367696499 -0.105657078834008 -0.0296259693281435 0.993959298093015
1748445122.65055 -0.449395248362297 -1.03620660270151 2.85198221327287 -0.00177286934864923 -0.106950416610263 -0.0296113107439802 0.993821732302724
1748445122.78388 -0.451103360179494 -1.03764524817764 2.85589755230018 -0.00182000816407968 -0.109296723699098 -0.0302020547386669 0.993548564313033
1748445122.85058 -0.451813032383581 -1.03864885056429 2.85884367158856 -0.00203060035767888 -0.109937606015457 -0.0309800574874515 0.993453489341022
1748445122.98396 -0.453342747553357 -1.04054226725161 2.86470925378075 -0.00184129723038368 -0.110868557105961 -0.0331905046283985 0.993278995585965
1748445123.05055 -0.454121752405023 -1.04155032460369 2.86763687728959 -0.00111506886355234 -0.112074563282955 -0.0338981549140739 0.993120820434143
1748445123.18385 -0.455578026420566 -1.04350791497548 2.87341463864424 -0.00124501998197513 -0.114911000957692 -0.0342897843628619 0.992783018827626
1748445123.25051 -0.456296050857364 -1.04449913302783 2.87630769538269 -0.00072637244212681 -0.11606295099217 -0.0344547277457991 0.992643811004747
1748445123.38406 -0.457817431706899 -1.0464781637122 2.88206024236761 -0.000401376607093717 -0.118203329857353 -0.0352816324331007 0.992362342151449
1748445123.45053 -0.458594842515762 -1.04745828238318 2.88495028331806 -0.000597129949804431 -0.119646641005041 -0.0355437278190996 0.992179907146257
1748445123.58383 -0.459704807945011 -1.04964747268157 2.89180384827072 -0.000740620314174267 -0.122445789959447 -0.0365668459064629 0.99180106159613
1748445123.65052 -0.460568417105919 -1.05054225506362 2.89448996727714 -0.00111236430692285 -0.123537499346601 -0.037340421356431 0.991636496824195
1748445123.78383 -0.462465326220522 -1.05156207843316 2.89683155876054 -0.000212962276016637 -0.125927599049753 -0.0372740327478114 0.991338913251845
1748445123.85053 -0.463065199142548 -1.05230248465627 2.89902679841636 -0.000417136309782517 -0.126535679771627 -0.0367997214962443 0.991279137397651
1748445123.98386 -0.464124199077 -1.05287210236374 2.90063120542775 -0.000963154641534125 -0.125046022263776 -0.0370573521154263 0.991458177284013
1748445124.05057 -0.464859608651658 -1.05322208795376 2.90173843988193 -0.00116008007302254 -0.123354957693007 -0.0371296380857316 0.991667080527736
1748445124.18382 -0.466034027202435 -1.0532021153523 2.9016108140271 -0.000889419201704711 -0.119139030983688 -0.0357006855846508 0.992235134067796
1748445124.25058 -0.466132511706733 -1.0527715317112 2.9000257146003 -0.000935522726661919 -0.117971550428603 -0.034761361126063 0.99240792311396
1748445124.38377 -0.466852659140542 -1.05227294179169 2.89843243039218 -0.000372457074072352 -0.115835475943298 -0.0338495713470878 0.992691397317583
1748445124.45033 -0.467664610994183 -1.05221278670477 2.89810792612842 -0.000709114302043568 -0.11411091040925 -0.0336465515310315 0.9928978330385
1748445124.58365 -0.468898616733056 -1.05242879991174 2.89854734160588 -0.00110699077229154 -0.110845168101887 -0.0324830181363091 0.993306084151633
1748445124.65044 -0.469566531870414 -1.05285015632711 2.89983877414577 -0.00156362023834122 -0.108894675068503 -0.0311355799468759 0.99356433133182
1748445124.78377 -0.470529187579939 -1.05327547630558 2.90084752185203 -0.00155523892094134 -0.1037240219138 -0.0287036430617823 0.994190630304323
1748445124.85044 -0.47095357971609 -1.05355206468808 2.90189282012081 -0.00176847070333103 -0.10103587510848 -0.0274448105433064 0.994502592669661
1748445124.9839 -0.471471022023853 -1.05403084573594 2.90389059633705 -0.00155270577563199 -0.0959263622475942 -0.026056319915975 0.995046124721439
1748445125.05057 -0.472058780419301 -1.05403118797611 2.9043266938664 -0.00188001223986362 -0.0929301036173457 -0.0259422941235037 0.995332838185929
1748445125.18387 -0.473016843110449 -1.05403292146616 2.90424384264895 -0.00210755871311064 -0.0880558933515727 -0.0246086328844893 0.995809285470809
1748445125.25044 -0.473252934885887 -1.05385098462102 2.90397113561907 -0.00230474488513482 -0.0860221009902689 -0.0229285252610166 0.996026690918265
1748445125.38387 -0.473801123517164 -1.05360088417715 2.90269170757257 -0.00185938291861815 -0.0805612884126437 -0.0208273456078368 0.996530302188242
1748445125.4505 -0.4737393373826 -1.05373282776716 2.90332380090586 -0.00192931060963092 -0.0778661786800965 -0.0205142752928127 0.996750871826828
1748445125.5838 -0.474250831688168 -1.05406307447294 2.90433644088422 -0.00241768289046473 -0.0727297723028273 -0.0183584379097782 0.997179774558095
1748445125.65047 -0.474389536881456 -1.05433405101174 2.90512504731017 -0.00256636300766522 -0.0703941337193432 -0.0171639143153131 0.997368276898856
1748445125.78383 -0.474960827078644 -1.05441964693405 2.90508414560276 -0.00331338961697386 -0.0650910750278695 -0.0148137156616783 0.997763863461319
1748445125.85048 -0.475322871562533 -1.05433116381137 2.90491463160773 -0.00306607346837834 -0.0624176888049226 -0.0140346542469694 0.997946721923524
1748445125.98377 -0.476750768144911 -1.05434036023646 2.90442008470918 -0.00326708028138878 -0.0553253704769776 -0.0117959267050781 0.998393352181989
1748445126.05044 -0.477420045137983 -1.05444887914009 2.9053470203617 -0.00325327226466277 -0.0518924620579714 -0.0110690500073753 0.998586032714792
1748445126.18378 -0.477524267146239 -1.05468376728724 2.90591299831525 -0.003817836575915 -0.0456992759993196 -0.00953881535493603 0.998902403290052
1748445126.25028 -0.477804982346598 -1.05455293981541 2.90582985605893 -0.00408872085086881 -0.0426375921235213 -0.00861121242349515 0.999045126668615
1748445126.38361 -0.478707735930833 -1.05448559310194 2.90624366656178 -0.00361427742957998 -0.0363697351735162 -0.00641100368425513 0.999311302044478
1748445126.45029 -0.478904561779944 -1.05475865566766 2.90680271310875 -0.00403482237824176 -0.0330552937541049 -0.00526103280862956 0.999431533071172
1748445126.58377 -0.47891379879882 -1.05513029512533 2.90922412537411 -0.00400177244285582 -0.0273391315139096 -0.00309195326522339 0.999613424044709
1748445126.65042 -0.479075259347306 -1.0553763059398 2.9105019867087 -0.00405782565573742 -0.0240057657508132 -0.00197763162620004 0.999701628604663
1748445126.78373 -0.479791597895889 -1.05577499152643 2.91193171192842 -0.00529973960013408 -0.0175643599933059 0.000301863295812096 0.99983164327638
1748445126.85039 -0.4794465912656 -1.05624990332048 2.9136916437484 -0.00534978748807463 -0.0144809046983806 0.00138097968646455 0.999879880819718
1748445126.98373 -0.480557399486338 -1.05685535096236 2.91435104890959 -0.00584953059347548 -0.00788638415653362 0.00375781304371427 0.999944731861667
1748445127.05042 -0.480633249720786 -1.05654731576792 2.91488918269542 -0.00562017329718162 -0.0043915606515231 0.00442670323491898 0.999964765452075
1748445127.18375 -0.48049477688308 -1.05639832523349 2.91354180760203 -0.00601653132576202 0.00247089021055833 0.00587340868705225 0.999961598824059
1748445127.25044 -0.481552439039022 -1.05670626372476 2.91409691009978 -0.00601545280239246 0.00664316794925058 0.00668147919392339 0.999937518289499
1748445127.38373 -0.480577547585704 -1.05722681311753 2.91632870097464 -0.00519030624957062 0.0124198721278433 0.00877036972443758 0.999870935727337
1748445127.45043 -0.480440469324304 -1.05766847713936 2.91811674272286 -0.00551736096721206 0.0155447269255011 0.00992336015039396 0.999814706391187
1748445127.58372 -0.479423526303838 -1.05885671680486 2.9219786391719 -0.00678710377362157 0.0199759795024745 0.01236216880203 0.999700991420831
1748445127.65042 -0.479914815027054 -1.05910778964857 2.92283862094523 -0.00639690592739661 0.0224511708036343 0.0131260095520958 0.999641301866495
1748445127.78373 -0.479068406550589 -1.06008360985688 2.92553994420176 -0.00591386859896903 0.0270839638714735 0.0149172278566914 0.99950435785557
1748445127.85039 -0.478958065332711 -1.06055557045814 2.92712789612109 -0.00593877103182955 0.0296862053151671 0.016271659007824 0.999409172124086
1748445127.98375 -0.478508881683929 -1.06170580356197 2.93029914532643 -0.00642273852152814 0.0342523635396397 0.0184208759022711 0.999222795653114
1748445128.05043 -0.478150660299566 -1.06223191908534 2.93196853106006 -0.00642888262967178 0.0369263525871314 0.0191495927668421 0.999113810859208
1748445128.18356 -0.47726114391989 -1.06337299864116 2.93532956675172 -0.00595183993212661 0.0375624996299187 0.0188589482386262 0.999098580868929
1748445128.25022 -0.477099565920553 -1.0640556644847 2.93679550006609 -0.00618830217124328 0.0340619262214412 0.0179905596978375 0.999238625084159
1748445128.38376 -0.476297741357102 -1.0647747041945 2.9398503850446 -0.00520073564999618 0.0308578086016247 0.0174298283928165 0.999358268630025
1748445128.45026 -0.475982699381323 -1.06570995715512 2.94241073562773 -0.0051808392662257 0.0310472568051986 0.0170723603547857 0.999358674981754
1748445128.58376 -0.477080239909114 -1.06614503756856 2.94444997089295 -0.0059203169164615 0.030186288790814 0.0167729057132886 0.999386015236645
1748445128.65042 -0.476962910053173 -1.06653527508025 2.94561538948768 -0.00627056878311799 0.0283007055284435 0.016965521391191 0.999435801398796
1748445128.78377 -0.476263730909088 -1.06766471549179 2.94894785783117 -0.00581586052308725 0.0250535471168892 0.0168776533219812 0.999526708178216
1748445128.85039 -0.476111701273853 -1.06812435281862 2.95031996884112 -0.00546225118178933 0.0243462535222417 0.0163289138375958 0.999555296281473
1748445128.98368 -0.475671716636085 -1.0691407401307 2.95326480377662 -0.00579541870522809 0.0220535575876945 0.016056781773563 0.999611041094902
1748445129.0504 -0.475333783473916 -1.06951677481804 2.95478568875871 -0.00536346767410101 0.0203232594947361 0.0157075373118745 0.99965567652548
1748445129.18375 -0.474736853820796 -1.07052037661778 2.95809152969077 -0.00508481163622276 0.0164816839472643 0.0146650947144298 0.999743684042017
1748445129.2504 -0.474652345345388 -1.07083752355758 2.95931548630442 -0.00454557300721065 0.0144288043370479 0.0136952128675358 0.999791772578647
1748445129.38376 -0.474679792166293 -1.07131304819357 2.96040100544648 -0.0037292858216687 0.00980736924177198 0.0126317182214977 0.999865164725019
1748445129.45042 -0.474545961941059 -1.07178442841168 2.96191167883311 -0.00334404871391281 0.00772221767938495 0.0123041131693154 0.999888890573062
1748445129.58375 -0.474042610266109 -1.07272413182604 2.96473209521642 -0.003552452368209 0.0033193091029625 0.0113087878014511 0.999924233923607
1748445129.65067 -0.473857256386485 -1.07314637403629 2.96608397325441 -0.00350498431103768 0.0008290908578061 0.0109925107895836 0.999933093961726
1748445129.78372 -0.473550707902784 -1.07408069208262 2.96918830088216 -0.0041879486851803 -0.00415697747185437 0.010707065403607 0.999925266894757
1748445129.85046 -0.473306133261756 -1.07449132995861 2.97059153243405 -0.00452417848869274 -0.00641872559271435 0.0103245590667301 0.999915864085997
1748445129.9837 -0.472963849639129 -1.07511251009794 2.97317566027193 -0.00765559667151705 -0.0106854858554945 0.00850818529074253 0.999877403992456
1748445130.05085 -0.47288989274522 -1.07569258966239 2.97488404423862 -0.00869212888152027 -0.0135819820242895 0.00865915824598713 0.999832483788294
1748445130.18369 -0.475270653430063 -1.07828258688892 2.98185544530974 -0.00701994106740983 -0.0190713403450547 0.00862335537491485 0.999756291376519
1748445130.25019 -0.475252481396919 -1.07877329330794 2.98331530679203 -0.00660936489670022 -0.0210551207283633 0.00742979818350657 0.99972886138479
1748445130.38352 -0.47502463095126 -1.07963721202843 2.98617781091932 -0.00545140772697228 -0.0255453812537934 0.00537382809312079 0.999644355569529
1748445130.45018 -0.474967615214947 -1.0801032805226 2.98759787222439 -0.00464620214933192 -0.0283456126903023 0.00454980761679449 0.999577029696786
1748445130.58377 -0.475146368736935 -1.08108437350865 2.99068913774481 -0.00273564129157788 -0.0334119776577542 0.00293215729256715 0.999433618840858
1748445130.65033 -0.474670013465682 -1.08138968617116 2.9917446075415 -0.00361343928714641 -0.0374345146396012 0.00334645536157976 0.999286946480704
1748445130.78377 -0.474617740383911 -1.08235997671566 2.99470196564875 -0.00544890553240518 -0.0422323636338981 0.00125433869293674 0.999092169684477
1748445130.85038 -0.475518738846492 -1.08274834425893 2.9955394069794 -0.00566147087914581 -0.0446310071263665 0.000193735015567145 0.99898747910928
1748445130.98366 -0.475736757566533 -1.08373932198346 2.99853839200359 -0.00554667522633456 -0.0507306103051589 -0.00173662570001164 0.99869546094051
1748445131.05035 -0.47582028542749 -1.08421155471703 3.00002664912389 -0.00549965575092232 -0.0539022302538996 -0.00224459869668107 0.998528549985912
1748445131.18369 -0.476151793332894 -1.08519513806438 3.00309484449276 -0.00537332154408471 -0.059980055728783 -0.00414666059439371 0.998176500192361
1748445131.25057 -0.476309866688326 -1.08569486618439 3.00460304620856 -0.00559726592814874 -0.0627645004813533 -0.00469570039484104 0.998001622489291
1748445131.38367 -0.476680826557591 -1.08670314564858 3.00771693051864 -0.00495456539479694 -0.0672231546649599 -0.00609919066738308 0.997707020939435
1748445131.45034 -0.476781330926643 -1.08721789867133 3.00923272684744 -0.00448716799000587 -0.0695679063243803 -0.00679787086692069 0.997543964286662
1748445131.58366 -0.477084066368981 -1.0881468432821 3.01212298149863 -0.00374725194828407 -0.0736660378538388 -0.0090947118695915 0.99723445547462
1748445131.65055 -0.477358852964415 -1.08868953959362 3.0137542327173 -0.00343959308427877 -0.0760604513247152 -0.0102570246190938 0.997044517757185
1748445131.78368 -0.478960003334171 -1.09034761449024 3.01834544110427 -0.00270929337775816 -0.0803910599473322 -0.010514668235316 0.996704258524984
1748445131.85036 -0.479178034139718 -1.09085173689173 3.01987609734868 -0.00240944669700693 -0.0812785699426825 -0.0104935733631537 0.996633269338707
1748445131.98366 -0.479619141907909 -1.09187495895154 3.02291519527348 -0.00251228740866277 -0.0836394137669261 -0.012165936758206 0.99641865039726
1748445132.05012 -0.479814242966777 -1.0923689319605 3.02439663459927 -0.00257846652695787 -0.0857859186625714 -0.0130201109228764 0.996225177548301
1748445132.1835 -0.480226038213023 -1.0933403226912 3.0274244382647 -0.00310435938007886 -0.0902014490446309 -0.0138980234243804 0.99582172424987
1748445132.25014 -0.480463605026177 -1.09384816944872 3.02888512904468 -0.00322630450552475 -0.0920498251939683 -0.0144911164104844 0.995643725529456
1748445132.38347 -0.480949704538081 -1.09480544459064 3.03183535535653 -0.00322028795247331 -0.0958859766800074 -0.0155908208909529 0.995265007686682
1748445132.45029 -0.481734373871657 -1.09548388819193 3.03368016708149 -0.00307087719627491 -0.0974668039780506 -0.0162040404144997 0.995102115820178
1748445132.58362 -0.482341010905888 -1.09648492866607 3.03672052778269 -0.0032492750648061 -0.100471329161718 -0.0181640992180401 0.9947688272798
1748445132.65037 -0.482680043532646 -1.09698682789602 3.03825413339655 -0.00269954079332707 -0.101724687742037 -0.0189746943580694 0.994627951224632
1748445132.78362 -0.483281175532644 -1.09802203456328 3.04131315318692 -0.00235501374940023 -0.104095124190649 -0.0193669597546463 0.994375975122004
1748445132.85029 -0.483583610280146 -1.09856330193128 3.04284262319339 -0.00222997988847579 -0.105281893664056 -0.0194393350843216 0.994249899324957
1748445132.98362 -0.484793864243713 -1.09924669651852 3.04470804117669 -0.000868301776714431 -0.107575989678632 -0.020383944455439 0.993987498565815
1748445133.05029 -0.485156922908848 -1.09973420554402 3.04619850614293 -0.00143393047843959 -0.109105114399766 -0.0211936055298847 0.993803224456351
1748445133.18361 -0.485817989878347 -1.1007839074542 3.04924839769631 -0.00167556026534993 -0.112590798897683 -0.0215115191442102 0.993407146665196
1748445133.25032 -0.486168068240928 -1.10129627242818 3.05078467745926 -0.00179518295404801 -0.114001738947911 -0.0215704781294159 0.993244730823316
1748445133.38366 -0.486779048212706 -1.10231780720292 3.053844770276 -0.00259201379672558 -0.114796155153509 -0.021052409843947 0.993162585011242
1748445133.4503 -0.487100155486789 -1.10282053312093 3.05538536212543 -0.00271140314948981 -0.114196287383028 -0.0202310987536459 0.993248487984811
1748445133.58363 -0.487670485964688 -1.10382704785209 3.05842330222544 -0.00153316974795292 -0.112128462177098 -0.0192749263107164 0.993505578532924
1748445133.65029 -0.488015303652196 -1.10434932838391 3.05996806384313 -0.00235873446502333 -0.111397955553053 -0.0196567261025917 0.993578655663079
1748445133.78362 -0.48868543590882 -1.10534621563363 3.06305605259726 -0.00205580326433691 -0.111056572561248 -0.01969994749554 0.993616688382678
1748445133.8503 -0.488840519491233 -1.10581070744002 3.06450693860334 -0.00206261335586533 -0.111337523791094 -0.0191982412588215 0.993595052803092
1748445133.98341 -0.489665977427443 -1.10748628330367 3.06944288103832 -0.00281795550407887 -0.111048321651999 -0.0180500830739616 0.9936470821605
1748445134.05007 -0.489960439991433 -1.10799784397246 3.07098703541108 -0.0025522453402872 -0.110097941929874 -0.0178997828671734 0.99375627142667
1748445134.18347 -0.49057619179065 -1.10901367714779 3.07410496676933 -0.00361815947346689 -0.107463251774032 -0.0173217965806045 0.994051564961997
1748445134.25007 -0.490852592958359 -1.10953013407787 3.07568698482115 -0.00391023743425517 -0.106286693766383 -0.0168884788651709 0.994184403444874
1748445134.38369 -0.49137098880609 -1.11057835973665 3.07881425547877 -0.00440779629302546 -0.10483264630409 -0.0150751863127505 0.99436584130709
1748445134.45023 -0.491627874018596 -1.11110254927905 3.08037950686294 -0.00404146563037988 -0.104341398034413 -0.0141081271729964 0.994433255658445
1748445134.58356 -0.492684026187275 -1.11200751924701 3.08293201654052 -0.00368036214481582 -0.102534954276513 -0.0128039329250755 0.994640184884789
1748445134.65023 -0.492955526591413 -1.11252295653177 3.08453449070513 -0.00412632282747755 -0.10070661833618 -0.0124526394063308 0.994829674997198
1748445134.78356 -0.493533750706752 -1.1135794674099 3.08771628291254 -0.00355243404487993 -0.096768221582656 -0.0126419847750115 0.99522031315937
1748445134.85041 -0.493794498706877 -1.11410139841753 3.0892602883546 -0.00329622926378237 -0.0956291536791517 -0.0121620495461043 0.995337271677339
1748445134.98367 -0.494241438218882 -1.11513826305764 3.09238630091457 -0.0032240388581386 -0.0938692543044413 -0.00987150882567382 0.995530372205326
1748445135.05023 -0.49445447208877 -1.11564644689061 3.09394867078858 -0.00311613525195981 -0.0922948137046306 -0.00917517747743435 0.995684575145451
1748445135.18365 -0.494939495618373 -1.11669206115111 3.09707741376778 -0.0029783785612163 -0.0888866157381309 -0.00823966958071334 0.996003216184049
1748445135.25059 -0.495099107625713 -1.11747792770101 3.09950468891322 -0.00354010380083042 -0.087421008147193 -0.00760489120376454 0.996136135590606
1748445135.38358 -0.495552915469953 -1.11852403748441 3.10267873586157 -0.00437793639309664 -0.0854618786709185 -0.00666224881899477 0.99630954798579
1748445135.45029 -0.495769492144545 -1.11905250784417 3.10426283118365 -0.00488792798182897 -0.0845168755421774 -0.00600479903168425 0.996391965191019
1748445135.58356 -0.496251623123321 -1.12007209393332 3.10725960721619 -0.00386606664076972 -0.0821966431817413 -0.00470602481339143 0.996597520922483
1748445135.65025 -0.496461427453419 -1.12060237127652 3.10884416560194 -0.00379588658929153 -0.0812174920242624 -0.00387230455508131 0.996681652029234
1748445135.78356 -0.496854782894488 -1.12157203348166 3.11175247256932 -0.00339619880544512 -0.0790283397908618 -0.0033472886416992 0.996860964729948
1748445135.85025 -0.49710322123131 -1.12206099695356 3.11322983870831 -0.00329504224579219 -0.0783710109436941 -0.00371021204011496 0.996911912691828
1748445135.98342 -0.497583788131575 -1.12302755814193 3.11606356451445 -0.00280299896878389 -0.0781204777075981 -0.00394149897767566 0.996932193654777
1748445136.05008 -0.498149257287972 -1.12348188328929 3.11735106600668 -0.00266957261332934 -0.0778943251105819 -0.00356586305846764 0.996951669900942
1748445136.18337 -0.498546606766372 -1.12451332583623 3.12035368774463 -0.00219937723523222 -0.0759149836167997 -0.00313560039904035 0.997106938102617
1748445136.25003 -0.498759915510549 -1.1250023668504 3.12185902370629 -0.0023043284930373 -0.0752383659511083 -0.00303200657531536 0.997158305032521
1748445136.38351 -0.498791604410847 -1.12627473738467 3.12584552478955 -0.00297271286043116 -0.0739917316105325 -0.00244026355433629 0.997251438577709
1748445136.45023 -0.498970093672588 -1.12678968120142 3.12740541512215 -0.00284233210725399 -0.0732825662503956 -0.00190654879965603 0.997305345269754
1748445136.58352 -0.499333172432565 -1.12781928678441 3.13051782879297 -0.00411936692855458 -0.0720992379154324 -0.00104415627727045 0.997388410021788
1748445136.65018 -0.499536718383539 -1.12836791309793 3.13220049894013 -0.00446454998939239 -0.0713648293538554 -0.000578824108144187 0.99744012045202
1748445136.78353 -0.499889229421964 -1.12936903702593 3.13530946312347 -0.00507512387350156 -0.06973309718702 -0.000144919137239546 0.997552764154768
1748445136.8502 -0.500075157013896 -1.12986403399572 3.13689210656451 -0.0057849396689546 -0.0687060177760264 8.85097651038558e-05 0.997620173092149
1748445136.98351 -0.500413435908587 -1.13084294299049 3.13985834209865 -0.00568856821011882 -0.066622287395322 0.000368060025487199 0.997761983413756
1748445137.05018 -0.500583954017128 -1.13130826361246 3.14134361899251 -0.00663870738747024 -0.0663390970148161 0.000577943584532191 0.997774883304193
1748445137.18352 -0.500836809952352 -1.13222989172032 3.14422065128439 -0.00734406556538125 -0.0652651394184232 0.00206733474853009 0.997838790789726
1748445137.25018 -0.500971491488426 -1.13269882466701 3.14565047850891 -0.00682535728900951 -0.0640771168029551 0.00294491595967409 0.997917263639671
1748445137.38352 -0.501120179418646 -1.13344306358383 3.14779783696545 -0.00771271201439333 -0.0623235812620689 0.00341028977754496 0.998020368136686
1748445137.45019 -0.501400632033156 -1.13408601596784 3.14991156922124 -0.0065097414442028 -0.0617856782779481 0.00379987847908246 0.998060977170036
1748445137.58352 -0.501644815486131 -1.13497698973055 3.1528985932159 -0.00983914297449262 -0.0611784629583823 0.00536302788434184 0.998063938266226
1748445137.65021 -0.501760356192788 -1.13549691516503 3.15435840017765 -0.00812516814911701 -0.0603673307809887 0.00588870215850426 0.998125788768037
1748445137.78352 -0.50201813880313 -1.13643853209813 3.15725503981954 -0.00877543977288792 -0.0593695531701385 0.00677835237349268 0.99817448462294
1748445137.8501 -0.502148050571335 -1.13693346108284 3.15892355223501 -0.0102062586123495 -0.0590255993626814 0.00785590333359835 0.998173379572821
1748445137.98334 -0.502346447136847 -1.13788585724124 3.16177965929477 -0.00803433294224432 -0.0578654445290842 0.00926494945137801 0.998249067385133
1748445138.05001 -0.502465226215592 -1.13832200278789 3.16323164962449 -0.00832200069042449 -0.0568384717041881 0.00943554308510195 0.998304113467199
1748445138.18331 -0.502693798389726 -1.13923070218984 3.16589929233691 -0.00674550907543336 -0.0556749947487094 0.00947371674938912 0.998381210639502
1748445138.25016 -0.502832604421411 -1.13968325522943 3.16739614515832 -0.00720004164386356 -0.0557421994368813 0.00982081948361792 0.998370932122393
1748445138.38347 -0.50304229157241 -1.1405581976493 3.17021054447535 -0.00976558568602903 -0.0559666320599797 0.0107224160209301 0.998327300651818
1748445138.45014 -0.503137418049213 -1.14097167295496 3.17157994246091 -0.0102377155373101 -0.0557831635504671 0.0112642847470804 0.998326872188671
1748445138.58362 -0.503302966835467 -1.1417925883893 3.17412078486223 -0.0108542758718158 -0.0539313013135517 0.0123214235480849 0.998409626333638
1748445138.65014 -0.503392065758607 -1.14217986403274 3.17529437800156 -0.0106570689311526 -0.0538056408787812 0.0127196966147982 0.998413536170983
1748445138.78352 -0.503592285741207 -1.14293046236652 3.17745681793888 -0.00898784771202199 -0.055587690663088 0.0124507724011811 0.998335717835871
1748445138.85028 -0.503693969643794 -1.14328827937256 3.17848051769736 -0.00796714846255042 -0.0564162652397666 0.0121307642222508 0.998301845195708
1748445138.98348 -0.50388229851949 -1.14396342143713 3.1805458050316 -0.00661823854209764 -0.0549283778997851 0.0114563453155123 0.998402636400721
1748445139.05013 -0.503975236487194 -1.14432680284667 3.1815821728306 -0.00611578494690707 -0.054526533251033 0.0115811256528668 0.99842642787274
1748445139.18351 -0.504160514843121 -1.14500722199102 3.18372417894954 -0.00631987677179213 -0.0550640839171932 0.0113419218757936 0.998398400753984
1748445139.25013 -0.504243426086829 -1.14535078963568 3.18481412974972 -0.00657342817971074 -0.0547880594537846 0.0112692675684254 0.998412771448626
1748445139.38346 -0.504438455241508 -1.14607989630699 3.18699482903913 -0.00559816094668869 -0.0538341731142735 0.0108785712285167 0.998474936634437
1748445139.45013 -0.504544599920682 -1.14642276680019 3.1881185942965 -0.00614545466849092 -0.0533566093795683 0.0104090046670058 0.998502357655842
1748445139.58347 -0.504731695067665 -1.14711102729045 3.19040857131968 -0.00877817772737638 -0.0530232224030066 0.0103048133658863 0.998501523435634
1748445139.65014 -0.504816515621125 -1.14741866996252 3.1915841044881 -0.0110026924983597 -0.0531731140079196 0.0106426822410459 0.998467973456937
1748445139.78334 -0.504996055300403 -1.14800744451191 3.19398277513542 -0.0153442567088275 -0.0536774790928838 0.0111913325236225 0.998377702125119
1748445139.84996 -0.505094756179725 -1.14822775730728 3.1952829752285 -0.0216980880379137 -0.0536863315817321 0.0111305490543641 0.998260027074381
1748445139.98329 -0.505321862420738 -1.14876578430256 3.19781839624783 -0.0299069034656883 -0.0506212173525118 0.0083480168243815 0.998235132668623
1748445140.04994 -0.505485909765206 -1.14902227892596 3.19905386674873 -0.0333528097994104 -0.0483293112247257 0.0056452133097195 0.998258483220511
1748445140.18326 -0.505711953901325 -1.14962635913913 3.20136663390737 -0.0388763496715318 -0.0461764748290031 0.00462740727541722 0.99816579269703
1748445140.25009 -0.505752238839627 -1.14998472843698 3.2023855766463 -0.0382023492133861 -0.0476506282338306 0.00570609984412578 0.998116946338488
1748445140.38354 -0.505833397438107 -1.15061964259698 3.2042551380828 -0.0353737593312001 -0.0479913612060552 0.00623447537193393 0.998201711938627
1748445140.45037 -0.505914037264022 -1.15096743141687 3.20509233570788 -0.0327108190372412 -0.0473340367402165 0.0064861622726126 0.998322303158034
1748445140.58343 -0.50601837604654 -1.15158002178756 3.20672355311825 -0.025738357394473 -0.0462338440385946 0.00769857706284413 0.998569326854804
1748445140.65005 -0.506004423949925 -1.1518730453871 3.20753904029425 -0.0228573021219631 -0.0456981611103532 0.00877293376555244 0.998655224511434
1748445140.78342 -0.506009499959838 -1.15240470157059 3.20917295664432 -0.0168677289987209 -0.0434813587577423 0.0107257059242425 0.998854248822836
1748445140.85012 -0.506103064528361 -1.15271440193557 3.20997010165033 -0.013408829684709 -0.0405953195146535 0.00820015055466057 0.999052041112409
1748445140.98351 -0.506297251591524 -1.15322548044321 3.21159322168033 -0.00962230561836913 -0.0364792978750446 0.00555318188824096 0.999272652598902
1748445141.11674 -0.506330063472759 -1.15375870369298 3.21316842290893 -0.00691218937193872 -0.0354402181860534 0.00642943592566708 0.99932721114092
1748445141.18341 -0.50630178374183 -1.15398898768315 3.21397850508284 -0.0075454240756736 -0.0355663105531887 0.00891628542830914 0.999299056330643
1748445141.31674 -0.506348769154688 -1.15443792471056 3.21557010744716 -0.00904788634912518 -0.0323071788885944 0.00865194464900702 0.999399582648834
1748445141.38343 -0.50639963093347 -1.15469668122127 3.21634184174557 -0.00876586842811383 -0.029885525339275 0.00773421371930846 0.999484965801908
1748445141.4501 -0.506424203212805 -1.15493680940463 3.21711319686382 -0.00941596995219718 -0.0280591332893533 0.0077728002911655 0.999531694407207
1748445141.58342 -0.506446859623501 -1.15540599289632 3.21861766223909 -0.0118735063241384 -0.0248820971442767 0.00715701671526532 0.999594256786728
1748445141.64987 -0.50647987446188 -1.15562148942866 3.21934538554084 -0.0131838029353796 -0.0235766497343952 0.00608307278066358 0.999616589074535
1748445141.78322 -0.506555851433975 -1.15605903155518 3.22074629094146 -0.0119605958332226 -0.0214820058407835 0.00526184803512003 0.999683840285331
1748445141.91655 -0.506539683669295 -1.15646228864302 3.22212974652763 -0.0132919526728899 -0.0204767102391297 0.00607180321836234 0.99968353069239
1748445141.98324 -0.506516305417745 -1.15665513011503 3.2227968039887 -0.012469190121263 -0.019270049575247 0.00653231432708882 0.999715216127383
1748445142.04987 -0.506520780743474 -1.15685177790449 3.22349314101596 -0.0139042140780089 -0.0181781782465041 0.00664736401735366 0.99971597927518
1748445142.18336 -0.506520384769929 -1.1571797413127 3.22481801744344 -0.0184119657464502 -0.0154768542306372 0.00688653172170419 0.999686972097427
1748445142.31669 -0.506490267946546 -1.15755727485476 3.22586725902358 -0.0148181224346649 -0.0131886908213889 0.00691737736572467 0.999779291430018
1748445142.38336 -0.506494574848996 -1.1577405546417 3.22639830116323 -0.0144583640117181 -0.0122463372576058 0.00675901883363374 0.999797628822095
1748445142.5167 -0.506497004517233 -1.15808217504703 3.22747678650581 -0.013217597216355 -0.0105388702184424 0.00668604435475992 0.999834748420573
1748445142.58337 -0.506496569991305 -1.15825008850926 3.22802180767178 -0.0132510484204703 -0.0102034294381497 0.00635994800768185 0.99983991258841
1748445142.71668 -0.506416786657643 -1.1586463884042 3.22907731498921 -0.0112498469346597 -0.00876582094260596 0.00857087407873762 0.999861561139679
1748445142.78336 -0.506366781449964 -1.15881703919418 3.22964654992134 -0.0112738607204002 -0.00760176754914454 0.00944905232771238 0.999862904904814
1748445142.9167 -0.506323685802122 -1.15914448252065 3.23086093173852 -0.013728033441725 -0.00312000420608905 0.00889537202433231 0.999861329899364
1748445142.98336 -0.506328402197088 -1.15932854319312 3.23145060708039 -0.0135896460645129 -0.00111704122655999 0.00836768929871333 0.999872019567774
1748445143.11669 -0.506237283149356 -1.15970122331677 3.23266095696236 -0.0137053176166446 0.00450535279904341 0.00856729314436388 0.999859223867721
1748445143.18337 -0.506162861184849 -1.15993528220142 3.23330673573696 -0.0128648681558465 0.00735198312093672 0.00919321540815005 0.999847952591784
1748445143.3167 -0.506035090366792 -1.16027837156503 3.23480554742754 -0.0174459672593382 0.0130722348295558 0.0097179249754917 0.999715117839636
1748445143.38336 -0.505978368807203 -1.16054645771576 3.23549607710382 -0.0163185904053515 0.0145996421955696 0.0103318388268915 0.99970686061535
1748445143.51674 -0.505779553430019 -1.16102758539416 3.23689484432066 -0.0119660284891031 0.0180787414860389 0.0126813952070512 0.999684527980743
1748445143.58316 -0.505678224650682 -1.16127417539945 3.23762494987479 -0.0117037312834785 0.0209117267418725 0.0131747517634549 0.999626004200916
1748445143.71651 -0.505519115258662 -1.16186405567784 3.23907329559191 -0.00594421044081606 0.0245793696095833 0.0139573510504103 0.999582769611145
1748445143.78349 -0.505401760956653 -1.16213927443324 3.23985911406676 -0.00562218732369285 0.0252426018096814 0.0159245640062223 0.999538698762978
1748445143.91649 -0.505149706056974 -1.16280833739985 3.24153001407324 -0.00236215702801473 0.0257419532822166 0.0189512448017763 0.999486179182011
1748445143.98317 -0.505001664354904 -1.16309179089143 3.24248730075948 -0.00235655814703506 0.0275446791553551 0.0198337265173796 0.99942101267502
1748445144.11664 -0.504765221372592 -1.16365056817426 3.2445517908046 -0.00413700018936913 0.0344938746440889 0.0201718413310817 0.999192751504326
1748445144.18334 -0.504623200047197 -1.1639902049575 3.24563302311908 -0.0041609140152033 0.0368837424110481 0.0212842951582278 0.999084208222676
1748445144.31664 -0.50444801007185 -1.16441773131577 3.24694034672324 -0.0025688557507445 0.0405805750182568 0.0230533365010489 0.998906983451157
1748445144.38331 -0.504237124983483 -1.16470537078925 3.24796606774011 -0.00520497852013452 0.0427856175087435 0.0252497841002981 0.99875159450981
1748445144.51672 -0.504024937852977 -1.16510193805486 3.24934869317008 -0.00625585623804298 0.0496012908788924 0.0273233210388378 0.998375686970233
1748445144.5834 -0.50395628018834 -1.16550457511051 3.25060677369837 -0.00720800310513486 0.0520920770891727 0.0282051147285713 0.998217877869817
1748445144.71664 -0.503592656591904 -1.16607562377945 3.2522473909577 -0.0103295618883796 0.0538381395918877 0.0319556920267172 0.99798476372316
1748445144.78332 -0.503413084541323 -1.16635459310306 3.25308835950389 -0.00891821831588352 0.0557185322424708 0.0343339819012481 0.997816159537226
1748445144.91665 -0.503220839635703 -1.16671043800313 3.25423785014762 -0.0100759237013446 0.0630907452898696 0.0362825578409826 0.99729715211508
1748445144.98332 -0.503062760268756 -1.16696157542244 3.25503596236439 -0.00997037221192787 0.0652283741475015 0.0378680418240502 0.997101731165101
1748445145.11679 -0.502721455704611 -1.16752680592948 3.2565318047396 -0.00685039141566402 0.0699777162744977 0.039364451035698 0.996748028017671
1748445145.1833 -0.502534138289732 -1.16776495286614 3.2572162080771 -0.00551782651679866 0.071864165947813 0.0404304873671805 0.996579385164277
1748445145.31663 -0.502278454261607 -1.16819011904348 3.25853480418081 -0.00507054729478618 0.0760057200277334 0.0433001368648693 0.996153862724369
1748445145.3833 -0.501978631206721 -1.1684315073593 3.25926834922689 -0.00371247087933868 0.0787412798190554 0.0437285782866192 0.995928631907658
1748445145.51647 -0.50173549916664 -1.16884208698219 3.26055760465161 -0.00272988435937505 0.08404226467944 0.0454788488760688 0.995420072021779
1748445145.5831 -0.501543287372174 -1.16903826075628 3.26121934848499 -0.00144311506369027 0.0858055909098585 0.0458959524812497 0.99525317358618
1748445145.71644 -0.500681757502186 -1.16983208657326 3.26342172678935 -0.00265766676245349 0.0891077201823629 0.0474733110393612 0.994886443645827
1748445145.78311 -0.500464156342815 -1.16999244897318 3.26418766961418 -0.00437655543333337 0.0920202393976989 0.0487898657870288 0.99455149203056
1748445145.91644 -0.500080768134739 -1.17046998085375 3.26551268066777 -0.00313235354230479 0.0974340028144881 0.0501460845038572 0.99397292401039
1748445145.98311 -0.499809970009789 -1.17064784689955 3.26623962317966 -0.00462099609855887 0.100162091259869 0.0520332043130997 0.993598886633041
1748445146.11661 -0.499376305160752 -1.17108670667049 3.26765195649453 -0.00509296767975331 0.109570497328717 0.0526251780933847 0.992571890809925
1748445146.18322 -0.499213727369961 -1.17130625155187 3.2683466337641 -0.00622056115339731 0.112597479961917 0.0531543565789791 0.992198431011578
1748445146.3166 -0.498508354513376 -1.17169394460482 3.27004757074538 -0.0112626204775633 0.11664167242355 0.0558306365658892 0.991539617793895
1748445146.38325 -0.498179909878241 -1.17196772019855 3.27077052167012 -0.0122501828171102 0.119524273723408 0.0584775998640417 0.991031912365076
1748445146.51665 -0.497666062294458 -1.17239767625131 3.27208702857928 -0.0102028731424247 0.125506872238777 0.0616869486872043 0.990120521331692
1748445146.58325 -0.497403129684954 -1.17263980637481 3.27266953561041 -0.00729537575116812 0.127632869839638 0.0629307234943993 0.989796116414698
1748445146.71661 -0.496820620442112 -1.17306319761514 3.27399689005622 -0.00809120427530169 0.126045695644419 0.067011090708144 0.98972548150737
1748445146.78325 -0.496503912629815 -1.17328020973826 3.27469388153641 -0.00763546003468452 0.127123752560987 0.0694531728112919 0.989422815620964
1748445146.91659 -0.495918473214457 -1.17374277453741 3.27614687852032 -0.00814009573515667 0.134712999106282 0.0712816868149319 0.988283900424383
1748445146.98329 -0.495628908937992 -1.17395322638953 3.27683618575234 -0.0075219191556119 0.136937336930799 0.0742083237750889 0.98776753903386
1748445147.11659 -0.494967019580044 -1.17440436376808 3.27816241973516 -0.0046213009593809 0.140373684158231 0.0774228557808322 0.98705601349469
1748445147.18324 -0.494641211171838 -1.17463164521163 3.27882667360165 -0.00384733414473348 0.142674820345237 0.0774015583311727 0.986731013208432
1748445147.31658 -0.494017593380302 -1.17500213970561 3.28024511148891 -0.00555390609818851 0.150282089135362 0.0800488114993809 0.985381467041927
1748445147.38356 -0.493826135526312 -1.17521786528279 3.28088299588307 -0.00604970095236057 0.153893189381322 0.0791613587301477 0.98489276911978
1748445147.51642 -0.493075769045927 -1.17561482208429 3.28223478187216 -0.00653367120133391 0.157818322397728 0.0819288700045535 0.984041842868471
1748445147.58305 -0.492695642324122 -1.17577701457991 3.28285184190553 -0.00655190516330251 0.160956669371234 0.0843660619635182 0.983327204297948
1748445147.7164 -0.492044960872443 -1.17615723792142 3.28410699619717 -0.00898392346964949 0.166812056124079 0.0863297172940546 0.982160988312342
1748445147.78319 -0.491750517150301 -1.17631161723114 3.28477083608995 -0.009968877925494 0.168937981846305 0.0875244978403267 0.981682251057033
1748445147.91639 -0.491042806716184 -1.17662960938615 3.28606422967936 -0.0120766782158501 0.173111308236643 0.0915205982725819 0.980566473471175
1748445147.9832 -0.490669087792933 -1.17682777575129 3.28664902542817 -0.0127824889537995 0.174384187052863 0.0934580730862496 0.980149147761229
1748445148.11654 -0.489938254880688 -1.17716836859783 3.28778848224145 -0.010338906388067 0.180173875628937 0.0967559991853215 0.978809868246738
1748445148.18319 -0.489629913257398 -1.17736550633297 3.28836568180177 -0.0105934149070037 0.18282978858342 0.0974677838655583 0.978243875051353
1748445148.31667 -0.48901121914256 -1.17768546326012 3.28952683003954 -0.0111979193644599 0.186007627183027 0.0988498618851182 0.977499091578575
1748445148.38321 -0.488659863286092 -1.17785689281221 3.29006984944033 -0.0112114371129802 0.189166881660643 0.0993510151105309 0.976841630131086
1748445148.51654 -0.487966532637715 -1.17820966731285 3.29107099177088 -0.0105860524852529 0.196757717001377 0.102393055121287 0.975033332023123
1748445148.58319 -0.487675956627598 -1.17834633815811 3.29154189690807 -0.0105380323946387 0.199867328547512 0.101865727180595 0.974456450786026
1748445148.71654 -0.487090544069932 -1.17867863327536 3.2922932280483 -0.00561870603774067 0.204655250726944 0.104403353430906 0.973234092233073
1748445148.78317 -0.486760127508832 -1.17878944291103 3.29269272513412 -0.00418204214373841 0.207441789931412 0.106032364599547 0.97247496213064
1748445148.91654 -0.486126374687047 -1.17914674400594 3.2935833220705 -0.00204998929282013 0.213509605644604 0.105665912463877 0.971207578628051
1748445148.9833 -0.485813092421963 -1.17930013929377 3.29405089686802 7.77925096429599e-05 0.216283452100682 0.106467069697478 0.970508230447207
1748445149.11654 -0.485089647897982 -1.17959038618594 3.29509501786001 -0.000692911760685588 0.220487141032889 0.108177302065486 0.969372277213593
1748445149.18321 -0.484686794631283 -1.17971494002939 3.29566399930272 -0.00216817540421388 0.221542516230225 0.110261733555061 0.968894505419052
1748445149.31678 -0.483989742780155 -1.1800238370688 3.29679149416866 -0.00325144684563033 0.225546098569713 0.109654366969378 0.968036314049187
1748445149.38303 -0.483636305999993 -1.1801966575643 3.29737355808815 -0.00356397511596218 0.227409318618343 0.110387750534709 0.967515810939956
1748445149.51653 -0.482865821569506 -1.18047590801771 3.29840575453108 -0.005292335031017 0.22919525681099 0.112473859163518 0.966845983830997
1748445149.58302 -0.482468686463536 -1.18061664722992 3.2991050240006 -0.00673683486678728 0.229915161212938 0.112441170441682 0.966669859305705
1748445149.71654 -0.481887101670327 -1.1807686966046 3.30017657009403 -0.0126075630658897 0.23368135387283 0.112616831637257 0.965687073247689
1748445149.783 -0.481645266643406 -1.18091667251292 3.30055880173662 -0.0113420235929554 0.236036953594912 0.11271868562255 0.965117823351105
1748445149.91656 -0.481118205622068 -1.18108934148354 3.30122926394687 -0.0110133979302117 0.238793081840255 0.113383086021516 0.964365514177846
1748445149.98316 -0.480861271257716 -1.18120064982557 3.3015576970832 -0.0112623640346241 0.240075375036372 0.113862454252324 0.963987715154677
1748445150.11657 -0.480351295428916 -1.18132973001664 3.30232281156864 -0.0148749714956863 0.244794064657893 0.115208834118721 0.962591047990929
1748445150.18319 -0.480092812919639 -1.18142898440813 3.30268038501734 -0.015229126510547 0.247778307102735 0.115145689299192 0.961829223132071
1748445150.31649 -0.479552656824768 -1.18163854646114 3.30340676935127 -0.0185652972560262 0.251716095124472 0.115890553959169 0.960657960304353
1748445150.38316 -0.479290321135901 -1.18173730815999 3.30374379461244 -0.0178657199733679 0.253169484343903 0.116036289786809 0.960271632247557
1748445150.51649 -0.478721731270064 -1.18196587140188 3.30445445914047 -0.0172734435406987 0.255925292451319 0.116778694162417 0.959461624778018
1748445150.58314 -0.47841649162853 -1.18202463038035 3.30488264117175 -0.0194950652549802 0.257044540544262 0.117798915342122 0.958995027177572
1748445150.71647 -0.477828498564421 -1.18220486762329 3.30563962503902 -0.0224196400085224 0.260549911640159 0.119274750193825 0.957801982276292
1748445150.78314 -0.477548673079024 -1.18228742283698 3.3059813954855 -0.022179420152827 0.261789446252541 0.120228084945498 0.957350284244388
1748445150.9165 -0.477020896943093 -1.18246484388753 3.30656832542702 -0.0210534047605624 0.264036526442024 0.121720220608459 0.956569733342764
1748445150.98318 -0.476779007846747 -1.18256243442246 3.30680091705635 -0.0193322526038578 0.265986083669388 0.122414629904035 0.955977157514205
1748445151.1165 -0.476330623127191 -1.1827204762676 3.3073125844737 -0.0184833635120637 0.269343930943478 0.122482513203972 0.955044630421236
1748445151.18318 -0.476120408893967 -1.1828199534843 3.3075856675829 -0.018312530694422 0.270510592488098 0.122416647384701 0.954726576049077
1748445151.31631 -0.475708768321693 -1.18295445831651 3.30814766255614 -0.017630954658037 0.272336680990693 0.121774561266149 0.954302278030005
1748445151.38295 -0.475475657933944 -1.18305126438082 3.30840289865315 -0.0165498026941399 0.272843922587447 0.122496381293572 0.954084343497922
1748445151.51628 -0.474934253554106 -1.18319661858791 3.30902095109914 -0.0172037734866571 0.275313261791108 0.123443124514753 0.953241015205386
1748445151.58295 -0.474665388909074 -1.18325580900746 3.30938004422686 -0.0176195550540562 0.277743260694365 0.123285226323251 0.952548678750322
1748445151.7163 -0.474096513907728 -1.18339360319212 3.31006758103649 -0.0198102163457852 0.28183135352379 0.125510172255255 0.951013059931218
1748445151.78297 -0.473817585364514 -1.18342373957123 3.31035542562121 -0.0212281032213574 0.283338327760093 0.126435718819376 0.950411894213433
1748445151.91645 -0.473398002452332 -1.18356847702189 3.31083283285727 -0.0203661470679485 0.284257207367352 0.126026749533882 0.950210670596392
1748445151.98311 -0.473234977051521 -1.18362932505949 3.31110200134093 -0.0205071815925844 0.284538393737638 0.124985938687146 0.950260950014693
1748445152.11644 -0.472803008335998 -1.18372727954727 3.31164887009632 -0.0217094289304161 0.287310777659545 0.125319203595547 0.949355736774346
1748445152.18321 -0.472557086560593 -1.18380637635576 3.31187302699057 -0.020707973848246 0.289231638253225 0.126129905299333 0.94868724363809
1748445152.31644 -0.472094135588774 -1.18391858282263 3.31235560497397 -0.020624079825251 0.291237271769365 0.126675596482752 0.948002527485786
1748445152.3831 -0.47188282304641 -1.18398304754793 3.31259451581977 -0.0208450608045396 0.292072811884867 0.127038432721498 0.947692034687106
1748445152.51644 -0.471447342048932 -1.1841676813498 3.31301873806775 -0.0185696186113366 0.293856469257123 0.127875668995454 0.947075159646441
1748445152.58312 -0.471182153720933 -1.18420436505413 3.31327965857306 -0.0197269622416271 0.294847573745477 0.128778447012661 0.946621290063841
1748445152.71651 -0.470629627069888 -1.18428546401745 3.31379217601206 -0.0216646920582619 0.298426068301393 0.131956054740663 0.945018583147163
1748445152.78311 -0.47039711699914 -1.18433624184367 3.31402174489588 -0.0221192106810517 0.300590935359214 0.132391419931029 0.944260738370163
1748445152.91644 -0.469966998209247 -1.18446250414384 3.31440022819669 -0.0214557028570809 0.30339453461792 0.134301405003084 0.943108976626287
1748445152.9831 -0.46974595236042 -1.18450386344651 3.3145856424202 -0.0214495041413648 0.3046620599551 0.135265640867779 0.942562546676152
1748445153.11644 -0.469329618526504 -1.18460701843786 3.31498484250506 -0.0213725625315542 0.307003269067535 0.136205981868844 0.941668804227806
1748445153.18311 -0.469132174345697 -1.18467293633343 3.31520328088718 -0.0207697609761071 0.307219748827168 0.136339862045176 0.941592313571574
1748445153.31623 -0.468662911539876 -1.18475164937859 3.31562054716372 -0.0212444122216083 0.308616660550464 0.138646229894957 0.940787784102213
1748445153.38294 -0.468406131152552 -1.18481770575543 3.31578922672646 -0.0203557875189253 0.31043175614334 0.140148108196531 0.939987379947827
1748445153.51624 -0.467853835906054 -1.18488644035619 3.31617434581164 -0.0205100939205213 0.315298830362381 0.143215198957373 0.93789945644887
1748445153.58309 -0.467572971335949 -1.18494530285539 3.31638479076327 -0.0201716603518187 0.318244347939705 0.143997344540067 0.936791547724728
1748445153.71626 -0.466932657542019 -1.1849850006836 3.31691252654054 -0.0231689892533239 0.322373802349999 0.148183503644797 0.934655005198675
1748445153.78293 -0.466632050454354 -1.1850226674467 3.3171849035175 -0.0246458103600011 0.323796851193863 0.149467090535638 0.933920645470186
1748445153.91644 -0.466056409801075 -1.18512036505618 3.31763759293855 -0.0236074599154978 0.328589257464577 0.151764785885265 0.931900873205094
