EF-marginalizeFrame 0.00011484 3.37702e-09 0.00124356 2117
FullSystem::trackNewCoarseNoIMU 0.00242987 3.02269e-06 0.0992625 6476
FullSystemOptimize 0.14617 0.000203248 0.32898 2123
IMUInitAddPose 1.8155e-05 -nan 1.8155e-05 1
InitializerFirstFrame 0.0323653 -nan 0.0323653 1
InitializerOtherFrames 0.030185 0.000215478 0.0895107 112
VisualMarginalization 3.30944e-05 4.94806e-10 0.000585485 2117
activatePointsMT 0.004474 4.11672e-06 0.0156545 2123
addActiveFrame 0.05979 0.00566897 0.373276 6589
afterCoarseTracking 2.82578e-07 1.83941e-12 7.8789e-05 6476
baIteration 0.0227229 3.30524e-05 0.0646787 12756
coarseTrackingIteration 0.000150552 3.52128e-08 0.00410642 66300
debugPlot 9.85059e-08 4.53048e-15 7.31e-07 2123
debugPlotIDepthMap 4.85199e-07 5.20132e-12 0.000105178 2123
debugPlotIDepthMapFloat 3.52996e-08 1.29377e-16 1.7e-07 2123
deliverTrackedFrame 0.0567504 0.00575191 0.346431 6477
flagFramesForMarginalization 1.92794e-06 2.18377e-12 5.338e-05 2123
fullCoarseTracking 0.00243694 3.02495e-06 0.0992703 6476
initObjectsAndMakeImage 0.00108485 1.12314e-07 0.00492728 6589
makeKeyframe 0.16469 0.0002053 0.346426 2123
makeKeyframeChangeTrackingRef 0.00175288 5.77545e-08 0.00386003 2123
makeNewTraces 0.00337717 1.58915e-07 0.00728865 2123
makeNonKeyframe 0.00409806 1.69071e-06 0.00832661 4354
marginalizeAndRemovePoints 0.00326208 7.33955e-07 0.00714487 2123
marginalizeFrame 0.00157091 1.21625e-07 0.00381027 2117
marginalizeFrameOverhead 0.00145312 1.02989e-07 0.00366027 2117
marginalizeFrames 0.00156763 1.28398e-07 0.00381228 2123
newFrameAndNewResidualsForOldPoints 0.000895601 4.07317e-08 0.0026997 2123
printEigenValLine 1.42528e-07 2.13827e-15 1.392e-06 2123
printLogLine 0.000147665 5.81462e-08 0.00261606 2123
publishInMakeKeyframe 2.26203e-07 6.29096e-12 0.000115689 2123
removeOutliers 0.000142584 3.4584e-09 0.00139145 2123
swapTrackingRef 4.43355e-07 8.92864e-14 6.232e-06 2123
timeMeasurement 1.85693e-06 1.0717e-11 0.000193656 6589
traceNewCoarse 0.00364359 1.62168e-06 0.00831529 6477
zero 1.25523e-07 9.49657e-15 1.353e-06 6589
