1620662541.864441 9.745219 0.189014
1620662542.029441 9.763541 0.177224
1620662542.194442 9.772817 0.163487
1620662542.326442 9.742103 0.148240
1620662542.458442 9.715472 0.134904
1620662542.590442 9.695521 0.122514
1620662542.755443 9.693466 0.109089
1620662542.887443 9.691905 0.099233
1620662543.019444 9.682150 0.089289
1620662543.184444 9.672990 0.078073
1620662543.316444 9.644017 0.069754
1620662543.448445 9.641779 0.062383
1620662543.580445 9.652262 0.056272
1620662543.712445 9.648178 0.050470
1620662543.844445 9.621714 0.045192
1620662543.976446 9.604352 0.041134
1620662544.141446 9.599472 0.036789
1620662544.273446 9.588609 0.033815
1620662544.405447 9.594328 0.031106
1620662544.537447 9.633421 0.028894
1620662544.669447 9.641572 0.026968
1620662544.834448 9.634977 0.024601
1620662544.999448 9.609104 0.022052
1620662545.164448 9.602916 0.019810
1620662545.329449 9.552010 0.017976
1620662545.494449 9.513472 0.016586
1620662545.692450 9.469814 0.014629
1620662545.923450 9.447243 0.012651
1620662546.088451 9.419213 0.011421
1620662546.253451 9.420318 0.010695
1620662546.418452 9.420958 0.010263
1620662546.583452 9.433218 0.009839
1620662546.781453 9.431860 0.009386
1620662546.979453 9.443809 0.009046
1620662547.144453 9.457550 0.008886
1620662547.309454 9.462228 0.008766
1620662547.507454 9.471079 0.008707
1620662547.705455 9.483718 0.008629
1620662547.870455 9.495330 0.008592
1620662548.068456 9.499811 0.008505
1620662548.266456 9.499916 0.008384
1620662548.530457 9.499832 0.008206
1620662548.728457 9.464922 0.008136
1620662548.926458 9.455613 0.008086
1620662549.091458 9.451884 0.007999
1620662549.256459 9.440534 0.007925
1620662549.421459 9.432857 0.007851
1620662549.586459 9.434137 0.007775
1620662549.751460 9.447014 0.007678
1620662549.916460 9.469312 0.007560
1620662550.081460 9.483774 0.007394
1620662550.246461 9.502381 0.007251
1620662550.411461 9.518167 0.007122
1620662550.576462 9.554131 0.007049
1620662550.741462 9.582298 0.006927
1620662550.906462 9.603941 0.006807
1620662551.071463 9.620989 0.006744
1620662551.269463 9.641645 0.006661
1620662551.467464 9.670416 0.006574
1620662551.665464 9.694037 0.006487
1620662551.863465 9.717296 0.006412
1620662552.028465 9.730966 0.006351
1620662552.193465 9.742059 0.006286
1620662552.358466 9.743196 0.006218
1620662552.523466 9.736453 0.005945
1620662552.655467 9.721331 0.005912
1620662552.787467 9.717203 0.005865
1620662552.952467 9.712655 0.005806
1620662553.150468 9.699210 0.005742
1620662553.282468 9.695736 0.005685
1620662553.447468 9.684151 0.005634
1620662553.579468 9.674440 0.005590
1620662553.744469 9.655055 0.005542
1620662553.876470 9.639331 0.005494
1620662554.008470 9.623703 0.005447
1620662554.140470 9.613318 0.005411
1620662554.305470 9.604910 0.005375
1620662554.437471 9.596257 0.005346
1620662554.569471 9.588923 0.005324
1620662554.701472 9.585024 0.005301
1620662554.833472 9.584287 0.005278
1620662554.965472 9.584838 0.005260
1620662555.097472 9.584193 0.005244
1620662555.262473 9.584093 0.005225
1620662555.394473 9.585438 0.005206
1620662555.559474 9.588089 0.005185
1620662555.724474 9.590009 0.005173
1620662555.889474 9.591319 0.005156
1620662556.087475 9.596718 0.005140
1620662556.252475 9.598141 0.005127
1620662556.384475 9.599850 0.005117
1620662556.483475 9.603112 0.005109
1620662556.582476 9.608099 0.005105
1620662556.714476 9.609835 0.005099
1620662556.846476 9.611381 0.005094
1620662556.978477 9.614707 0.005086
1620662557.143477 9.618510 0.005072
1620662557.275477 9.622942 0.005061
1620662557.407478 9.627030 0.005051
1620662557.506478 9.629003 0.005045
1620662557.638478 9.632505 0.005032
1620662557.770478 9.636157 0.005017
1620662557.869479 9.638662 0.005008
1620662558.001479 9.641734 0.004996
1620662558.133479 9.645208 0.004984
1620662558.232480 9.647810 0.004975
1620662558.364480 9.651607 0.004961
1620662558.496480 9.653793 0.004949
1620662558.661481 9.655804 0.004934
1620662558.793481 9.659092 0.004922
1620662558.925481 9.662687 0.004912
1620662559.057482 9.664113 0.004906
1620662559.189482 9.664783 0.004896
1620662559.321482 9.666622 0.004886
1620662559.420483 9.668318 0.004879
1620662559.552483 9.670215 0.004870
1620662559.684483 9.671924 0.004861
1620662559.816483 9.674183 0.004854
1620662559.948484 9.674794 0.004846
1620662560.047484 9.675657 0.004844
1620662560.179484 9.677474 0.004838
1620662560.311485 9.679418 0.004832
1620662560.476485 9.681609 0.004825
1620662560.608485 9.682306 0.004818
1620662560.773486 9.684949 0.004810
1620662560.905486 9.688049 0.004804
1620662561.037486 9.689992 0.004796
1620662561.136487 9.691768 0.004793
1620662561.235487 9.692995 0.004786
1620662561.334487 9.693571 0.004781
1620662561.466487 9.695263 0.004771
1620662561.598488 9.696996 0.004764
1620662561.763488 9.700010 0.004752
1620662561.895489 9.702122 0.004744
1620662562.027489 9.703491 0.004735
1620662562.126489 9.705078 0.004726
1620662562.225489 9.708686 0.004719
1620662562.324489 9.711675 0.004710
1620662562.423490 9.714192 0.004703
1620662562.522490 9.716064 0.004692
1620662562.654490 9.719538 0.004683
1620662562.786491 9.723857 0.004672
1620662562.885491 9.726232 0.004667
1620662563.017491 9.730304 0.004654
1620662563.149492 9.734664 0.004644
1620662563.281492 9.735197 0.004636
1620662563.413492 9.736746 0.004629
1620662563.545492 9.735853 0.004623
1620662563.710493 9.741438 0.004617
1620662563.875493 9.747505 0.004604
1620662564.040493 9.751614 0.004591
1620662564.205494 9.754208 0.004571
1620662564.370494 9.764105 0.004553
1620662564.502495 9.768584 0.004529
1620662564.667495 9.777148 0.004497
1620662564.832495 9.789896 0.004457
1620662564.964496 9.793935 0.004427
1620662565.096496 9.796691 0.004388
1620662565.195496 9.806539 0.004363
1620662565.294497 9.815150 0.004336
1620662565.393497 9.822190 0.004304
1620662565.492497 9.829040 0.004273
1620662565.591497 9.832204 0.004246
1620662565.690497 9.841546 0.004218
1620662565.789498 9.847065 0.004187
1620662565.888498 9.852674 0.004154
1620662565.987498 9.860580 0.004132
1620662566.086498 9.866225 0.004105
1620662566.218498 9.872721 0.004075
1620662566.350499 9.879335 0.004053
1620662566.482499 9.887508 0.004033
1620662566.614500 9.892915 0.004012
1620662566.746500 9.899271 0.003993
1620662566.878500 9.904053 0.003974
1620662567.010501 9.908776 0.003960
1620662567.142501 9.909493 0.003943
1620662567.274501 9.912307 0.003932
1620662567.406502 9.913039 0.003922
1620662567.538502 9.912283 0.003913
1620662567.637502 9.911331 0.003907
1620662567.769502 9.908374 0.003899
1620662567.901503 9.908261 0.003896
1620662568.033503 9.908444 0.003891
1620662568.165504 9.908299 0.003886
1620662568.297504 9.907284 0.003883
1620662568.429504 9.905695 0.003880
1620662568.561504 9.906126 0.003880
1620662568.693505 9.904499 0.003878
1620662568.891505 9.902637 0.003877
1620662569.023505 9.902200 0.003876
1620662569.155506 9.901180 0.003875
1620662569.287506 9.900261 0.003875
1620662569.419507 9.899079 0.003874
1620662569.551507 9.898617 0.003874
1620662569.683507 9.898159 0.003874
1620662569.815507 9.898183 0.003873
1620662569.914508 9.898156 0.003873
1620662570.046508 9.898116 0.003873
1620662570.145508 9.898552 0.003873
1620662570.244509 9.899017 0.003873
1620662570.343508 9.900172 0.003872
1620662570.409509 9.900860 0.003873
1620662570.475509 9.900787 0.003873
1620662570.541509 9.901040 0.003872
1620662570.607509 9.901237 0.003871
1620662570.706509 9.900856 0.003871
1620662570.805510 9.900805 0.003867
1620662570.871510 9.902272 0.003868
1620662570.970510 9.902459 0.003869
1620662571.069510 9.902544 0.003869
1620662571.168510 9.904040 0.003869
1620662571.267511 9.904786 0.003869
1620662571.366511 9.904866 0.003869
1620662571.465511 9.904881 0.003868
1620662571.564512 9.906324 0.003867
1620662571.696512 9.907876 0.003864
1620662571.795512 9.908177 0.003864
1620662571.894512 9.908842 0.003866
1620662571.993512 9.909528 0.003864
1620662572.059513 9.909648 0.003865
1620662572.125513 9.909584 0.003865
1620662572.224513 9.909290 0.003864
1620662572.290513 9.908615 0.003864
1620662572.389513 9.907685 0.003864
1620662572.521514 9.905925 0.003863
1620662572.620514 9.905196 0.003861
1620662572.752514 9.903638 0.003862
1620662572.884515 9.902686 0.003862
1620662572.983515 9.901735 0.003862
1620662573.082515 9.901376 0.003862
1620662573.148515 9.901141 0.003861
1620662573.247515 9.900546 0.003861
1620662573.346516 9.899707 0.003861
1620662573.445516 9.899327 0.003861
1620662573.544516 9.898509 0.003861
1620662573.643516 9.898036 0.003861
1620662573.742517 9.897488 0.003860
1620662573.841517 9.897096 0.003861
1620662573.940517 9.896691 0.003858
1620662574.039517 9.896460 0.003859
1620662574.138518 9.896504 0.003860
1620662574.237518 9.896570 0.003859
1620662574.336518 9.896605 0.003858
1620662574.435518 9.896252 0.003859
1620662574.501518 9.896102 0.003859
1620662574.567518 9.895921 0.003859
1620662574.633519 9.895961 0.003859
1620662574.699519 9.895559 0.003859
1620662574.798519 9.895401 0.003859
1620662574.897519 9.895119 0.003859
1620662575.029520 9.894394 0.003858
1620662575.161520 9.894243 0.003858
1620662575.293520 9.893752 0.003857
1620662575.392520 9.893475 0.003856
1620662575.491521 9.893228 0.003857
1620662575.590521 9.892953 0.003857
1620662575.689521 9.892537 0.003857
1620662575.788522 9.891718 0.003855
1620662575.920522 9.892180 0.003855
1620662576.019522 9.891789 0.003856
1620662576.118522 9.891718 0.003855
1620662576.217522 9.891898 0.003854
1620662576.316523 9.892065 0.003855
1620662576.382523 9.891882 0.003853
1620662576.481523 9.891755 0.003853
1620662576.580523 9.891722 0.003853
1620662576.679523 9.891889 0.003853
1620662576.778524 9.891731 0.003852
1620662576.877524 9.891434 0.003852
1620662576.976524 9.891791 0.003852
1620662577.108525 9.891662 0.003851
1620662577.240525 9.891531 0.003851
1620662577.372525 9.891650 0.003851
1620662577.504525 9.891811 0.003851
1620662577.603526 9.891779 0.003850
1620662577.669526 9.891865 0.003848
1620662577.735526 9.891462 0.003850
1620662577.801526 9.891727 0.003848
1620662577.900526 9.891629 0.003850
1620662577.999527 9.891531 0.003849
1620662578.098527 9.891887 0.003849
1620662578.230527 9.891525 0.003848
1620662578.362527 9.891451 0.003847
1620662578.461528 9.891588 0.003848
1620662578.560528 9.891882 0.003848
1620662578.626528 9.891659 0.003848
1620662578.692528 9.891450 0.003848
1620662578.791528 9.891113 0.003847
1620662578.890529 9.891396 0.003847
1620662578.989529 9.891538 0.003846
1620662579.121529 9.891138 0.003846
1620662579.220529 9.891224 0.003845
1620662579.319530 9.891011 0.003846
1620662579.418530 9.891257 0.003846
1620662579.517530 9.891316 0.003845
1620662579.616530 9.891166 0.003844
1620662579.715530 9.891403 0.003845
1620662579.814531 9.891690 0.003845
1620662579.913531 9.892439 0.003845
1620662580.012531 9.892347 0.003845
1620662580.111531 9.892277 0.003843
1620662580.210532 9.892427 0.003844
1620662580.309532 9.893006 0.003844
1620662580.375532 9.893277 0.003843
1620662580.441532 9.893055 0.003843
1620662580.507533 9.893262 0.003843
1620662580.573533 9.893462 0.003843
1620662580.639533 9.893963 0.003843
1620662580.738533 9.894608 0.003843
1620662580.870533 9.895148 0.003842
1620662581.002534 9.895024 0.003841
1620662581.101534 9.896396 0.003841
1620662581.200534 9.896606 0.003841
1620662581.299534 9.896894 0.003840
1620662581.398535 9.898340 0.003840
1620662581.497535 9.899634 0.003840
1620662581.596535 9.900728 0.003839
1620662581.695535 9.900697 0.003839
1620662581.794535 9.902023 0.003838
1620662581.893536 9.903901 0.003837
1620662581.992536 9.905547 0.003837
1620662582.091536 9.905934 0.003835
1620662582.190536 9.906329 0.003835
1620662582.289537 9.908714 0.003833
1620662582.388537 9.912160 0.003833
1620662582.487537 9.915474 0.003832
1620662582.586537 9.916288 0.003830
1620662582.685538 9.917648 0.003830
1620662582.784538 9.919155 0.003829
1620662582.883538 9.920901 0.003828
1620662582.982538 9.921870 0.003826
1620662583.114539 9.923462 0.003826
1620662583.213539 9.925027 0.003825
1620662583.345539 9.926599 0.003824
1620662583.477540 9.927796 0.003821
1620662583.609540 9.930349 0.003821
1620662583.774540 9.934214 0.003820
1620662583.939541 9.938421 0.003817
1620662584.071541 9.941855 0.003815
1620662584.236542 9.945357 0.003814
1620662584.401542 9.949167 0.003814
1620662584.566542 9.951064 0.003812
1620662584.764543 9.954023 0.003811
1620662584.962543 9.955571 0.003809
1620662585.127543 9.957773 0.003806
1620662585.325544 9.958265 0.003807
1620662585.490544 9.957698 0.003806
1620662585.655545 9.955868 0.003806
1620662585.820545 9.955069 0.003804
1620662586.018546 9.953814 0.003803
1620662586.216546 9.953674 0.003805
1620662586.381546 9.952794 0.003802
1620662586.513547 9.952263 0.003806
1620662586.678547 9.951843 0.003805
1620662586.810547 9.950988 0.003805
1620662586.942548 9.951404 0.003806
1620662587.074548 9.949888 0.003805
1620662587.206548 9.945783 0.003806
1620662587.338549 9.945332 0.003806
1620662587.470549 9.944171 0.003805
1620662587.602549 9.942134 0.003804
1620662587.734550 9.941182 0.003804
1620662587.866550 9.940375 0.003805
1620662587.998550 9.939759 0.003805
1620662588.130551 9.939848 0.003806
1620662588.262551 9.939137 0.003805
1620662588.394551 9.938199 0.003805
1620662588.526551 9.937132 0.003803
1620662588.658552 9.936873 0.003803
1620662588.757552 9.936084 0.003803
1620662588.856552 9.935651 0.003804
1620662588.955553 9.935579 0.003804
1620662589.054553 9.935270 0.003803
1620662589.153553 9.934252 0.003803
1620662589.285553 9.933912 0.003803
1620662589.384554 9.933763 0.003802
1620662589.516554 9.933677 0.003802
1620662589.615554 9.933856 0.003802
1620662589.714554 9.933140 0.003802
1620662589.813555 9.933073 0.003802
1620662589.912555 9.933469 0.003801
1620662590.011555 9.933757 0.003802
1620662590.110555 9.933787 0.003802
1620662590.209556 9.933567 0.003802
1620662590.308556 9.933556 0.003800
1620662590.407556 9.933201 0.003802
1620662590.506557 9.932699 0.003799
1620662590.605556 9.932608 0.003801
1620662590.704557 9.931608 0.003801
1620662590.803557 9.930905 0.003800
1620662590.902557 9.929766 0.003801
1620662591.034557 9.929881 0.003800
1620662591.166558 9.927963 0.003799
1620662591.298558 9.927364 0.003798
1620662591.430558 9.925661 0.003799
1620662591.562559 9.923995 0.003799
1620662591.694559 9.923243 0.003799
1620662591.826560 9.923184 0.003800
1620662591.925560 9.922897 0.003798
1620662592.024560 9.922347 0.003798
1620662592.123560 9.922062 0.003800
1620662592.222560 9.921919 0.003799
1620662592.321561 9.921988 0.003799
1620662592.420561 9.921685 0.003800
1620662592.519561 9.921453 0.003799
1620662592.618561 9.921264 0.003800
1620662592.717561 9.921371 0.003800
1620662592.816562 9.921434 0.003800
1620662592.915562 9.921444 0.003800
1620662593.014562 9.921192 0.003798
1620662593.080562 9.920740 0.003794
1620662593.179563 9.920445 0.003799
1620662593.278563 9.920263 0.003799
1620662593.377563 9.920028 0.003799
1620662593.476563 9.919833 0.003800
1620662593.575563 9.919731 0.003799
1620662593.674564 9.919420 0.003798
1620662593.773564 9.919453 0.003798
1620662593.872564 9.918627 0.003798
1620662593.971565 9.918487 0.003798
1620662594.070565 9.918392 0.003798
1620662594.136565 9.918300 0.003799
1620662594.202565 9.918249 0.003798
1620662594.268565 9.918069 0.003798
1620662594.334565 9.918094 0.003798
1620662594.400565 9.918000 0.003799
1620662594.499566 9.917958 0.003799
1620662594.598566 9.917710 0.003799
1620662594.697566 9.917612 0.003799
1620662594.796566 9.917517 0.003797
1620662594.895567 9.917378 0.003798
1620662594.994567 9.917538 0.003798
1620662595.093567 9.917301 0.003799
1620662595.192567 9.917240 0.003799
1620662595.291568 9.917279 0.003798
1620662595.390568 9.917115 0.003798
1620662595.489568 9.917164 0.003798
1620662595.588568 9.917085 0.003797
1620662595.687569 9.917190 0.003799
1620662595.786569 9.917077 0.003799
1620662595.885569 9.917030 0.003799
1620662595.984569 9.917008 0.003799
1620662596.083570 9.916896 0.003798
1620662596.182570 9.917054 0.003798
1620662596.281570 9.916804 0.003797
1620662596.380570 9.916695 0.003799
1620662596.479570 9.916725 0.003799
1620662596.578571 9.916756 0.003795
1620662596.677571 9.916551 0.003798
1620662596.776571 9.916450 0.003798
1620662596.875571 9.916398 0.003798
1620662596.974572 9.916522 0.003798
1620662597.106572 9.916479 0.003797
1620662597.205572 9.916275 0.003797
1620662597.304572 9.916258 0.003798
1620662597.403573 9.916160 0.003799
1620662597.502573 9.916042 0.003798
1620662597.601573 9.916073 0.003798
1620662597.700573 9.915987 0.003796
1620662597.799573 9.916120 0.003797
1620662597.865574 9.916104 0.003795
1620662597.931574 9.916003 0.003796
1620662597.997574 9.916104 0.003796
1620662598.063574 9.915948 0.003797
1620662598.129574 9.915957 0.003797
1620662598.195575 9.916146 0.003799
1620662598.261575 9.916039 0.003797
1620662598.327575 9.916058 0.003798
1620662598.393575 9.916184 0.003798
1620662598.492575 9.916229 0.003796
1620662598.591576 9.915959 0.003797
1620662598.690576 9.916061 0.003795
1620662598.789576 9.916115 0.003796
1620662598.888576 9.916193 0.003798
1620662598.987576 9.916248 0.003798
1620662599.086577 9.916190 0.003797
1620662599.185577 9.916175 0.003795
1620662599.284577 9.916530 0.003798
1620662599.383577 9.916839 0.003797
1620662599.482578 9.917202 0.003796
1620662599.581578 9.916951 0.003797
1620662599.680578 9.917290 0.003795
1620662599.779578 9.917187 0.003798
1620662599.878579 9.917420 0.003795
1620662599.944579 9.917308 0.003798
1620662600.010579 9.917153 0.003795
1620662600.076579 9.916790 0.003798
1620662600.142579 9.917345 0.003797
1620662600.208579 9.918107 0.003798
1620662600.274580 9.918473 0.003797
1620662600.340580 9.918873 0.003795
1620662600.406580 9.919030 0.003798
1620662600.472580 9.919360 0.003786
1620662600.538580 9.918809 0.003795
1620662600.604580 9.919186 0.003798
1620662600.670580 9.918597 0.003798
1620662600.736581 9.918668 0.003795
1620662600.802581 9.918593 0.003798
1620662600.868581 9.918635 0.003798
1620662600.934581 9.918561 0.003797
1620662601.000581 9.918808 0.003798
1620662601.099581 9.918803 0.003798
1620662601.165581 9.918848 0.003796
1620662601.264582 9.919107 0.003797
1620662601.330582 9.918852 0.003797
1620662601.396582 9.918701 0.003797
1620662601.462582 9.918580 0.003798
1620662601.528582 9.918402 0.003798
1620662601.594583 9.918613 0.003797
1620662601.693583 9.918768 0.003798
1620662601.759583 9.919725 0.003796
1620662601.825583 9.919584 0.003797
1620662601.891583 9.919128 0.003796
1620662601.957584 9.919019 0.003797
1620662602.023584 9.918863 0.003798
1620662602.089584 9.918721 0.003797
1620662602.155584 9.918932 0.003797
1620662602.221584 9.918939 0.003797
1620662602.287584 9.918832 0.003797
1620662602.353584 9.918647 0.003797
1620662602.419585 9.918423 0.003798
1620662602.485585 9.918470 0.003797
1620662602.584585 9.918619 0.003797
1620662602.683585 9.918907 0.003798
1620662602.782586 9.919047 0.003792
1620662602.848586 9.919413 0.003797
1620662602.914586 9.919262 0.003796
1620662603.013586 9.918783 0.003797
1620662603.112586 9.919107 0.003797
1620662603.211586 9.919162 0.003793
1620662603.310587 9.919744 0.003797
1620662603.376587 9.920164 0.003794
1620662603.442587 9.920040 0.003797
1620662603.541587 9.920150 0.003797
1620662603.640588 9.920437 0.003794
1620662603.706588 9.920400 0.003797
1620662603.772588 9.920969 0.003793
1620662603.838588 9.920878 0.003795
1620662603.904588 9.919975 0.003794
1620662603.970588 9.920521 0.003797
1620662604.036588 9.920959 0.003797
1620662604.102589 9.921154 0.003796
1620662604.168589 9.921282 0.003796
1620662604.267589 9.921654 0.003797
1620662604.366590 9.921545 0.003797
1620662604.465590 9.922144 0.003797
1620662604.564590 9.922053 0.003797
1620662604.663590 9.921633 0.003797
1620662604.762590 9.922027 0.003793
1620662604.861591 9.922134 0.003793
1620662604.960591 9.921987 0.003796
1620662605.059591 9.922532 0.003797
1620662605.158591 9.923000 0.003797
1620662605.224591 9.922792 0.003795
1620662605.290591 9.922668 0.003797
1620662605.356592 9.922524 0.003796
1620662605.422592 9.922843 0.003796
1620662605.488592 9.922797 0.003797
1620662605.521592 9.922700 0.003796
1620662605.620592 9.923048 0.003797
1620662605.719592 9.923174 0.003796
1620662605.785593 9.923175 0.003791
1620662605.851593 9.922810 0.003795
1620662605.950593 9.923151 0.003796
1620662606.049593 9.923119 0.003797
1620662606.148594 9.923278 0.003797
1620662606.214594 9.923268 0.003797
1620662606.313594 9.924015 0.003795
1620662606.412594 9.924211 0.003796
1620662606.511595 9.924181 0.003797
1620662606.610595 9.924166 0.003797
1620662606.742595 9.924028 0.003797
1620662606.874595 9.924107 0.003796
1620662607.006596 9.924087 0.003796
1620662607.105596 9.924517 0.003797
1620662607.204596 9.924257 0.003797
1620662607.303596 9.924279 0.003796
1620662607.402597 9.923730 0.003795
1620662607.501597 9.923424 0.003797
1620662607.633597 9.923346 0.003797
1620662607.765597 9.924170 0.003793
1620662607.864598 9.924746 0.003792
1620662607.996598 9.924085 0.003797
1620662608.128598 9.923690 0.003797
1620662608.260598 9.923467 0.003797
1620662608.392599 9.923142 0.003796
1620662608.524599 9.923008 0.003797
1620662608.623599 9.922468 0.003797
1620662608.722600 9.922642 0.003793
1620662608.821600 9.922417 0.003797
1620662608.953600 9.922202 0.003797
1620662609.085601 9.922016 0.003795
1620662609.217601 9.922380 0.003790
1620662609.349601 9.922581 0.003797
1620662609.481601 9.922227 0.003792
1620662609.613602 9.922425 0.003797
1620662609.778602 9.922498 0.003797
1620662609.910603 9.922104 0.003796
1620662610.042603 9.922221 0.003797
1620662610.207603 9.922821 0.003796
1620662610.339603 9.923056 0.003793
1620662610.471604 9.923389 0.003797
1620662610.570604 9.923460 0.003794
1620662610.702604 9.923721 0.003797
1620662610.867605 9.924403 0.003797
1620662610.999605 9.924389 0.003797
1620662611.131605 9.925202 0.003795
1620662611.263606 9.925177 0.003797
1620662611.428606 9.925294 0.003792
1620662611.626607 9.926800 0.003795
1620662611.824607 9.928600 0.003795
1620662612.022608 9.929990 0.003797
1620662612.220608 9.930673 0.003797
1620662612.451609 9.931435 0.003795
1620662612.649609 9.931480 0.003797
1620662612.847610 9.932479 0.003795
1620662613.177610 9.933932 0.003796
1620662613.507611 9.935406 0.003797
1620662613.804612 9.936876 0.003796
1620662614.068612 9.937219 0.003796
1620662614.299613 9.937114 0.003796
1620662614.530613 9.937001 0.003796
1620662614.761614 9.936984 0.003795
1620662614.992615 9.936347 0.003796
1620662615.223615 9.935967 0.003792
1620662615.454616 9.935574 0.003792
1620662615.652616 9.934963 0.003795
1620662615.850617 9.934768 0.003794
1620662616.015617 9.934433 0.003792
1620662616.180618 9.934262 0.003792
1620662616.345618 9.934464 0.003788
1620662616.477618 9.934669 0.003781
1620662616.609618 9.934321 0.003787
1620662616.741619 9.933769 0.003791
1620662616.873619 9.933284 0.003792
1620662617.005619 9.933134 0.003795
1620662617.137620 9.932940 0.003779
1620662617.269620 9.932982 0.003781
1620662617.434620 9.932622 0.003787
1620662617.566621 9.932319 0.003794
1620662617.698621 9.932651 0.003792
1620662617.863621 9.932150 0.003793
1620662618.028622 9.932088 0.003790
1620662618.226622 9.931834 0.003791
1620662618.424623 9.931669 0.003790
1620662618.655623 9.931609 0.003790
1620662618.886624 9.931475 0.003790
1620662619.117624 9.931254 0.003789
1620662619.315625 9.930829 0.003788
1620662619.513625 9.930570 0.003788
1620662619.678626 9.930063 0.003788
1620662619.843626 9.929712 0.003786
1620662619.975626 9.931189 0.003785
1620662620.107626 9.931902 0.003783
1620662620.239627 9.932252 0.003787
1620662620.371627 9.932265 0.003786
1620662620.503628 9.932516 0.003777
1620662620.668628 9.932383 0.003784
1620662620.833628 9.932138 0.003785
1620662620.965629 9.932543 0.003785
1620662621.097629 9.932833 0.003782
1620662621.262629 9.933002 0.003783
1620662621.460630 9.932945 0.003783
1620662621.625630 9.933255 0.003783
1620662621.790630 9.933389 0.003783
1620662621.922631 9.933161 0.003780
1620662622.054631 9.933994 0.003782
1620662622.186631 9.934325 0.003774
1620662622.318632 9.934553 0.003781
1620662622.450632 9.934798 0.003780
1620662622.582633 9.934520 0.003782
1620662622.714633 9.934338 0.003780
1620662622.846633 9.934318 0.003782
1620662622.978633 9.934471 0.003781
1620662623.110634 9.934488 0.003780
1620662623.275634 9.934326 0.003780
1620662623.440634 9.934410 0.003781
1620662623.605635 9.934359 0.003780
1620662623.770635 9.934533 0.003776
1620662623.902636 9.934547 0.003779
1620662624.034636 9.934369 0.003778
1620662624.199636 9.934441 0.003780
1620662624.331636 9.935071 0.003781
1620662624.496637 9.935257 0.003779
1620662624.694637 9.935367 0.003780
1620662624.892638 9.935858 0.003778
1620662625.057638 9.936045 0.003776
1620662625.222639 9.936464 0.003778
1620662625.387639 9.936583 0.003779
1620662625.519639 9.936678 0.003780
1620662625.717640 9.936957 0.003778
1620662625.915640 9.937205 0.003778
1620662626.080641 9.936785 0.003780
1620662626.245641 9.936601 0.003778
1620662626.377641 9.936727 0.003779
1620662626.509642 9.936556 0.003779
1620662626.641642 9.936955 0.003779
1620662626.740642 9.936939 0.003779
1620662626.872643 9.936941 0.003774
1620662626.971643 9.937212 0.003778
1620662627.070643 9.937342 0.003778
1620662627.202643 9.937142 0.003779
1620662627.334644 9.937178 0.003778
1620662627.466644 9.937123 0.003774
1620662627.598644 9.937132 0.003779
1620662627.730645 9.937172 0.003779
1620662627.829645 9.937175 0.003778
1620662627.928645 9.937443 0.003779
1620662628.027645 9.937229 0.003777
1620662628.126646 9.937218 0.003777
1620662628.225646 9.937209 0.003779
1620662628.357646 9.937242 0.003778
1620662628.489647 9.937264 0.003779
1620662628.621647 9.937337 0.003778
1620662628.753647 9.937329 0.003777
1620662628.852648 9.937464 0.003777
1620662628.984648 9.937711 0.003775
1620662629.116648 9.937737 0.003777
1620662629.248648 9.937672 0.003778
1620662629.380649 9.937594 0.003777
1620662629.512649 9.937531 0.003778
1620662629.644649 9.937561 0.003778
1620662629.809650 9.937471 0.003776
1620662629.974650 9.937467 0.003778
1620662630.106650 9.937137 0.003771
1620662630.238651 9.937269 0.003775
1620662630.337651 9.937430 0.003772
1620662630.436651 9.937377 0.003778
1620662630.568651 9.937603 0.003778
1620662630.667652 9.937684 0.003777
1620662630.799652 9.937842 0.003778
1620662630.931652 9.937694 0.003768
1620662631.063653 9.937828 0.003777
1620662631.228653 9.937780 0.003773
1620662631.360653 9.937773 0.003763
1620662631.525654 9.937884 0.003776
1620662631.624654 9.937938 0.003774
1620662631.723654 9.937836 0.003778
1620662631.822654 9.937719 0.003778
1620662631.954655 9.937694 0.003777
1620662632.053655 9.937558 0.003768
1620662632.218656 9.937693 0.003778
1620662632.383656 9.937630 0.003774
1620662632.515656 9.937648 0.003777
1620662632.647656 9.937584 0.003776
1620662632.779657 9.937593 0.003778
1620662632.911657 9.937578 0.003776
1620662633.043658 9.937310 0.003774
1620662633.175658 9.937248 0.003777
1620662633.340658 9.937250 0.003777
1620662633.505658 9.937225 0.003768
1620662633.670659 9.937463 0.003776
1620662633.802659 9.937568 0.003774
1620662633.967659 9.937826 0.003774
1620662634.165660 9.938111 0.003777
1620662634.396661 9.938444 0.003777
1620662634.561661 9.938584 0.003777
1620662634.726661 9.938709 0.003777
1620662634.858662 9.938779 0.003778
1620662635.023662 9.938896 0.003778
1620662635.155662 9.939158 0.003778
1620662635.287663 9.939254 0.003778
1620662635.485663 9.939419 0.003776
1620662635.617663 9.939387 0.003777
1620662635.749664 9.939359 0.003775
1620662635.848664 9.939455 0.003778
1620662636.013664 9.939390 0.003777
1620662636.211665 9.939278 0.003777
1620662636.409665 9.939282 0.003775
1620662636.574666 9.939115 0.003778
1620662636.739666 9.938978 0.003778
1620662636.970667 9.938916 0.003776
1620662637.168667 9.938801 0.003775
1620662637.333668 9.938828 0.003774
1620662637.498668 9.938716 0.003777
1620662637.696668 9.938806 0.003778
1620662637.861669 9.938911 0.003776
1620662638.092669 9.938508 0.003778
1620662638.323670 9.938345 0.003778
1620662638.554670 9.938202 0.003776
1620662638.818671 9.938081 0.003775
1620662639.016671 9.938056 0.003778
1620662639.214672 9.937783 0.003776
1620662639.379672 9.937861 0.003777
1620662639.544673 9.937589 0.003775
1620662639.742673 9.937491 0.003776
1620662639.940674 9.937479 0.003776
1620662640.105674 9.937420 0.003775
1620662640.270674 9.937413 0.003774
1620662640.435675 9.937465 0.003761
1620662640.567675 9.937281 0.003769
1620662640.699676 9.936946 0.003771
1620662640.831676 9.936807 0.003774
1620662640.996676 9.936688 0.003769
1620662641.161677 9.937136 0.003764
1620662641.293677 9.937449 0.003738
1620662641.425677 9.937060 0.003765
1620662641.557678 9.936768 0.003776
1620662641.689678 9.936878 0.003776
1620662641.821678 9.937292 0.003775
1620662641.920678 9.937306 0.003774
1620662642.019679 9.937511 0.003770
1620662642.151679 9.937359 0.003764
1620662642.250679 9.937751 0.003776
1620662642.382679 9.938265 0.003776
1620662642.514680 9.938642 0.003774
1620662642.646680 9.938312 0.003776
1620662642.778681 9.938209 0.003777
1620662642.910681 9.938226 0.003776
1620662643.042681 9.938256 0.003776
1620662643.174681 9.938266 0.003776
1620662643.306682 9.938387 0.003771
1620662643.438682 9.938598 0.003774
1620662643.570682 9.938804 0.003775
1620662643.702683 9.939372 0.003775
1620662643.834683 9.939574 0.003775
1620662643.966683 9.939617 0.003774
1620662644.098684 9.939664 0.003775
1620662644.230684 9.939365 0.003776
1620662644.329684 9.939615 0.003772
1620662644.428684 9.939826 0.003775
1620662644.527685 9.940244 0.003774
1620662644.626685 9.940125 0.003775
1620662644.725685 9.939914 0.003776
1620662644.824685 9.939714 0.003774
1620662644.923686 9.939746 0.003775
1620662644.989686 9.939725 0.003774
1620662645.088686 9.939552 0.003774
1620662645.187686 9.939626 0.003775
1620662645.286686 9.939444 0.003775
1620662645.418687 9.939286 0.003774
1620662645.550687 9.939334 0.003775
1620662645.682688 9.939141 0.003775
1620662645.814688 9.938813 0.003772
1620662645.913688 9.938909 0.003775
1620662646.012688 9.938909 0.003775
1620662646.111688 9.938786 0.003775
1620662646.177689 9.938777 0.003775
1620662646.276689 9.938661 0.003774
1620662646.375689 9.938556 0.003773
1620662646.441689 9.938543 0.003775
1620662646.507689 9.938567 0.003774
1620662646.573690 9.938550 0.003774
1620662646.639690 9.938371 0.003775
1620662646.738690 9.938303 0.003775
1620662646.870690 9.938321 0.003770
1620662647.002691 9.938404 0.003776
1620662647.134691 9.938374 0.003773
1620662647.266691 9.938411 0.003775
1620662647.365691 9.938397 0.003773
1620662647.464692 9.938483 0.003775
1620662647.563692 9.938957 0.003772
1620662647.629692 9.938954 0.003775
1620662647.695692 9.938805 0.003774
1620662647.761693 9.938969 0.003775
1620662647.827693 9.939068 0.003775
1620662647.893693 9.939144 0.003775
1620662647.992693 9.939455 0.003775
1620662648.091693 9.939504 0.003775
1620662648.256693 9.939493 0.003774
1620662648.355694 9.939521 0.003771
1620662648.454694 9.939739 0.003774
1620662648.520694 9.939945 0.003773
1620662648.586694 9.940304 0.003773
1620662648.652694 9.940132 0.003775
1620662648.718694 9.940269 0.003775
1620662648.817695 9.940185 0.003774
1620662648.916695 9.940227 0.003775
1620662649.015695 9.939554 0.003773
1620662649.081695 9.939949 0.003774
1620662649.147695 9.940159 0.003773
1620662649.213696 9.940702 0.003774
1620662649.279696 9.940720 0.003747
1620662649.345696 9.940795 0.003774
1620662649.411696 9.940773 0.003774
1620662649.477696 9.940928 0.003774
1620662649.543696 9.940875 0.003775
1620662649.609697 9.941054 0.003774
1620662649.675697 9.940859 0.003774
1620662649.741697 9.941146 0.003773
1620662649.807697 9.941072 0.003774
1620662649.873697 9.940706 0.003775
1620662649.939698 9.939804 0.003774
1620662650.005697 9.940594 0.003775
1620662650.071698 9.940852 0.003774
1620662650.137698 9.940936 0.003774
1620662650.203698 9.940799 0.003773
1620662650.302698 9.940917 0.003774
1620662650.401698 9.940864 0.003774
1620662650.467698 9.940819 0.003773
1620662650.533699 9.940752 0.003774
1620662650.599699 9.940756 0.003774
1620662650.665699 9.940675 0.003774
1620662650.731699 9.940917 0.003773
1620662650.797699 9.940502 0.003772
1620662650.896700 9.940506 0.003774
1620662650.995700 9.940512 0.003773
1620662651.094700 9.940538 0.003774
1620662651.193700 9.940491 0.003773
1620662651.292701 9.940212 0.003773
1620662651.358701 9.940290 0.003774
1620662651.424701 9.940158 0.003774
1620662651.523701 9.940020 0.003772
1620662651.622701 9.940138 0.003773
1620662651.721702 9.940230 0.003774
1620662651.820702 9.940040 0.003774
1620662651.919702 9.940123 0.003774
1620662652.018702 9.940239 0.003773
1620662652.117702 9.940286 0.003771
1620662652.216703 9.939418 0.003773
1620662652.315703 9.939094 0.003773
1620662652.414703 9.938925 0.003774
1620662652.513703 9.938994 0.003773
1620662652.612704 9.938837 0.003773
1620662652.678704 9.938731 0.003774
1620662652.744704 9.938639 0.003774
1620662652.810704 9.938471 0.003774
1620662652.876704 9.938961 0.003774
1620662652.942704 9.939018 0.003773
1620662653.008704 9.938747 0.003774
1620662653.074705 9.937960 0.003774
1620662653.140705 9.937943 0.003774
1620662653.206705 9.937754 0.003774
1620662653.272705 9.937805 0.003774
1620662653.338705 9.937386 0.003774
1620662653.404706 9.937148 0.003774
1620662653.470706 9.937351 0.003774
1620662653.569706 9.937408 0.003773
1620662653.668706 9.937214 0.003773
1620662653.767706 9.936871 0.003774
1620662653.833706 9.936563 0.003772
1620662653.932707 9.936234 0.003773
1620662653.998707 9.936095 0.003772
1620662654.097707 9.936062 0.003773
1620662654.196707 9.935682 0.003773
1620662654.328708 9.935669 0.003774
1620662654.427708 9.935117 0.003774
1620662654.526708 9.934523 0.003773
1620662654.625709 9.933924 0.003773
1620662654.724709 9.933559 0.003773
1620662654.823709 9.932853 0.003773
1620662654.955709 9.932958 0.003773
1620662655.087709 9.932477 0.003771
1620662655.219710 9.931802 0.003772
1620662655.351710 9.931141 0.003773
1620662655.516711 9.930302 0.003771
1620662655.681711 9.928873 0.003771
1620662655.846711 9.928045 0.003773
1620662656.011712 9.927364 0.003773
1620662656.176712 9.926431 0.003771
1620662656.374712 9.926008 0.003774
1620662656.539713 9.925843 0.003772
1620662656.704714 9.925046 0.003773
1620662656.836714 9.924224 0.003774
1620662656.968714 9.923514 0.003773
1620662657.100714 9.922945 0.003773
1620662657.232715 9.922304 0.003774
1620662657.397715 9.922062 0.003772
1620662657.562715 9.921389 0.003773
1620662657.694716 9.921219 0.003773
1620662657.826716 9.920829 0.003772
1620662657.958716 9.920544 0.003774
1620662658.123717 9.920580 0.003774
1620662658.288717 9.920237 0.003773
1620662658.420717 9.920191 0.003773
1620662658.552718 9.920066 0.003771
1620662658.684718 9.920444 0.003773
1620662658.816718 9.920581 0.003773
1620662658.915719 9.920294 0.003773
1620662659.014719 9.920643 0.003774
1620662659.113719 9.920605 0.003774
1620662659.245719 9.920551 0.003772
1620662659.344720 9.920558 0.003770
1620662659.443720 9.920320 0.003768
1620662659.542720 9.919807 0.003773
1620662659.641721 9.919731 0.003774
1620662659.740721 9.919452 0.003774
1620662659.839721 9.919171 0.003772
1620662659.938721 9.919285 0.003773
1620662660.037721 9.919112 0.003773
1620662660.136722 9.919025 0.003772
1620662660.235722 9.919209 0.003774
1620662660.334722 9.918844 0.003772
1620662660.433722 9.918824 0.003773
1620662660.532723 9.918932 0.003773
1620662660.631723 9.918876 0.003772
1620662660.730723 9.918953 0.003774
1620662660.796723 9.918977 0.003773
1620662660.895724 9.918789 0.003772
1620662660.994724 9.918784 0.003773
1620662661.093724 9.918627 0.003772
1620662661.192724 9.918658 0.003773
1620662661.258724 9.918583 0.003769
1620662661.324724 9.918479 0.003773
1620662661.423725 9.918649 0.003773
1620662661.522725 9.918528 0.003773
1620662661.621725 9.918431 0.003773
1620662661.720726 9.918414 0.003771
1620662661.786726 9.918434 0.003771
1620662661.852726 9.918385 0.003773
1620662661.951726 9.918279 0.003773
1620662662.050726 9.918208 0.003773
1620662662.149726 9.918164 0.003773
1620662662.248727 9.917981 0.003772
1620662662.347727 9.917959 0.003772
1620662662.446727 9.918080 0.003772
1620662662.512727 9.918063 0.003773
1620662662.611728 9.917951 0.003773
1620662662.710728 9.918104 0.003774
1620662662.809728 9.917924 0.003773
1620662662.908728 9.917849 0.003773
1620662663.007728 9.917884 0.003772
1620662663.106729 9.918621 0.003770
1620662663.205729 9.917660 0.003770
1620662663.304729 9.917461 0.003773
1620662663.403729 9.917539 0.003774
1620662663.502730 9.917220 0.003773
1620662663.601730 9.916980 0.003774
1620662663.700730 9.916719 0.003774
1620662663.799731 9.917111 0.003774
1620662663.898731 9.917211 0.003773
1620662663.997731 9.917443 0.003773
1620662664.063731 9.917586 0.003774
1620662664.162731 9.917449 0.003774
1620662664.261731 9.917495 0.003774
1620662664.360732 9.917549 0.003774
1620662664.459732 9.917587 0.003774
1620662664.558732 9.917170 0.003774
1620662664.657732 9.917071 0.003772
1620662664.789733 9.916727 0.003774
1620662664.921733 9.916505 0.003773
1620662665.053733 9.916720 0.003774
1620662665.185734 9.915656 0.003773
1620662665.317734 9.915086 0.003773
1620662665.449734 9.915338 0.003774
1620662665.581735 9.915383 0.003773
1620662665.746735 9.915183 0.003772
1620662665.911735 9.913821 0.003773
1620662666.109736 9.914197 0.003774
1620662666.307736 9.913413 0.003774
1620662666.571737 9.912247 0.003773
1620662666.802737 9.912328 0.003773
1620662667.033738 9.911211 0.003773
1620662667.231739 9.909958 0.003773
1620662667.429739 9.908720 0.003772
1620662667.660740 9.902948 0.003770
1620662667.858740 9.902784 0.003773
1620662668.056740 9.902229 0.003772
1620662668.254741 9.901843 0.003773
1620662668.419741 9.901139 0.003773
1620662668.584742 9.900350 0.003774
1620662668.749742 9.899514 0.003774
1620662668.947742 9.895995 0.003774
1620662669.112743 9.893318 0.003766
1620662669.277743 9.894314 0.003770
1620662669.442744 9.894985 0.003772
1620662669.607744 9.891989 0.003762
1620662669.772744 9.892884 0.003772
1620662669.937745 9.893242 0.003768
1620662670.102745 9.893051 0.003772
1620662670.234746 9.892885 0.003771
1620662670.366746 9.892812 0.003770
1620662670.498746 9.891552 0.003770
1620662670.630747 9.890737 0.003773
1620662670.762747 9.887578 0.003768
1620662670.894747 9.887601 0.003772
1620662671.026747 9.887485 0.003773
1620662671.158748 9.887008 0.003773
1620662671.290748 9.886757 0.003773
1620662671.422748 9.886310 0.003773
1620662671.554749 9.885952 0.003773
1620662671.686749 9.886218 0.003773
1620662671.851749 9.885899 0.003773
1620662672.016750 9.885644 0.003773
1620662672.181750 9.885441 0.003773
1620662672.346751 9.884456 0.003773
1620662672.511751 9.885488 0.003773
1620662672.643751 9.884254 0.003773
1620662672.775752 9.884400 0.003773
1620662672.874752 9.885173 0.003772
1620662673.006752 9.885404 0.003773
1620662673.105752 9.883603 0.003746
1620662673.204753 9.884255 0.003773
1620662673.303753 9.883550 0.003769
1620662673.402753 9.882938 0.003772
1620662673.501753 9.883360 0.003773
1620662673.600754 9.882977 0.003773
1620662673.699754 9.882766 0.003767
1620662673.798754 9.883164 0.003773
1620662673.897754 9.883173 0.003772
1620662673.996754 9.883180 0.003773
1620662674.095755 9.883000 0.003771
1620662674.227755 9.882247 0.003770
1620662674.359755 9.881895 0.003770
1620662674.491756 9.883118 0.003770
1620662674.623756 9.882203 0.003771
1620662674.722756 9.881840 0.003767
1620662674.821756 9.881835 0.003770
1620662674.920757 9.881769 0.003768
1620662675.019757 9.881946 0.003772
1620662675.118757 9.882099 0.003772
1620662675.250757 9.882014 0.003771
1620662675.382758 9.882031 0.003773
1620662675.481758 9.881225 0.003770
1620662675.580758 9.881353 0.003773
1620662675.679759 9.881013 0.003769
1620662675.778759 9.880825 0.003773
1620662675.910759 9.880873 0.003772
1620662676.042759 9.880631 0.003772
1620662676.174760 9.880454 0.003773
1620662676.306760 9.880318 0.003772
1620662676.438761 9.880046 0.003769
1620662676.537760 9.879849 0.003772
1620662676.636761 9.879545 0.003771
1620662676.768761 9.879197 0.003771
1620662676.867761 9.879017 0.003772
1620662676.966762 9.878699 0.003772
1620662677.065762 9.879130 0.003772
1620662677.164762 9.879345 0.003772
1620662677.263762 9.878766 0.003770
1620662677.329762 9.878568 0.003771
1620662677.395763 9.878499 0.003771
1620662677.494763 9.878101 0.003771
1620662677.593763 9.878515 0.003772
1620662677.692763 9.878472 0.003772
1620662677.791764 9.878379 0.003772
1620662677.857764 9.878080 0.003772
1620662677.923764 9.877840 0.003772
1620662677.989764 9.878358 0.003771
1620662678.055764 9.877863 0.003772
1620662678.121764 9.877783 0.003772
1620662678.187764 9.877562 0.003771
1620662678.253765 9.877276 0.003772
1620662678.319765 9.877188 0.003771
1620662678.385765 9.877197 0.003772
1620662678.451765 9.877203 0.003771
1620662678.517765 9.877292 0.003770
1620662678.583766 9.877326 0.003772
1620662678.649766 9.877166 0.003771
1620662678.715766 9.877140 0.003771
1620662678.781766 9.877254 0.003771
1620662678.847766 9.877357 0.003772
1620662678.913766 9.877402 0.003772
1620662678.979767 9.877391 0.003772
1620662679.078767 9.877344 0.003772
1620662679.144767 9.877347 0.003771
1620662679.210767 9.877202 0.003771
1620662679.276767 9.877225 0.003772
1620662679.342767 9.877095 0.003771
1620662679.408767 9.877113 0.003772
1620662679.507768 9.876595 0.003770
1620662679.639768 9.876924 0.003770
1620662679.738768 9.876984 0.003771
1620662679.870769 9.876712 0.003772
1620662680.002769 9.876782 0.003772
1620662680.101769 9.876762 0.003772
1620662680.200769 9.876703 0.003768
1620662680.299770 9.876767 0.003763
1620662680.398770 9.876677 0.003770
1620662680.497770 9.876879 0.003772
1620662680.563770 9.876979 0.003768
1620662680.662771 9.876723 0.003771
1620662680.728770 9.876839 0.003771
1620662680.794771 9.877395 0.003771
1620662680.860771 9.877201 0.003770
1620662680.926771 9.876835 0.003772
1620662680.992771 9.877040 0.003771
1620662681.058771 9.877044 0.003770
1620662681.124772 9.877452 0.003771
1620662681.190772 9.877515 0.003771
1620662681.256772 9.877994 0.003771
1620662681.322772 9.877505 0.003772
1620662681.388772 9.877276 0.003772
1620662681.454772 9.876686 0.003771
1620662681.520772 9.876510 0.003771
1620662681.586773 9.876378 0.003771
1620662681.652773 9.876853 0.003770
1620662681.718773 9.877049 0.003771
1620662681.784773 9.877077 0.003771
1620662681.850773 9.877250 0.003769
1620662681.916773 9.876954 0.003772
1620662681.982774 9.876803 0.003771
1620662682.048774 9.876653 0.003771
1620662682.114774 9.876942 0.003771
1620662682.180774 9.876679 0.003770
1620662682.279774 9.876584 0.003771
1620662682.378775 9.876497 0.003770
1620662682.477775 9.876588 0.003771
1620662682.576775 9.876594 0.003771
1620662682.675775 9.876661 0.003770
1620662682.741775 9.877390 0.003769
1620662682.807775 9.877298 0.003770
1620662682.873776 9.877930 0.003771
1620662682.939776 9.878265 0.003771
1620662683.005776 9.878363 0.003771
1620662683.071776 9.879130 0.003761
1620662683.137776 9.879092 0.003771
1620662683.236776 9.879287 0.003770
1620662683.302777 9.877882 0.003771
1620662683.401777 9.878815 0.003771
1620662683.500777 9.879124 0.003771
1620662683.599777 9.879208 0.003771
1620662683.698778 9.878990 0.003769
1620662683.797778 9.878886 0.003771
1620662683.896778 9.878581 0.003771
1620662683.995778 9.878493 0.003771
1620662684.094779 9.878582 0.003770
1620662684.193779 9.878893 0.003771
1620662684.292779 9.879231 0.003771
1620662684.358779 9.879486 0.003763
1620662684.424779 9.879208 0.003771
1620662684.490780 9.879225 0.003771
1620662684.556780 9.879857 0.003771
1620662684.622780 9.880086 0.003770
1620662684.688780 9.879803 0.003771
1620662684.754780 9.879416 0.003770
1620662684.853781 9.879046 0.003771
1620662684.952780 9.879205 0.003770
1620662685.051781 9.878780 0.003770
1620662685.183781 9.880018 0.003769
1620662685.315781 9.880438 0.003771
1620662685.447782 9.880431 0.003771
1620662685.546782 9.880197 0.003771
1620662685.678782 9.880038 0.003771
1620662685.810783 9.880088 0.003770
1620662685.942783 9.879385 0.003770
1620662686.074783 9.879441 0.003770
1620662686.206784 9.879268 0.003770
1620662686.338784 9.879123 0.003771
1620662686.470784 9.879624 0.003768
1620662686.602784 9.879010 0.003770
1620662686.734785 9.878610 0.003771
1620662686.899785 9.878724 0.003771
1620662686.998785 9.878887 0.003770
1620662687.130785 9.879351 0.003771
1620662687.229786 9.879275 0.003770
1620662687.328786 9.879179 0.003771
1620662687.427786 9.879103 0.003769
1620662687.526787 9.878997 0.003771
1620662687.592787 9.878722 0.003770
1620662687.691787 9.878927 0.003769
1620662687.790787 9.878839 0.003768
1620662687.889787 9.878279 0.003771
1620662687.988788 9.878289 0.003769
1620662688.087788 9.878663 0.003771
1620662688.186788 9.878565 0.003770
1620662688.285788 9.878906 0.003769
1620662688.384789 9.878894 0.003771
1620662688.483789 9.879013 0.003770
1620662688.582789 9.879084 0.003768
1620662688.681789 9.879005 0.003770
1620662688.780790 9.879132 0.003769
1620662688.879790 9.879077 0.003771
1620662688.978790 9.879384 0.003769
1620662689.077790 9.879274 0.003770
1620662689.176790 9.879428 0.003770
1620662689.242791 9.879624 0.003771
1620662689.308791 9.879969 0.003769
1620662689.374791 9.879558 0.003765
1620662689.440791 9.879724 0.003770
1620662689.506791 9.879871 0.003769
1620662689.605792 9.879821 0.003770
1620662689.704792 9.880082 0.003771
1620662689.803792 9.880188 0.003771
1620662689.902792 9.880052 0.003769
1620662690.001792 9.880170 0.003770
1620662690.067793 9.880224 0.003762
1620662690.133793 9.879994 0.003770
1620662690.199793 9.880020 0.003769
1620662690.265793 9.880096 0.003771
1620662690.331793 9.880088 0.003771
1620662690.397793 9.880085 0.003767
1620662690.463794 9.879997 0.003771
1620662690.529794 9.880020 0.003770
1620662690.595794 9.880131 0.003771
1620662690.661794 9.879909 0.003767
1620662690.760794 9.880057 0.003771
1620662690.859794 9.880359 0.003771
1620662690.958795 9.880582 0.003770
1620662691.057795 9.880917 0.003771
1620662691.123795 9.881072 0.003771
1620662691.189795 9.881003 0.003771
1620662691.255795 9.881126 0.003767
1620662691.321796 9.881360 0.003771
1620662691.387796 9.881295 0.003770
1620662691.453796 9.881463 0.003771
1620662691.519796 9.881484 0.003770
1620662691.585796 9.881545 0.003764
1620662691.684796 9.881422 0.003771
1620662691.783797 9.881594 0.003771
1620662691.882797 9.881455 0.003771
1620662691.948797 9.881426 0.003770
1620662692.014797 9.881206 0.003771
1620662692.080797 9.881169 0.003770
1620662692.146798 9.881079 0.003771
1620662692.245798 9.881204 0.003771
1620662692.344798 9.881185 0.003771
1620662692.443798 9.881203 0.003769
1620662692.509798 9.881677 0.003766
1620662692.608799 9.881215 0.003770
1620662692.674799 9.881260 0.003770
1620662692.740799 9.881343 0.003771
1620662692.806799 9.881168 0.003769
1620662692.872799 9.881592 0.003770
1620662692.938799 9.881120 0.003769
1620662693.004800 9.881231 0.003769
1620662693.070800 9.881352 0.003760
1620662693.136800 9.880737 0.003770
1620662693.202800 9.880292 0.003770
1620662693.301800 9.879949 0.003771
1620662693.400800 9.879690 0.003771
1620662693.466801 9.879347 0.003770
1620662693.565801 9.879029 0.003766
1620662693.664801 9.878971 0.003771
1620662693.730801 9.878769 0.003760
1620662693.829802 9.878319 0.003763
1620662693.928802 9.878267 0.003769
1620662694.027802 9.877882 0.003767
1620662694.126802 9.877708 0.003769
1620662694.225802 9.877639 0.003769
1620662694.324803 9.877841 0.003768
1620662694.423803 9.878002 0.003769
1620662694.522803 9.878283 0.003770
1620662694.654804 9.877862 0.003770
1620662694.819804 9.878098 0.003770
1620662694.984804 9.878439 0.003771
1620662695.149805 9.878540 0.003769
1620662695.446805 9.879221 0.003769
1620662695.809806 9.879870 0.003769
1620662696.172807 9.880910 0.003770
1620662696.535808 9.882342 0.003766
1620662696.865809 9.882865 0.003765
1620662697.162809 9.883623 0.003768
1620662697.426810 9.883562 0.003769
1620662697.657811 9.883913 0.003757
1620662697.855811 9.883937 0.003765
1620662698.020812 9.884306 0.003762
1620662698.185812 9.883793 0.003761
1620662698.350812 9.883353 0.003765
1620662698.482813 9.883224 0.003767
1620662698.614813 9.882736 0.003771
1620662698.746813 9.882447 0.003771
1620662698.878814 9.882387 0.003771
1620662699.010814 9.882210 0.003769
1620662699.142814 9.882035 0.003768
1620662699.274814 9.882010 0.003769
1620662699.406815 9.881926 0.003768
1620662699.538815 9.881573 0.003769
1620662699.670815 9.881858 0.003763
1620662699.802816 9.881704 0.003769
1620662699.934816 9.881656 0.003768
1620662700.033816 9.881676 0.003768
1620662700.132816 9.881538 0.003770
1620662700.231817 9.881417 0.003770
1620662700.330817 9.881102 0.003771
1620662700.429817 9.880738 0.003771
1620662700.528817 9.880799 0.003770
1620662700.627818 9.880773 0.003769
1620662700.726818 9.880296 0.003769
1620662700.825818 9.880417 0.003768
1620662700.924819 9.880344 0.003770
1620662701.023818 9.880490 0.003770
1620662701.122819 9.880327 0.003769
1620662701.221819 9.880365 0.003770
1620662701.320819 9.880327 0.003771
1620662701.419820 9.881233 0.003771
1620662701.518820 9.881784 0.003771
1620662701.617820 9.881880 0.003770
1620662701.749820 9.882349 0.003771
1620662701.881821 9.882044 0.003770
1620662702.013821 9.882081 0.003771
1620662702.145821 9.881883 0.003771
1620662702.244822 9.881517 0.003766
1620662702.343822 9.881572 0.003769
1620662702.442822 9.881430 0.003771
1620662702.541822 9.881299 0.003770
1620662702.673822 9.881386 0.003770
1620662702.772823 9.881378 0.003771
1620662702.904823 9.881589 0.003771
1620662703.003823 9.882065 0.003771
1620662703.102823 9.882248 0.003770
1620662703.201824 9.882302 0.003770
1620662703.300824 9.882339 0.003771
1620662703.399824 9.882270 0.003769
1620662703.498824 9.882139 0.003769
1620662703.564825 9.882507 0.003759
1620662703.630825 9.882392 0.003764
1620662703.729825 9.882430 0.003763
1620662703.828825 9.882752 0.003770
1620662703.894825 9.882903 0.003764
1620662703.993825 9.882861 0.003770
1620662704.092826 9.882587 0.003770
1620662704.191826 9.882564 0.003770
1620662704.290826 9.882663 0.003770
1620662704.422827 9.882221 0.003765
1620662704.521827 9.882592 0.003770
1620662704.620827 9.882564 0.003770
1620662704.719827 9.882895 0.003770
1620662704.851828 9.883364 0.003769
1620662704.950828 9.883842 0.003769
1620662705.049828 9.884069 0.003769
1620662705.148829 9.884032 0.003770
1620662705.247829 9.884143 0.003768
1620662705.346829 9.884087 0.003769
1620662705.445829 9.884558 0.003770
1620662705.511829 9.884307 0.003769
1620662705.610830 9.884565 0.003770
1620662705.709830 9.884687 0.003770
1620662705.808830 9.884730 0.003769
1620662705.907830 9.884887 0.003768
1620662705.973830 9.884894 0.003769
1620662706.039830 9.884745 0.003768
1620662706.105831 9.884729 0.003767
1620662706.171831 9.884596 0.003770
1620662706.237831 9.884315 0.003770
1620662706.303831 9.884225 0.003770
1620662706.369831 9.884299 0.003769
1620662706.435831 9.884479 0.003770
1620662706.501832 9.884481 0.003769
1620662706.600832 9.884534 0.003770
1620662706.666832 9.884205 0.003770
1620662706.732832 9.884344 0.003767
1620662706.831832 9.884194 0.003770
1620662706.930833 9.883601 0.003770
1620662707.029833 9.883463 0.003770
1620662707.128833 9.883896 0.003770
1620662707.260833 9.883762 0.003770
1620662707.359834 9.883287 0.003766
1620662707.491834 9.883822 0.003770
1620662707.623834 9.884086 0.003769
1620662707.755835 9.884019 0.003770
1620662707.887835 9.884123 0.003770
1620662708.019835 9.883997 0.003770
1620662708.118835 9.883517 0.003770
1620662708.217836 9.883553 0.003770
1620662708.316836 9.883956 0.003769
1620662708.415836 9.884008 0.003769
1620662708.514837 9.883342 0.003770
1620662708.613837 9.883091 0.003770
1620662708.679837 9.883185 0.003768
1620662708.745837 9.883147 0.003770
1620662708.844837 9.883889 0.003769
1620662708.943837 9.881599 0.003764
1620662709.042838 9.882129 0.003769
1620662709.141838 9.882388 0.003770
1620662709.240838 9.882168 0.003769
1620662709.372838 9.882040 0.003769
1620662709.471839 9.882393 0.003769
1620662709.570839 9.882216 0.003769
1620662709.702839 9.882026 0.003769
1620662709.834840 9.880895 0.003762
1620662709.966840 9.881578 0.003769
1620662710.098840 9.881448 0.003768
1620662710.197840 9.880883 0.003768
1620662710.296841 9.880804 0.003765
1620662710.428841 9.880558 0.003769
1620662710.527841 9.880894 0.003769
1620662710.626842 9.880375 0.003770
1620662710.725842 9.880426 0.003770
1620662710.824842 9.880368 0.003770
1620662710.923842 9.880438 0.003770
1620662710.989842 9.880007 0.003764
1620662711.055843 9.880080 0.003768
1620662711.154843 9.880107 0.003770
1620662711.253843 9.880302 0.003770
1620662711.352843 9.879935 0.003769
1620662711.517844 9.879653 0.003770
1620662711.616844 9.879650 0.003769
1620662711.715844 9.880410 0.003769
1620662711.814844 9.880480 0.003770
1620662711.913845 9.880051 0.003769
1620662712.012845 9.879681 0.003770
1620662712.111845 9.879321 0.003769
1620662712.177845 9.879274 0.003769
1620662712.276845 9.879660 0.003769
1620662712.375846 9.879284 0.003768
1620662712.474846 9.879308 0.003770
1620662712.573846 9.879345 0.003770
1620662712.672846 9.879573 0.003766
1620662712.771847 9.879993 0.003768
1620662712.870847 9.880912 0.003768
1620662713.002847 9.879717 0.003768
1620662713.101847 9.879520 0.003769
1620662713.200848 9.879522 0.003769
1620662713.299848 9.879696 0.003769
1620662713.431848 9.879984 0.003769
1620662713.530848 9.879995 0.003769
1620662713.629848 9.879509 0.003770
1620662713.761849 9.879555 0.003769
1620662713.893849 9.879674 0.003770
1620662714.025850 9.879927 0.003768
1620662714.157850 9.880019 0.003770
1620662714.289850 9.880182 0.003769
1620662714.421850 9.879873 0.003769
1620662714.520851 9.880211 0.003769
1620662714.652851 9.879946 0.003769
1620662714.784852 9.879984 0.003770
1620662714.916852 9.879778 0.003770
1620662715.015852 9.879952 0.003767
1620662715.114852 9.880010 0.003769
1620662715.246853 9.880107 0.003768
1620662715.378853 9.880285 0.003766
1620662715.510853 9.880375 0.003769
1620662715.642853 9.880513 0.003769
1620662715.741854 9.880550 0.003767
1620662715.840854 9.880900 0.003768
1620662715.939854 9.881011 0.003769
1620662716.038854 9.881285 0.003769
1620662716.137855 9.880694 0.003770
1620662716.236855 9.881103 0.003769
1620662716.335855 9.880811 0.003769
1620662716.434855 9.880835 0.003769
1620662716.533855 9.880994 0.003769
1620662716.665856 9.881321 0.003770
1620662716.830856 9.881655 0.003769
1620662716.995857 9.882148 0.003769
1620662717.160857 9.881467 0.003769
1620662717.325858 9.881591 0.003769
1620662717.523858 9.882024 0.003769
1620662717.754858 9.882538 0.003769
1620662717.919859 9.883001 0.003768
1620662718.084859 9.882778 0.003769
1620662718.282860 9.883426 0.003769
1620662718.480860 9.883989 0.003769
1620662718.645861 9.884578 0.003768
1620662718.843861 9.885282 0.003769
1620662719.041862 9.885720 0.003769
1620662719.239862 9.885911 0.003770
1620662719.470863 9.886163 0.003768
1620662719.668863 9.886355 0.003769
1620662719.866863 9.887189 0.003768
1620662720.064864 9.887506 0.003769
1620662720.229864 9.888424 0.003768
1620662720.394865 9.889249 0.003760
1620662720.526865 9.889708 0.003767
1620662720.658865 9.890054 0.003761
1620662720.790866 9.890099 0.003768
1620662720.922866 9.889747 0.003768
1620662721.054866 9.889173 0.003765
1620662721.186867 9.889155 0.003768
1620662721.285867 9.889446 0.003770
1620662721.384867 9.889560 0.003768
1620662721.483867 9.889412 0.003767
1620662721.582867 9.889380 0.003766
1620662721.681868 9.889416 0.003765
1620662721.780868 9.889366 0.003758
1620662721.879868 9.889276 0.003770
1620662721.978868 9.889614 0.003770
1620662722.077869 9.889634 0.003769
1620662722.176869 9.889808 0.003769
1620662722.275869 9.890348 0.003768
1620662722.374870 9.889605 0.003769
1620662722.473870 9.889438 0.003766
1620662722.572870 9.889275 0.003768
1620662722.671870 9.889092 0.003768
1620662722.770870 9.889154 0.003769
1620662722.869871 9.889549 0.003767
1620662722.968871 9.889099 0.003770
1620662723.067871 9.888880 0.003769
1620662723.166871 9.888803 0.003768
1620662723.265872 9.889574 0.003766
1620662723.364872 9.889468 0.003769
1620662723.463872 9.889014 0.003770
1620662723.562872 9.888765 0.003770
1620662723.661872 9.888917 0.003769
1620662723.760873 9.889215 0.003768
1620662723.859873 9.889098 0.003769
1620662723.958873 9.889146 0.003769
1620662724.057873 9.889020 0.003769
1620662724.156874 9.888914 0.003769
1620662724.255874 9.889194 0.003770
1620662724.354874 9.889313 0.003769
1620662724.453874 9.889205 0.003769
1620662724.552875 9.889308 0.003769
1620662724.651875 9.889277 0.003769
1620662724.750875 9.889555 0.003769
1620662724.849875 9.889559 0.003769
1620662724.948875 9.890003 0.003769
1620662725.047876 9.889579 0.003769
1620662725.146876 9.890045 0.003769
1620662725.245876 9.890343 0.003769
1620662725.344877 9.890503 0.003768
1620662725.410877 9.890349 0.003768
1620662725.476877 9.890412 0.003769
1620662725.575877 9.890444 0.003768
1620662725.707877 9.891172 0.003768
1620662725.839878 9.890946 0.003769
1620662725.971878 9.890789 0.003768
1620662726.070878 9.891156 0.003768
1620662726.202878 9.891496 0.003769
1620662726.301879 9.891601 0.003769
1620662726.400879 9.891668 0.003769
1620662726.499879 9.891446 0.003769
1620662726.598880 9.891422 0.003768
1620662726.697880 9.891814 0.003769
1620662726.796880 9.892042 0.003769
1620662726.895880 9.892068 0.003769
1620662726.994880 9.892090 0.003769
1620662727.093881 9.892146 0.003768
1620662727.192881 9.891923 0.003768
1620662727.291881 9.891922 0.003767
1620662727.390881 9.892006 0.003769
1620662727.489882 9.892518 0.003767
1620662727.621882 9.893020 0.003768
1620662727.753882 9.893190 0.003768
1620662727.852882 9.892753 0.003767
1620662727.918883 9.892378 0.003768
1620662727.984883 9.892556 0.003768
1620662728.050883 9.892539 0.003768
1620662728.149883 9.892406 0.003769
1620662728.281884 9.892631 0.003768
1620662728.380884 9.893259 0.003768
1620662728.479884 9.893382 0.003768
1620662728.578884 9.893686 0.003767
1620662728.677884 9.893796 0.003767
1620662728.776885 9.894014 0.003767
1620662728.842885 9.893039 0.003767
1620662728.941885 9.893033 0.003768
1620662729.040885 9.893375 0.003768
1620662729.139886 9.893663 0.003768
1620662729.238886 9.893975 0.003767
1620662729.337886 9.893919 0.003768
1620662729.436886 9.894230 0.003768
1620662729.535887 9.894407 0.003768
1620662729.634887 9.894548 0.003768
1620662729.733887 9.894592 0.003768
1620662729.832887 9.895085 0.003769
1620662729.931887 9.894576 0.003768
1620662730.030888 9.894355 0.003769
1620662730.129888 9.894246 0.003768
1620662730.228888 9.893933 0.003768
1620662730.327888 9.893830 0.003767
1620662730.426889 9.893395 0.003768
1620662730.492889 9.893209 0.003768
1620662730.558889 9.892987 0.003768
1620662730.624889 9.893082 0.003768
1620662730.723889 9.892326 0.003769
1620662730.789890 9.893920 0.003769
1620662730.888890 9.893312 0.003768
1620662730.987890 9.894781 0.003765
1620662731.086890 9.894560 0.003768
1620662731.185890 9.894261 0.003767
1620662731.317891 9.893845 0.003768
1620662731.449891 9.893010 0.003768
1620662731.548891 9.892169 0.003768
1620662731.647892 9.891683 0.003768
1620662731.779892 9.891195 0.003767
1620662731.911892 9.890721 0.003768
1620662732.043892 9.889957 0.003768
1620662732.142893 9.889513 0.003768
1620662732.274893 9.888977 0.003768
1620662732.406893 9.888139 0.003768
1620662732.538893 9.887359 0.003768
1620662732.703894 9.886496 0.003768
1620662732.901894 9.884726 0.003768
1620662733.099895 9.883837 0.003768
1620662733.330896 9.883439 0.003768
1620662733.528896 9.883891 0.003768
1620662733.726896 9.883887 0.003768
1620662733.924897 9.884370 0.003768
1620662734.122897 9.884181 0.003768
1620662734.320898 9.883623 0.003768
1620662734.485898 9.884054 0.003768
1620662734.617898 9.883737 0.003768
1620662734.749899 9.883607 0.003768
1620662734.881899 9.884205 0.003768
1620662735.013900 9.883068 0.003768
1620662735.145900 9.884508 0.003768
1620662735.277900 9.883593 0.003768
1620662735.376900 9.882680 0.003768
1620662735.475901 9.883325 0.003768
1620662735.574901 9.883672 0.003768
1620662735.673901 9.883610 0.003768
1620662735.772901 9.886117 0.003768
1620662735.871902 9.885740 0.003768
1620662735.970902 9.886566 0.003768
1620662736.069902 9.887050 0.003768
1620662736.168902 9.886624 0.003768
1620662736.234902 9.886735 0.003767
1620662736.333903 9.885985 0.003768
1620662736.399903 9.885389 0.003768
1620662736.465903 9.885068 0.003768
1620662736.531903 9.885345 0.003768
1620662736.597903 9.886344 0.003768
1620662736.663903 9.886530 0.003768
1620662736.729904 9.886431 0.003768
1620662736.795904 9.886747 0.003767
1620662736.861904 9.887170 0.003767
1620662736.960904 9.886396 0.003768
1620662737.026904 9.886101 0.003768
1620662737.092904 9.886108 0.003768
1620662737.158905 9.886151 0.003768
1620662737.224905 9.886481 0.003768
1620662737.290905 9.887335 0.003766
1620662737.356905 9.887596 0.003766
1620662737.422905 9.887631 0.003766
1620662737.488905 9.887312 0.003766
1620662737.554906 9.887464 0.003768
1620662737.620906 9.887705 0.003768
1620662737.686906 9.887609 0.003768
1620662737.752906 9.887458 0.003768
1620662737.818906 9.887912 0.003768
1620662737.917907 9.887817 0.003768
1620662738.016906 9.887759 0.003768
1620662738.115906 9.888315 0.003768
1620662738.214907 9.888732 0.003768
1620662738.346907 9.889577 0.003768
1620662738.445907 9.889404 0.003768
1620662738.544908 9.889052 0.003768
1620662738.643908 9.890526 0.003768
1620662738.709908 9.889178 0.003768
1620662738.775908 9.889632 0.003768
1620662738.874908 9.889528 0.003767
1620662739.006909 9.889947 0.003768
1620662739.105909 9.889689 0.003767
1620662739.204909 9.889867 0.003767
1620662739.303909 9.890210 0.003768
1620662739.402910 9.890156 0.003767
1620662739.501910 9.890707 0.003767
1620662739.633910 9.890165 0.003768
1620662739.765911 9.890283 0.003768
1620662739.864911 9.890366 0.003768
1620662739.963911 9.890354 0.003768
1620662740.062911 9.890522 0.003768
1620662740.161911 9.890616 0.003768
1620662740.293912 9.890634 0.003768
1620662740.392912 9.890621 0.003768
1620662740.491912 9.890700 0.003768
1620662740.623913 9.890574 0.003768
1620662740.755913 9.890765 0.003768
1620662740.887913 9.890548 0.003768
1620662741.052914 9.890769 0.003768
1620662741.151914 9.890251 0.003768
1620662741.250914 9.890591 0.003768
1620662741.382915 9.890473 0.003768
1620662741.514915 9.890578 0.003768
1620662741.613915 9.890615 0.003768
1620662741.745915 9.890469 0.003768
1620662741.877916 9.890689 0.003768
1620662742.009916 9.890458 0.003768
1620662742.141916 9.890700 0.003768
1620662742.306917 9.890242 0.003768
1620662742.438917 9.891449 0.003768
1620662742.570917 9.889889 0.003768
1620662742.702918 9.890137 0.003768
1620662742.834918 9.891195 0.003768
1620662742.966918 9.889021 0.003768
1620662743.098919 9.889489 0.003767
1620662743.230919 9.888637 0.003768
1620662743.329919 9.888484 0.003767
1620662743.428919 9.888866 0.003768
1620662743.527920 9.888889 0.003768
1620662743.626920 9.888858 0.003768
1620662743.725920 9.888954 0.003768
1620662743.824920 9.889165 0.003767
1620662743.923921 9.888912 0.003768
1620662744.022921 9.889396 0.003768
1620662744.121921 9.889644 0.003768
1620662744.220921 9.888918 0.003767
1620662744.319921 9.888868 0.003768
1620662744.418922 9.889077 0.003768
1620662744.517922 9.889080 0.003767
1620662744.616922 9.889462 0.003768
1620662744.748922 9.889524 0.003768
1620662744.880923 9.889869 0.003768
1620662745.012923 9.889976 0.003768
1620662745.144923 9.890007 0.003768
1620662745.243924 9.890098 0.003768
1620662745.375924 9.890534 0.003767
1620662745.474924 9.890905 0.003768
1620662745.573924 9.890944 0.003768
1620662745.705925 9.891031 0.003768
1620662745.804925 9.891028 0.003768
1620662745.903925 9.891193 0.003768
1620662746.002926 9.891381 0.003768
1620662746.101926 9.891476 0.003768
1620662746.200926 9.891603 0.003768
1620662746.332926 9.891709 0.003768
1620662746.464927 9.891917 0.003768
1620662746.563927 9.891981 0.003768
1620662746.662927 9.892056 0.003768
1620662746.794927 9.892029 0.003768
1620662746.893928 9.892242 0.003768
1620662746.992928 9.892652 0.003768
1620662747.091928 9.892814 0.003768
1620662747.190928 9.893000 0.003768
1620662747.322929 9.893308 0.003768
1620662747.421929 9.893504 0.003768
1620662747.586929 9.893932 0.003768
1620662747.751930 9.894065 0.003768
1620662747.916930 9.894640 0.003768
1620662748.081930 9.895022 0.003768
1620662748.246931 9.895304 0.003768
1620662748.444931 9.895033 0.003768
1620662748.642932 9.895075 0.003768
1620662748.873932 9.894854 0.003768
1620662749.170933 9.895414 0.003768
1620662749.533934 9.895251 0.003768
1620662749.929935 9.895153 0.003768
1620662750.325936 9.896168 0.003768
1620662750.655936 9.895979 0.003768
1620662750.952937 9.895919 0.003768
1620662751.249938 9.895286 0.003768
1620662751.513938 9.894473 0.003768
1620662751.711939 9.893637 0.003768
1620662751.909940 9.893239 0.003767
1620662752.074940 9.891306 0.003768
1620662752.239940 9.888167 0.003768
1620662752.371941 9.891632 0.003767
1620662752.503941 9.892507 0.003768
1620662752.635941 9.891348 0.003768
1620662752.767942 9.890419 0.003768
1620662752.899942 9.889618 0.003768
1620662753.031942 9.889116 0.003767
1620662753.130943 9.887270 0.003767
1620662753.229943 9.893775 0.003761
1620662753.328943 9.891593 0.003767
1620662753.427943 9.891245 0.003768
1620662753.526943 9.889502 0.003768
1620662753.625944 9.890360 0.003768
1620662753.724944 9.889682 0.003768
1620662753.823944 9.889760 0.003768
1620662753.922944 9.889341 0.003768
1620662754.021945 9.889871 0.003768
1620662754.153945 9.889073 0.003768
1620662754.285945 9.889444 0.003768
1620662754.417945 9.889959 0.003767
1620662754.516946 9.890264 0.003768
1620662754.615946 9.891020 0.003768
1620662754.747946 9.891513 0.003768
1620662754.912947 9.891475 0.003768
1620662755.044947 9.889398 0.003768
1620662755.176947 9.889829 0.003768
1620662755.308948 9.890090 0.003768
1620662755.407948 9.890475 0.003768
1620662755.506948 9.890119 0.003768
1620662755.605948 9.890318 0.003768
1620662755.704948 9.889346 0.003768
1620662755.803949 9.889737 0.003768
1620662755.902949 9.889881 0.003768
1620662756.001949 9.890308 0.003768
1620662756.100950 9.889257 0.003768
1620662756.199950 9.889793 0.003768
1620662756.298950 9.888978 0.003768
1620662756.397950 9.889669 0.003768
1620662756.496951 9.889873 0.003768
1620662756.595951 9.890310 0.003768
1620662756.694951 9.889842 0.003768
1620662756.793951 9.889298 0.003768
1620662756.925951 9.889873 0.003767
1620662757.057952 9.890129 0.003768
1620662757.156952 9.890437 0.003767
1620662757.255952 9.890624 0.003768
1620662757.354952 9.890867 0.003768
1620662757.453953 9.891340 0.003767
1620662757.552953 9.891723 0.003767
1620662757.651953 9.891924 0.003768
1620662757.750953 9.892451 0.003767
1620662757.849954 9.892649 0.003768
1620662757.948954 9.892899 0.003767
1620662758.047954 9.893405 0.003768
1620662758.146955 9.893711 0.003768
1620662758.245955 9.894074 0.003768
1620662758.344955 9.894059 0.003768
1620662758.443955 9.894373 0.003768
1620662758.542955 9.894359 0.003768
1620662758.641956 9.894674 0.003768
1620662758.740956 9.894977 0.003768
1620662758.839956 9.895357 0.003768
1620662758.938956 9.895129 0.003768
1620662759.037956 9.895308 0.003768
1620662759.136957 9.895896 0.003767
1620662759.268957 9.896425 0.003768
1620662759.400957 9.896726 0.003768
1620662759.532958 9.897200 0.003768
1620662759.631958 9.897719 0.003766
1620662759.730958 9.897179 0.003767
1620662759.829958 9.898154 0.003767
1620662759.961959 9.898401 0.003768
1620662760.093959 9.898906 0.003768
1620662760.225959 9.899465 0.003768
1620662760.357960 9.900091 0.003767
1620662760.489960 9.900659 0.003766
1620662760.621960 9.901188 0.003767
1620662760.753961 9.901242 0.003768
1620662760.885961 9.901688 0.003767
1620662760.984961 9.902031 0.003768
1620662761.083961 9.902035 0.003768
1620662761.182962 9.902309 0.003767
1620662761.281962 9.902436 0.003768
1620662761.380962 9.902662 0.003768
1620662761.479962 9.902911 0.003768
1620662761.578962 9.903130 0.003768
1620662761.677963 9.903425 0.003768
1620662761.776963 9.903594 0.003767
1620662761.875963 9.903614 0.003768
1620662761.941963 9.903925 0.003767
1620662762.007964 9.904107 0.003767
1620662762.073964 9.904361 0.003767
1620662762.139964 9.904608 0.003767
1620662762.238964 9.904771 0.003767
1620662762.337964 9.904921 0.003767
1620662762.436965 9.905070 0.003766
1620662762.535965 9.905955 0.003768
1620662762.634965 9.905187 0.003768
1620662762.733965 9.905652 0.003767
1620662762.832965 9.905643 0.003766
1620662762.898966 9.905949 0.003766
1620662762.997966 9.906212 0.003767
1620662763.096966 9.905591 0.003767
1620662763.195966 9.906450 0.003767
1620662763.294966 9.906268 0.003767
1620662763.393967 9.906656 0.003767
1620662763.492967 9.906948 0.003768
1620662763.591967 9.907565 0.003767
1620662763.690968 9.907880 0.003767
1620662763.789968 9.907692 0.003767
1620662763.888968 9.907521 0.003768
1620662763.987968 9.908632 0.003767
1620662764.086969 9.908610 0.003767
1620662764.185969 9.907999 0.003767
1620662764.251969 9.908332 0.003767
1620662764.350969 9.907803 0.003767
1620662764.449969 9.906642 0.003767
1620662764.548970 9.906882 0.003767
1620662764.647970 9.907122 0.003767
1620662764.746970 9.907298 0.003767
1620662764.845970 9.907610 0.003767
1620662764.944971 9.908351 0.003760
1620662765.043971 9.908731 0.003767
1620662765.142971 9.909101 0.003767
1620662765.241971 9.909499 0.003767
1620662765.340971 9.909868 0.003767
1620662765.439972 9.910072 0.003767
1620662765.538972 9.910132 0.003767
1620662765.637972 9.910146 0.003767
1620662765.703972 9.910189 0.003766
1620662765.769973 9.910360 0.003766
1620662765.835973 9.910346 0.003767
1620662765.901973 9.910316 0.003768
1620662765.967973 9.910371 0.003767
1620662766.033973 9.910158 0.003767
1620662766.099973 9.910231 0.003766
1620662766.165973 9.910295 0.003767
1620662766.231974 9.910405 0.003767
1620662766.297974 9.910487 0.003767
1620662766.363974 9.910456 0.003767
1620662766.429974 9.910325 0.003767
1620662766.528974 9.910437 0.003767
1620662766.627975 9.910640 0.003767
1620662766.726975 9.910956 0.003767
1620662766.825975 9.911128 0.003767
1620662766.924975 9.911456 0.003767
1620662767.023975 9.911810 0.003767
1620662767.122976 9.912005 0.003767
1620662767.221976 9.911590 0.003767
1620662767.320976 9.912055 0.003767
1620662767.452976 9.912381 0.003767
1620662767.584977 9.912694 0.003767
1620662767.716977 9.912197 0.003767
1620662767.848977 9.912923 0.003767
1620662767.980978 9.913173 0.003767
1620662768.112978 9.913421 0.003767
1620662768.244978 9.913241 0.003767
1620662768.343979 9.915196 0.003767
1620662768.442979 9.914215 0.003767
1620662768.574979 9.914589 0.003766
1620662768.706980 9.914905 0.003767
1620662768.838980 9.914973 0.003767
1620662768.970980 9.915458 0.003767
1620662769.102980 9.916039 0.003767
1620662769.234981 9.916426 0.003767
1620662769.366981 9.915998 0.003767
1620662769.498981 9.915973 0.003767
1620662769.663982 9.916886 0.003767
1620662769.861982 9.917419 0.003767
1620662770.026983 9.917586 0.003767
1620662770.224983 9.917795 0.003767
1620662770.422984 9.921015 0.003767
1620662770.653984 9.920299 0.003767
1620662770.884985 9.921103 0.003766
1620662771.082985 9.921074 0.003766
1620662771.280986 9.921576 0.003766
1620662771.478986 9.921886 0.003766
