DelayedMarginalization 0.00143615 9.90443e-07 0.0114621 2002
DelayedMarginalizationOnly 0.000680935 4.58294e-07 0.00652772 2002
EF-marginalizeFrame 0.00180651 1.04537e-06 0.0119358 2002
FullSystem::trackNewCoarse 0.00620826 1.91768e-05 0.0351327 6901
FullSystem::trackNewCoarseNoIMU 0.00187956 8.24503e-07 0.00702626 164
FullSystemOptimize 0.150369 0.000329732 0.197093 2008
GraphUnrolling 0.0274181 0.000809875 0.0594528 3
IMUInitAddPose 3.25741e-05 6.29544e-10 0.000944557 2008
IMUInitOptimize 0.0294287 0.000264958 0.0650492 19
IMUIntegration::finishKeyframeOperations 4.92899e-05 1.54946e-09 0.00112801 1984
InitializerFirstFrame 0.0236716 -nan 0.0236716 1
InitializerOtherFrames 0.0283282 0.000218058 0.0843005 119
MainMarginalization 0.00163635 1.00633e-06 0.011673 2002
MarginalizationReplacementBuildGraph 0.00233258 1.52661e-06 0.00340753 3
MarginalizationReplacementReplaceGraph 0.0388137 0.000874703 0.0597266 2
MarginalizeMainGraph 0.00075325 3.7234e-07 0.0068182 2002
PGBA 0.0206817 -nan 0.0206817 1
PGBAFull 0.00698989 0.000135529 0.0244266 4
PrepareGraphForMainOptimization 0.0275514 0.000814338 0.0596694 3
VisualMarginalization 2.77385e-05 2.11651e-09 0.00101543 2002
activatePointsMT 0.00443198 4.17831e-06 0.015362 2008
addActiveFrame 0.0602765 0.00590254 0.245636 7185
addIMUData 0.00103955 1.16104e-06 0.0157597 6901
addIMUDataToBA 0.000106072 8.02887e-09 0.00202868 7184
addKeyframeToBA 5.37694e-05 1.27723e-09 0.00117609 2008
afterCoarseTracking 2.84274e-07 2.09612e-14 1.964e-06 7065
baIteration 0.0242261 3.28833e-05 0.060699 11659
baMatrixInversion 0.000170485 8.1759e-09 0.00217286 11659
baUpdateBuildHessians 0.000600309 3.55801e-07 0.0116093 11659
coarseTrackingIteration 0.000551346 8.44565e-07 0.00950852 62530
computeBAUpdate 0.000869971 3.77042e-07 0.0119023 11659
computeCoarseUpdate 0.000305761 5.2122e-07 0.00820283 61276
computeFactorForCoarseGraphAndMarginalCovariances 0.00229766 6.82463e-07 0.0126833 1984
convertHAndBFromDSO 0.000104231 3.04531e-09 0.00241858 19655
debugPlot 9.62385e-08 3.95966e-15 7.81e-07 2008
debugPlotIDepthMap 3.74068e-07 3.07309e-14 3.587e-06 2008
debugPlotIDepthMapFloat 4.0257e-08 1.17521e-15 6.11e-07 2008
deliverTrackedFrame 0.0522273 0.00598227 0.240063 7066
flagFramesForMarginalization 1.9233e-06 1.13526e-12 2.9616e-05 2008
fullCoarseTracking 0.00749125 2.375e-05 0.0685004 7065
initObjectsAndMakeImage 0.00106863 1.00621e-07 0.00434237 7185
makeKeyframe 0.173859 0.000350658 0.240004 2008
makeKeyframeChangeTrackingRef 0.00184511 7.48666e-08 0.00474813 2008
makeNewTraces 0.00341107 1.63449e-07 0.00657876 2008
makeNonKeyframe 0.00383899 1.80229e-06 0.00939831 5058
marginalizeAndRemovePoints 0.00349099 7.70619e-07 0.00654426 2008
marginalizeFrame 0.00359617 1.31711e-06 0.0136374 2002
marginalizeFrameOverhead 0.00178422 1.56145e-07 0.00435837 2002
marginalizeFrames 0.00360157 1.35919e-06 0.0136584 2008
newFrameAndNewResidualsForOldPoints 0.000976807 5.3096e-08 0.00314407 2008
printBiases 7.32034e-06 1.38341e-10 0.000117529 2008
printEigenValLine 1.46188e-07 3.06063e-15 1.383e-06 2008
printLogLine 0.000134658 6.07934e-08 0.00283167 2008
publishInMakeKeyframe 1.6614e-07 6.19527e-15 1.393e-06 2008
removeOutliers 0.0001655 4.0019e-09 0.0014373 2008
swapTrackingRef 0.000178306 1.07279e-07 0.00306496 2008
timeMeasurement 1.73718e-06 9.14488e-11 0.000736365 7185
traceNewCoarse 0.00350349 1.64596e-06 0.00938736 7066
updateBAValues 1.12771e-05 7.05847e-11 0.000595654 21753
zero 1.77981e-07 9.51667e-12 0.000253591 7185
