1608633204.516221 17.765746 0.319220
1608633204.681221 17.959260 0.268493
1608633204.846222 17.951115 0.228678
1608633205.011222 17.935666 0.198458
1608633205.176222 17.960612 0.172126
1608633205.308223 18.003341 0.157667
1608633205.440223 18.040992 0.144207
1608633205.572223 18.064641 0.130768
1608633205.704224 18.105871 0.119817
1608633205.869224 18.113048 0.109759
1608633206.067224 18.130698 0.099335
1608633206.232225 18.185724 0.092624
1608633206.397225 18.211031 0.087286
1608633206.529226 18.237165 0.083397
1608633206.727226 18.229402 0.077431
1608633206.925226 18.249510 0.072758
1608633207.156227 18.252881 0.067575
1608633207.321228 18.272573 0.064298
1608633207.453228 18.315213 0.062361
1608633207.585228 18.346192 0.060925
1608633207.717228 18.335965 0.059599
1608633207.849229 18.358883 0.058504
1608633207.981229 18.337620 0.056925
1608633208.146230 18.363525 0.055512
1608633208.311230 18.348312 0.054739
1608633208.509230 18.358055 0.053853
1608633208.707231 18.365928 0.053379
1608633208.905231 18.403659 0.053658
1608633209.070231 18.413519 0.053619
1608633209.268232 18.419160 0.053527
1608633209.466233 18.457277 0.053421
1608633209.664233 18.458611 0.050946
1608633209.829233 18.433033 0.050665
1608633209.994234 18.426978 0.050289
1608633210.159234 18.408990 0.049734
1608633210.324234 18.425709 0.049086
1608633210.489235 18.407614 0.048315
1608633210.621235 18.422053 0.047754
1608633210.753235 18.434231 0.046897
1608633210.885236 18.418452 0.045934
1608633211.050236 18.412146 0.044573
1608633211.215237 18.402785 0.043111
1608633211.380237 18.375862 0.041814
1608633211.578238 18.379665 0.040417
1608633211.743238 18.367538 0.039479
1608633211.908238 18.341521 0.038357
1608633212.040239 18.335020 0.037518
1608633212.205239 18.320303 0.036591
1608633212.337239 18.297154 0.036125
1608633212.502240 18.274062 0.035276
1608633212.700240 18.264865 0.034496
1608633212.865241 18.254284 0.033910
1608633213.030241 18.254798 0.033362
1608633213.162241 18.251825 0.032785
1608633213.360242 18.244176 0.031775
1608633213.525242 18.221441 0.031063
1608633213.657242 18.202443 0.030488
1608633213.789243 18.214450 0.030055
1608633213.954243 18.197424 0.029192
1608633214.086243 18.176957 0.028293
1608633214.251244 18.167586 0.027396
1608633214.416244 18.210928 0.027012
1608633214.581245 18.217155 0.026499
1608633214.746245 18.208166 0.025536
1608633214.944246 18.172889 0.024395
1608633215.142246 18.170640 0.023427
1608633215.340246 18.155282 0.022652
1608633215.538247 18.155119 0.021853
1608633215.736247 18.141211 0.020811
1608633215.934248 18.135215 0.019872
1608633216.132248 18.120448 0.018841
1608633216.396249 18.112575 0.017480
1608633216.627250 18.092606 0.016217
1608633216.858250 18.056897 0.015378
1608633217.089251 18.044359 0.014102
1608633217.287251 18.050227 0.013144
1608633217.485252 18.057138 0.012243
1608633217.683252 18.071192 0.011336
1608633217.848253 18.073355 0.010565
1608633218.013253 18.080955 0.010000
1608633218.178253 18.078231 0.009279
1608633218.343254 18.079872 0.008595
1608633218.508254 18.083883 0.007974
1608633218.640254 18.087540 0.007494
1608633218.772255 18.086561 0.007114
1608633218.904255 18.091557 0.006689
1608633219.069255 18.094472 0.006214
1608633219.201256 18.095677 0.005865
1608633219.366256 18.097894 0.005467
1608633219.531257 18.086968 0.005121
1608633219.696257 18.084946 0.004839
1608633219.861257 18.079267 0.004613
1608633220.026258 18.070730 0.004424
1608633220.191258 18.061688 0.004270
1608633220.389258 18.058429 0.004125
1608633220.620259 18.055720 0.003984
1608633220.851260 18.047916 0.003884
1608633221.115260 18.036808 0.003814
1608633221.511261 18.031555 0.003711
1608633222.435263 18.036001 0.003591
1608633225.834271 18.032628 0.003511
1608633228.705278 18.022880 0.003370
1608633228.936279 18.025222 0.003363
1608633229.365279 18.027450 0.003336
1608633229.893281 18.028503 0.003287
1608633230.388282 18.027274 0.003227
1608633230.850283 18.030699 0.003169
1608633231.213284 18.033136 0.003127
1608633231.444284 18.031740 0.003095
1608633231.642285 18.031449 0.003074
1608633231.807286 18.031476 0.003055
1608633231.972286 18.031907 0.003036
1608633232.137286 18.033872 0.003018
1608633232.269286 18.034354 0.003003
1608633232.401287 18.036613 0.002989
1608633232.533287 18.036415 0.002973
1608633232.665287 18.035872 0.002956
1608633232.797288 18.036335 0.002939
1608633232.929288 18.037455 0.002921
1608633233.061288 18.038412 0.002906
1608633233.193289 18.036871 0.002888
1608633233.292289 18.034435 0.002874
1608633233.457289 18.039008 0.002857
1608633233.655290 18.036558 0.002829
1608633233.853290 18.038679 0.002802
1608633234.084291 18.037545 0.002777
1608633234.282291 18.036320 0.002774
1608633234.480292 18.038747 0.002761
1608633234.678292 18.042054 0.002754
1608633234.843293 18.044156 0.002747
1608633234.975293 18.045653 0.002742
1608633235.074293 18.044926 0.002738
1608633235.206294 18.046283 0.002729
1608633235.338294 18.046752 0.002723
1608633235.536294 18.049912 0.002716
1608633235.701295 18.050579 0.002710
1608633235.899295 18.053005 0.002704
1608633236.031296 18.051440 0.002698
1608633236.130296 18.052969 0.002696
1608633236.229296 18.053925 0.002694
1608633236.295296 18.054167 0.002693
1608633236.361296 18.054828 0.002692
1608633236.427296 18.055695 0.002690
1608633236.493296 18.056493 0.002689
1608633236.658297 18.053004 0.002685
1608633236.823297 18.053245 0.002681
1608633236.955297 18.053709 0.002678
1608633237.054298 18.054648 0.002677
1608633237.186298 18.054909 0.002674
1608633237.285298 18.053851 0.002671
1608633237.351299 18.052225 0.002671
1608633237.450299 18.050991 0.002669
1608633237.615299 18.048175 0.002666
1608633237.780299 18.049164 0.002665
1608633237.912300 18.047955 0.002663
1608633238.044300 18.049666 0.002662
1608633238.176300 18.049895 0.002666
1608633238.308301 18.049077 0.002665
1608633238.407301 18.049463 0.002663
1608633238.506301 18.049310 0.002663
1608633238.605302 18.048978 0.002662
1608633238.737302 18.048002 0.002661
1608633238.869302 18.047649 0.002660
1608633238.968302 18.048634 0.002660
1608633239.133302 18.048085 0.002659
1608633239.232303 18.048197 0.002658
1608633239.331303 18.048342 0.002658
1608633239.397303 18.047848 0.002657
1608633239.463303 18.047879 0.002657
1608633239.529304 18.048384 0.002656
1608633239.595304 18.048248 0.002656
1608633239.694304 18.047890 0.002656
1608633239.793304 18.048084 0.002655
1608633239.892304 18.047893 0.002654
1608633240.057305 18.048435 0.002654
1608633240.189305 18.048851 0.002653
1608633240.354306 18.048027 0.002654
1608633240.486306 18.048152 0.002653
1608633240.585306 18.048418 0.002653
1608633240.651306 18.048512 0.002653
1608633240.750307 18.048425 0.002653
1608633240.849307 18.048257 0.002652
1608633240.981307 18.048873 0.002652
1608633241.080307 18.048761 0.002651
1608633241.179307 18.049020 0.002651
1608633241.311308 18.048946 0.002652
1608633241.443308 18.048892 0.002651
1608633241.542308 18.048475 0.002651
1608633241.641309 18.048242 0.002652
1608633241.707309 18.048235 0.002651
1608633241.806309 18.048365 0.002651
1608633241.938309 18.048389 0.002651
1608633242.070310 18.048819 0.002650
1608633242.202310 18.048258 0.002650
1608633242.301310 18.048197 0.002650
1608633242.400310 18.048216 0.002650
1608633242.499310 18.047786 0.002650
1608633242.598311 18.048421 0.002649
1608633242.697311 18.050215 0.002638
1608633242.763311 18.049212 0.002647
1608633242.829311 18.049689 0.002648
1608633242.895312 18.047132 0.002645
1608633243.027312 18.048264 0.002647
1608633243.126312 18.048802 0.002644
1608633243.258312 18.050921 0.002644
1608633243.390313 18.049570 0.002648
1608633243.489313 18.050169 0.002630
1608633243.588313 18.051381 0.002648
1608633243.753314 18.049409 0.002639
1608633243.918314 18.049417 0.002648
1608633244.116314 18.051308 0.002638
1608633244.314315 18.048437 0.002641
1608633244.479315 18.049699 0.002635
1608633244.644316 18.054092 0.002618
1608633244.776316 18.052925 0.002645
1608633244.941316 18.052189 0.002646
1608633245.073317 18.049665 0.002648
1608633245.205317 18.047248 0.002650
1608633245.370317 18.047450 0.002642
1608633245.502318 18.050669 0.002646
1608633245.667318 18.050632 0.002648
1608633245.832319 18.049244 0.002649
1608633245.997319 18.048904 0.002649
1608633246.129319 18.047692 0.002631
1608633246.294320 18.046924 0.002645
1608633246.459320 18.048107 0.002648
1608633246.624321 18.049339 0.002650
1608633246.789321 18.047841 0.002650
1608633246.954321 18.046992 0.002650
1608633247.086322 18.047054 0.002648
1608633247.218322 18.047375 0.002641
1608633247.317322 18.046380 0.002647
1608633247.449322 18.044424 0.002605
1608633247.581323 18.043493 0.002636
1608633247.680323 18.044707 0.002632
1608633247.746323 18.041281 0.002630
1608633247.812323 18.038827 0.002642
1608633247.878324 18.038124 0.002647
1608633247.944324 18.038629 0.002622
1608633248.010324 18.038874 0.002646
1608633248.076324 18.038190 0.002644
1608633248.208324 18.038412 0.002649
1608633248.307324 18.039533 0.002648
1608633248.406325 18.039402 0.002649
1608633248.505325 18.039595 0.002646
1608633248.571325 18.041868 0.002649
1608633248.637325 18.042065 0.002648
1608633248.703326 18.043650 0.002648
1608633248.769325 18.044496 0.002640
1608633248.835326 18.045927 0.002645
1608633248.901326 18.046775 0.002644
1608633249.000326 18.044349 0.002641
1608633249.066326 18.045882 0.002642
1608633249.132326 18.046749 0.002647
1608633249.231327 18.049289 0.002639
1608633249.297327 18.046096 0.002649
1608633249.396327 18.045527 0.002635
1608633249.495327 18.045911 0.002644
1608633249.561327 18.047590 0.002638
1608633249.627328 18.047539 0.002641
1608633249.693328 18.048619 0.002648
1608633249.792328 18.048384 0.002647
1608633249.891328 18.049413 0.002646
1608633249.990329 18.050048 0.002629
1608633250.056329 18.047618 0.002645
1608633250.122329 18.046888 0.002645
1608633250.188329 18.046581 0.002650
1608633250.287329 18.047334 0.002650
1608633250.386329 18.049178 0.002646
1608633250.518330 18.050917 0.002636
1608633250.617330 18.050925 0.002648
1608633250.683330 18.052222 0.002643
1608633250.749330 18.052805 0.002649
1608633250.815330 18.055149 0.002647
1608633250.881330 18.056293 0.002650
1608633250.980331 18.057834 0.002649
1608633251.046331 18.057628 0.002646
1608633251.145331 18.056462 0.002649
1608633251.277331 18.059134 0.002647
1608633251.409332 18.057752 0.002647
1608633251.508332 18.057661 0.002648
1608633251.640332 18.059000 0.002649
1608633251.772332 18.059284 0.002648
1608633251.904333 18.058094 0.002638
1608633252.003333 18.059365 0.002648
1608633252.102334 18.057447 0.002647
1608633252.168334 18.056573 0.002644
1608633252.234334 18.053852 0.002644
1608633252.300334 18.054413 0.002639
1608633252.366334 18.053196 0.002647
1608633252.432334 18.052114 0.002648
1608633252.498334 18.052560 0.002646
1608633252.564335 18.051335 0.002648
1608633252.630335 18.052007 0.002649
1608633252.729335 18.052027 0.002648
1608633252.795335 18.051875 0.002647
1608633252.861335 18.050706 0.002646
1608633252.927336 18.050985 0.002649
1608633252.993335 18.051755 0.002648
1608633253.059336 18.051986 0.002649
1608633253.158336 18.051417 0.002648
1608633253.224336 18.051604 0.002647
1608633253.323336 18.049292 0.002646
1608633253.422337 18.049042 0.002649
1608633253.521337 18.049976 0.002649
1608633253.587337 18.051374 0.002647
1608633253.653337 18.053818 0.002647
1608633253.719337 18.054183 0.002644
1608633253.785337 18.055014 0.002646
1608633253.851337 18.053638 0.002648
1608633253.917338 18.053905 0.002647
1608633253.983338 18.053515 0.002649
1608633254.049338 18.054125 0.002648
1608633254.115338 18.054024 0.002648
1608633254.181338 18.053663 0.002648
1608633254.247339 18.053846 0.002646
1608633254.313339 18.053334 0.002648
1608633254.379339 18.052103 0.002648
1608633254.445339 18.053180 0.002642
1608633254.610339 18.053367 0.002647
1608633254.742340 18.053552 0.002648
1608633254.874340 18.053698 0.002644
1608633254.973340 18.053676 0.002646
1608633255.072340 18.052808 0.002649
1608633255.138341 18.051739 0.002649
1608633255.237341 18.050323 0.002649
1608633255.303341 18.048967 0.002648
1608633255.369341 18.048879 0.002649
1608633255.468341 18.049536 0.002645
1608633255.534341 18.048604 0.002649
1608633255.600342 18.047056 0.002648
1608633255.666342 18.048003 0.002648
1608633255.732342 18.047248 0.002649
1608633255.798342 18.047377 0.002646
1608633255.897342 18.049120 0.002648
1608633255.996342 18.049372 0.002649
1608633256.128343 18.050841 0.002648
1608633256.227343 18.050548 0.002649
1608633256.326344 18.050913 0.002649
1608633256.392344 18.050974 0.002646
1608633256.458344 18.048685 0.002645
1608633256.524344 18.048265 0.002646
1608633256.590344 18.047492 0.002649
1608633256.656344 18.048175 0.002644
1608633256.722344 18.047087 0.002649
1608633256.788344 18.046592 0.002647
1608633256.887345 18.046999 0.002649
1608633257.019345 18.047521 0.002649
1608633257.118345 18.048431 0.002648
1608633257.217345 18.050280 0.002649
1608633257.316346 18.050342 0.002649
1608633257.415346 18.050747 0.002649
1608633257.514346 18.051971 0.002649
1608633257.580346 18.051854 0.002647
1608633257.679347 18.050491 0.002647
1608633257.745347 18.050238 0.002645
1608633257.844347 18.052522 0.002649
1608633257.943347 18.052922 0.002648
1608633258.009347 18.052240 0.002646
1608633258.075347 18.051058 0.002646
1608633258.141348 18.051162 0.002649
1608633258.207348 18.051176 0.002645
1608633258.273348 18.050231 0.002649
1608633258.339348 18.052114 0.002648
1608633258.438348 18.050011 0.002648
1608633258.537349 18.052543 0.002648
1608633258.603349 18.056452 0.002649
1608633258.669349 18.057515 0.002647
1608633258.735349 18.059743 0.002649
1608633258.801349 18.059281 0.002648
1608633258.867349 18.056866 0.002644
1608633258.933350 18.057168 0.002641
1608633259.032350 18.057691 0.002646
1608633259.098350 18.058158 0.002646
1608633259.197350 18.058113 0.002647
1608633259.296350 18.058666 0.002648
1608633259.362351 18.057821 0.002647
1608633259.428351 18.057676 0.002645
1608633259.494351 18.057575 0.002647
1608633259.560351 18.057034 0.002648
1608633259.626351 18.057331 0.002646
1608633259.692351 18.056327 0.002649
1608633259.791352 18.055131 0.002645
1608633259.857352 18.055121 0.002645
1608633259.923352 18.053667 0.002647
1608633259.989352 18.053337 0.002647
1608633260.055352 18.054588 0.002644
1608633260.121352 18.054950 0.002647
1608633260.187353 18.054988 0.002645
1608633260.253353 18.053235 0.002649
1608633260.319353 18.053474 0.002648
1608633260.385353 18.054040 0.002648
1608633260.451353 18.056840 0.002646
1608633260.517353 18.056045 0.002649
1608633260.583353 18.055768 0.002648
1608633260.649354 18.055859 0.002648
1608633260.715354 18.056745 0.002646
1608633260.781354 18.056638 0.002648
1608633260.880354 18.053157 0.002648
1608633260.979354 18.055055 0.002643
1608633261.078355 18.054475 0.002647
1608633261.210355 18.055866 0.002648
1608633261.375355 18.056172 0.002648
1608633261.507356 18.055924 0.002648
1608633261.639356 18.056490 0.002641
1608633261.804356 18.053640 0.002648
1608633261.969357 18.050833 0.002644
1608633262.101357 18.050748 0.002648
1608633262.233357 18.050203 0.002646
1608633262.398358 18.047790 0.002647
1608633262.563358 18.046507 0.002649
1608633262.728359 18.047550 0.002648
1608633262.893359 18.045190 0.002648
1608633263.058359 18.044114 0.002649
1608633263.190360 18.045880 0.002645
1608633263.289360 18.044616 0.002630
1608633263.388360 18.042567 0.002648
1608633263.487360 18.044732 0.002649
1608633263.586361 18.049703 0.002643
1608633263.685361 18.050690 0.002649
1608633263.817361 18.048870 0.002648
1608633263.949361 18.050110 0.002642
1608633264.114362 18.048547 0.002648
1608633264.246362 18.049765 0.002647
1608633264.411363 18.052093 0.002647
1608633264.642363 18.054179 0.002641
1608633264.807363 18.054366 0.002646
1608633265.038364 18.055332 0.002646
1608633265.203364 18.054411 0.002640
1608633265.401365 18.054478 0.002645
1608633265.599365 18.053472 0.002648
1608633265.764366 18.055748 0.002648
1608633265.962366 18.053844 0.002648
1608633266.160367 18.056677 0.002648
1608633266.391367 18.058559 0.002646
1608633266.556368 18.065615 0.002644
1608633266.754368 18.059626 0.002648
1608633266.952369 18.056700 0.002647
1608633267.150369 18.060853 0.002645
1608633267.348370 18.067159 0.002636
1608633267.513370 18.057130 0.002643
1608633267.678370 18.068569 0.002640
1608633267.777371 18.069773 0.002646
1608633267.942371 18.069651 0.002647
1608633268.140372 18.079853 0.002646
1608633268.371372 18.080037 0.002643
1608633268.602373 18.079707 0.002636
1608633268.800373 18.089092 0.002642
1608633268.998373 18.088287 0.002640
1608633269.229374 18.082559 0.002647
1608633269.394374 18.086338 0.002637
1608633269.592375 18.088065 0.002645
1608633269.757375 18.089495 0.002646
1608633269.922376 18.076324 0.002642
1608633270.087376 18.068717 0.002643
1608633270.285377 18.059852 0.002647
1608633270.450377 18.050055 0.002638
1608633270.648377 18.038435 0.002647
1608633270.879378 18.035677 0.002646
1608633271.077378 18.039625 0.002637
1608633271.242379 18.040236 0.002643
1608633271.440379 18.044735 0.002647
1608633271.638380 18.043396 0.002648
1608633271.869380 18.050299 0.002646
1608633272.100381 18.050056 0.002643
1608633272.331382 18.069762 0.002645
1608633272.562382 18.073114 0.002641
1608633272.793382 18.089323 0.002627
1608633273.090383 18.101647 0.002637
1608633273.387384 18.110584 0.002640
1608633273.717385 18.118067 0.002642
1608633274.047385 18.129661 0.002646
1608633274.443386 18.142992 0.002647
1608633274.740387 18.149123 0.002647
1608633275.004388 18.164115 0.002646
1608633275.268388 18.159671 0.002633
1608633275.631389 18.159968 0.002633
1608633275.862390 18.159853 0.002640
1608633276.258390 18.169066 0.002638
1608633276.621391 18.174399 0.002645
1608633276.753392 18.171286 0.002635
1608633278.601396 18.197793 0.002648
1608633285.630413 18.195864 0.002649
1608633286.026414 18.191705 0.002647
1608633286.587415 18.188207 0.002647
1608633286.818416 18.182914 0.002640
1608633287.016416 18.176927 0.002638
1608633287.181417 18.170743 0.002637
1608633287.445417 18.165210 0.002640
1608633287.709418 18.162567 0.002643
1608633287.874418 18.160781 0.002648
1608633288.138419 18.159995 0.002645
1608633288.402420 18.154269 0.002637
1608633288.666420 18.148374 0.002639
1608633288.897421 18.145177 0.002630
1608633289.128421 18.139908 0.002635
1608633289.293422 18.135068 0.002638
1608633289.491422 18.130374 0.002644
1608633289.755423 18.130920 0.002643
1608633290.019423 18.129057 0.002643
1608633290.349424 18.124588 0.002645
1608633290.646425 18.118620 0.002633
1608633290.910425 18.108583 0.002643
1608633291.174426 18.102493 0.002644
1608633291.405427 18.099646 0.002638
1608633291.603427 18.094427 0.002619
1608633291.900428 18.092212 0.002630
1608633292.131428 18.093332 0.002634
1608633292.362429 18.087526 0.002610
1608633292.593430 18.091434 0.002628
1608633292.890430 18.096385 0.002641
1608633293.088431 18.095550 0.002640
1608633293.352431 18.095200 0.002635
1608633293.616432 18.094473 0.002643
1608633293.847432 18.092420 0.002642
1608633294.078433 18.083622 0.002642
1608633294.276433 18.083944 0.002633
1608633294.474434 18.082841 0.002633
1608633294.639434 18.082186 0.002643
1608633294.771435 18.081192 0.002640
1608633294.903435 18.082993 0.002635
1608633295.035435 18.083515 0.002637
1608633295.167435 18.083257 0.002637
1608633295.299436 18.083833 0.002629
1608633295.431436 18.082798 0.002597
1608633295.563436 18.082241 0.002632
1608633295.695437 18.081084 0.002548
1608633295.794437 18.081527 0.002567
1608633295.893437 18.081313 0.002599
1608633295.992438 18.082949 0.002595
1608633296.091438 18.078999 0.002637
1608633296.223438 18.080132 0.002643
1608633296.322438 18.081475 0.002633
1608633296.454438 18.078624 0.002638
1608633296.586439 18.079730 0.002644
1608633296.685439 18.079887 0.002637
1608633296.817439 18.078655 0.002644
1608633296.949440 18.078654 0.002625
1608633297.081440 18.077575 0.002640
1608633297.213440 18.077840 0.002643
1608633297.378440 18.079049 0.002642
1608633297.510441 18.079908 0.002635
1608633297.642441 18.077172 0.002637
1608633297.774441 18.077917 0.002642
1608633297.906442 18.078056 0.002638
1608633298.071442 18.077831 0.002645
1608633298.236443 18.077841 0.002644
1608633298.368443 18.077857 0.002634
1608633298.500443 18.078695 0.002612
1608633298.599443 18.078822 0.002587
1608633298.698444 18.075866 0.002626
1608633298.797444 18.077173 0.002598
1608633298.896444 18.076700 0.002639
1608633298.995445 18.077143 0.002632
1608633299.061445 18.075409 0.002631
1608633299.160445 18.076423 0.002635
1608633299.259445 18.075097 0.002644
1608633299.424445 18.074123 0.002635
1608633299.523446 18.073345 0.002628
1608633299.622446 18.073900 0.002595
1608633299.688446 18.072911 0.002609
1608633299.754446 18.071832 0.002644
1608633299.820446 18.073244 0.002643
1608633299.886446 18.075381 0.002639
1608633299.952447 18.075119 0.002625
1608633300.018447 18.073939 0.002637
1608633300.084447 18.072737 0.002645
1608633300.183447 18.072979 0.002644
1608633300.315448 18.073098 0.002645
1608633300.447448 18.072515 0.002640
1608633300.579448 18.071568 0.002642
1608633300.678448 18.070327 0.002645
1608633300.777449 18.069632 0.002640
1608633300.843449 18.071206 0.002645
1608633300.942449 18.071173 0.002645
1608633301.041449 18.072179 0.002640
1608633301.206450 18.071224 0.002618
1608633301.371450 18.069229 0.002641
1608633301.503450 18.067597 0.002645
1608633301.602451 18.066870 0.002642
1608633301.701451 18.068279 0.002629
1608633301.833451 18.068421 0.002634
1608633301.965451 18.069783 0.002641
1608633302.097452 18.069272 0.002626
1608633302.229452 18.067368 0.002645
1608633302.328452 18.067365 0.002631
1608633302.427452 18.066023 0.002641
1608633302.526453 18.066371 0.002642
1608633302.625453 18.066425 0.002627
1608633302.757453 18.067868 0.002628
1608633302.856454 18.066040 0.002631
1608633303.021454 18.064619 0.002635
1608633303.186454 18.063792 0.002633
1608633303.318455 18.064862 0.002603
1608633303.417455 18.063068 0.002633
1608633303.516455 18.062310 0.002636
1608633303.615455 18.065382 0.002644
1608633303.681456 18.066060 0.002613
1608633303.747456 18.065073 0.002613
1608633303.813456 18.064420 0.002641
1608633303.879456 18.064340 0.002634
1608633303.945456 18.064233 0.002629
1608633304.011456 18.064521 0.002629
1608633304.077456 18.064099 0.002641
1608633304.176457 18.064073 0.002641
1608633304.275457 18.063681 0.002641
1608633304.374457 18.063363 0.002628
1608633304.473457 18.063940 0.002624
1608633304.572458 18.063132 0.002637
1608633304.704458 18.063425 0.002642
1608633304.803458 18.062905 0.002640
1608633304.902458 18.062841 0.002643
1608633305.001459 18.062268 0.002645
1608633305.100459 18.062180 0.002621
1608633305.199459 18.061724 0.002638
1608633305.298459 18.061581 0.002640
1608633305.397460 18.061411 0.002642
1608633305.496460 18.062356 0.002638
1608633305.595460 18.062297 0.002642
1608633305.694460 18.062049 0.002640
1608633305.793460 18.061734 0.002633
1608633305.859461 18.061815 0.002624
1608633305.925461 18.061113 0.002644
1608633306.024461 18.061603 0.002635
1608633306.090461 18.061389 0.002645
1608633306.222461 18.061634 0.002641
1608633306.321462 18.061605 0.002638
1608633306.420462 18.061133 0.002641
1608633306.519462 18.061312 0.002642
1608633306.618463 18.060919 0.002639
1608633306.684463 18.060513 0.002644
1608633306.750463 18.060595 0.002640
1608633306.816463 18.061723 0.002639
1608633306.882463 18.061016 0.002642
1608633306.948463 18.061083 0.002640
1608633307.047463 18.060609 0.002634
1608633307.146464 18.060488 0.002640
1608633307.278464 18.061020 0.002645
1608633307.377464 18.061318 0.002642
1608633307.476465 18.061645 0.002642
1608633307.542465 18.061817 0.002644
1608633307.608465 18.063405 0.002634
1608633307.674465 18.063759 0.002645
1608633307.740465 18.063436 0.002644
1608633307.806465 18.063468 0.002645
1608633307.872465 18.064049 0.002637
1608633307.938466 18.063720 0.002642
1608633308.004466 18.064236 0.002631
1608633308.070466 18.064657 0.002635
1608633308.169466 18.063864 0.002644
1608633308.301467 18.062200 0.002632
1608633308.433467 18.062698 0.002633
1608633308.565467 18.062995 0.002621
1608633308.664468 18.063316 0.002628
1608633308.763468 18.063406 0.002609
1608633308.862468 18.063922 0.002639
1608633308.895468 18.063845 0.002635
1608633308.994468 18.063291 0.002633
1608633309.093468 18.063248 0.002628
1608633309.159469 18.063026 0.002644
1608633309.225469 18.062574 0.002637
1608633309.291469 18.062445 0.002633
1608633309.357469 18.062556 0.002639
1608633309.423469 18.062325 0.002642
1608633309.489469 18.062218 0.002638
1608633309.555470 18.062308 0.002645
1608633309.621470 18.063268 0.002638
1608633309.687470 18.062893 0.002639
1608633309.753470 18.062681 0.002638
1608633309.819470 18.062063 0.002636
1608633309.885470 18.061403 0.002630
1608633309.951470 18.062267 0.002621
1608633310.050471 18.061685 0.002645
1608633310.149471 18.061605 0.002643
1608633310.248471 18.061915 0.002645
1608633310.347471 18.061885 0.002629
1608633310.446472 18.061571 0.002637
1608633310.545472 18.061374 0.002644
1608633310.644472 18.061574 0.002633
1608633310.743472 18.061452 0.002644
1608633310.842473 18.061492 0.002634
1608633310.974473 18.060597 0.002642
1608633311.106473 18.060331 0.002623
1608633311.205473 18.059771 0.002640
1608633311.304474 18.059866 0.002633
1608633311.403474 18.059703 0.002639
1608633311.502474 18.059491 0.002642
1608633311.634475 18.059441 0.002644
1608633311.766475 18.059118 0.002645
1608633311.898475 18.058975 0.002644
1608633312.030475 18.058837 0.002635
1608633312.129476 18.058742 0.002645
1608633312.228476 18.058541 0.002594
1608633312.327476 18.059093 0.002645
1608633312.459476 18.058542 0.002639
1608633312.558476 18.058046 0.002637
1608633312.657477 18.058785 0.002642
1608633312.723477 18.058697 0.002641
1608633312.789477 18.058107 0.002610
1608633312.855477 18.058097 0.002628
1608633312.921477 18.058267 0.002642
1608633312.987478 18.058002 0.002643
1608633313.053478 18.057576 0.002598
1608633313.119478 18.056528 0.002639
1608633313.185478 18.056277 0.002634
1608633313.284478 18.055391 0.002630
1608633313.350479 18.056765 0.002619
1608633313.416479 18.056266 0.002616
1608633313.482479 18.055322 0.002640
1608633313.548479 18.056125 0.002645
1608633313.614479 18.056118 0.002639
1608633313.680479 18.056636 0.002640
1608633313.746479 18.056601 0.002640
1608633313.812479 18.056492 0.002637
1608633313.911480 18.056865 0.002644
1608633313.977480 18.056858 0.002632
1608633314.043480 18.056964 0.002630
1608633314.109480 18.058010 0.002639
1608633314.175480 18.058657 0.002644
1608633314.241480 18.058405 0.002643
1608633314.340481 18.058520 0.002633
1608633314.472481 18.058474 0.002645
1608633314.604481 18.059000 0.002632
1608633314.703482 18.059078 0.002617
1608633314.802482 18.060136 0.002636
1608633314.901482 18.060187 0.002645
1608633315.000482 18.059019 0.002637
1608633315.099483 18.059346 0.002642
1608633315.231483 18.058720 0.002644
1608633315.330483 18.058327 0.002602
1608633315.429483 18.057599 0.002644
1608633315.528484 18.059174 0.002643
1608633315.594484 18.059223 0.002643
1608633315.660484 18.061313 0.002605
1608633315.726484 18.060076 0.002645
1608633315.792484 18.060428 0.002642
1608633315.858485 18.061746 0.002645
1608633315.924484 18.061791 0.002643
1608633315.990485 18.062713 0.002645
1608633316.056485 18.063188 0.002642
1608633316.122485 18.063650 0.002636
1608633316.188485 18.063200 0.002633
1608633316.254485 18.063231 0.002645
1608633316.320485 18.063563 0.002632
1608633316.419486 18.064715 0.002645
1608633316.518486 18.066277 0.002644
1608633316.617486 18.067001 0.002644
1608633316.716486 18.067639 0.002644
1608633316.815486 18.067576 0.002645
1608633316.947487 18.068675 0.002635
1608633317.112487 18.068580 0.002640
1608633317.244488 18.069563 0.002615
1608633317.376488 18.072345 0.002598
1608633317.508488 18.073183 0.002641
1608633317.640488 18.074534 0.002618
1608633317.772489 18.073906 0.002644
1608633317.904489 18.074547 0.002619
1608633318.003489 18.073708 0.002630
1608633318.102490 18.074180 0.002632
1608633318.201490 18.076861 0.002637
1608633318.300490 18.077255 0.002638
1608633318.399490 18.079047 0.002632
1608633318.498491 18.079521 0.002644
1608633318.597491 18.079557 0.002638
1608633318.696491 18.080038 0.002634
1608633318.795491 18.081190 0.002637
1608633318.894491 18.082932 0.002639
1608633318.993492 18.084924 0.002637
1608633319.059492 18.085239 0.002640
1608633319.158492 18.085778 0.002643
1608633319.224492 18.087469 0.002638
1608633319.290493 18.087146 0.002644
1608633319.356493 18.087588 0.002638
1608633319.455493 18.087464 0.002634
1608633319.521493 18.087806 0.002628
1608633319.587493 18.087583 0.002637
1608633319.653493 18.088107 0.002634
1608633319.752494 18.088305 0.002645
1608633319.884494 18.088862 0.002641
1608633319.983494 18.089379 0.002638
1608633320.082494 18.089802 0.002645
1608633320.181494 18.090864 0.002624
1608633320.247495 18.091709 0.002615
1608633320.313495 18.091990 0.002636
1608633320.379495 18.091356 0.002635
1608633320.445495 18.090582 0.002645
1608633320.511495 18.090754 0.002626
1608633320.577496 18.090600 0.002643
1608633320.643496 18.090829 0.002635
1608633320.709496 18.090891 0.002635
1608633320.808496 18.091378 0.002636
1608633320.907496 18.090827 0.002636
1608633321.006496 18.091384 0.002623
1608633321.105497 18.091237 0.002638
1608633321.204497 18.090669 0.002639
1608633321.303497 18.091666 0.002638
1608633321.402497 18.091253 0.002630
1608633321.501498 18.091149 0.002644
1608633321.600498 18.090263 0.002628
1608633321.666498 18.089933 0.002641
1608633321.765498 18.089066 0.002645
1608633321.864498 18.088927 0.002641
1608633321.963499 18.088205 0.002633
1608633322.029499 18.088225 0.002616
1608633322.095499 18.087332 0.002634
1608633322.161499 18.086685 0.002625
1608633322.227499 18.086484 0.002644
1608633322.293500 18.086636 0.002595
1608633322.359500 18.085620 0.002645
1608633322.425500 18.086933 0.002626
1608633322.491500 18.086542 0.002625
1608633322.557500 18.086982 0.002645
1608633322.623500 18.087351 0.002619
1608633322.689500 18.087967 0.002640
1608633322.788501 18.087931 0.002644
1608633322.887501 18.088575 0.002641
1608633322.986501 18.088207 0.002629
1608633323.085501 18.087929 0.002633
1608633323.184502 18.088315 0.002637
1608633323.250502 18.089202 0.002633
1608633323.316502 18.089369 0.002643
1608633323.382502 18.089610 0.002644
1608633323.448502 18.089040 0.002637
1608633323.514502 18.089892 0.002642
1608633323.580503 18.091792 0.002622
1608633323.646503 18.091991 0.002641
1608633323.712503 18.092392 0.002642
1608633323.778503 18.092310 0.002644
1608633323.844503 18.092867 0.002641
1608633323.910503 18.093228 0.002641
1608633323.976504 18.093346 0.002638
1608633324.042504 18.094385 0.002645
1608633324.141504 18.095436 0.002622
1608633324.240504 18.095290 0.002645
1608633324.339504 18.097540 0.002635
1608633324.438505 18.100963 0.002626
1608633324.537505 18.103938 0.002642
1608633324.603505 18.105467 0.002635
1608633324.669505 18.110935 0.002621
1608633324.768505 18.114944 0.002645
1608633324.867506 18.118582 0.002637
1608633324.933506 18.120746 0.002645
1608633324.999506 18.124824 0.002610
1608633325.065506 18.132106 0.002644
1608633325.131506 18.135286 0.002644
1608633325.197506 18.140295 0.002637
1608633325.263507 18.143533 0.002626
1608633325.362507 18.147656 0.002643
1608633325.461507 18.155872 0.002627
1608633325.527507 18.159057 0.002638
1608633325.593507 18.160504 0.002643
1608633325.692508 18.167352 0.002642
1608633325.791508 18.171979 0.002642
1608633325.890508 18.178932 0.002634
1608633325.989508 18.181823 0.002644
1608633326.121509 18.191748 0.002636
1608633326.253509 18.201179 0.002638
1608633326.385509 18.211239 0.002640
1608633326.550510 18.224925 0.002612
1608633326.682510 18.232772 0.002633
1608633326.847511 18.242310 0.002611
1608633326.979511 18.245564 0.002607
1608633327.111511 18.254782 0.002598
1608633327.276511 18.261419 0.002593
1608633327.408512 18.266885 0.002622
1608633327.540512 18.271714 0.002556
1608633327.672512 18.277704 0.002585
1608633327.771513 18.282251 0.002565
1608633327.870513 18.291846 0.002638
1608633327.969513 18.299836 0.002637
1608633328.068513 18.310320 0.002632
1608633328.167514 18.323363 0.002639
1608633328.266514 18.332372 0.002623
1608633328.398514 18.349493 0.002633
1608633328.530514 18.365657 0.002633
1608633328.662515 18.387146 0.002633
1608633328.794515 18.410964 0.002610
1608633328.926515 18.432998 0.002617
1608633329.058516 18.446762 0.002624
1608633329.256516 18.467873 0.002635
1608633329.454516 18.487345 0.002622
1608633329.718517 18.504000 0.002609
1608633329.982518 18.523549 0.002644
1608633330.246519 18.533914 0.002597
1608633330.477519 18.537169 0.002604
1608633330.675519 18.526103 0.002602
1608633330.906520 18.525322 0.002620
1608633331.203521 18.529363 0.002628
1608633331.467521 18.524259 0.002597
1608633331.764522 18.507319 0.002588
1608633331.995522 18.500355 0.002623
1608633332.226523 18.494437 0.002624
1608633332.391524 18.492151 0.002634
1608633332.523524 18.487780 0.002634
1608633332.655524 18.485600 0.002639
1608633332.787525 18.479738 0.002637
1608633332.919525 18.479420 0.002640
1608633333.051525 18.479334 0.002643
1608633333.183525 18.476312 0.002637
1608633333.315526 18.475112 0.002643
1608633333.480526 18.475286 0.002630
1608633333.579526 18.472943 0.002640
1608633333.777527 18.474217 0.002643
1608633333.942527 18.475431 0.002634
1608633334.107528 18.475461 0.002635
1608633334.305528 18.473540 0.002630
1608633334.470529 18.472842 0.002635
1608633334.668529 18.470697 0.002634
1608633334.965530 18.469717 0.002632
1608633335.196530 18.468370 0.002635
1608633335.394531 18.466715 0.002638
1608633335.592531 18.465950 0.002637
1608633335.790532 18.463445 0.002636
1608633335.988532 18.461499 0.002629
1608633336.219533 18.459484 0.002620
1608633336.417533 18.457174 0.002622
1608633336.615534 18.453777 0.002633
1608633336.879534 18.453204 0.002624
1608633337.143535 18.453181 0.002623
1608633337.374535 18.447178 0.002628
1608633337.638536 18.446332 0.002634
1608633337.803536 18.447510 0.002628
1608633338.001537 18.446255 0.002638
1608633338.166538 18.448175 0.002639
1608633338.463538 18.451415 0.002640
1608633338.628538 18.452477 0.002643
1608633338.760539 18.451377 0.002644
1608633338.925539 18.453730 0.002644
1608633339.090539 18.455183 0.002644
1608633339.321540 18.456566 0.002645
1608633358.098585 18.455027 0.002645
1608633358.758586 18.454104 0.002644
1608633359.022587 18.450338 0.002641
1608633359.220587 18.449295 0.002640
1608633359.418588 18.448206 0.002638
1608633359.682588 18.447874 0.002642
1608633359.946589 18.448040 0.002643
1608633360.177589 18.447935 0.002638
1608633360.441590 18.448117 0.002639
1608633360.672590 18.447747 0.002641
1608633360.870591 18.445569 0.002635
1608633361.134592 18.447070 0.002642
1608633361.464592 18.447554 0.002644
1608633361.662593 18.445195 0.002623
1608633361.959594 18.443299 0.002632
1608633362.190594 18.440826 0.002622
1608633362.388595 18.438012 0.002616
1608633362.619595 18.436637 0.002632
1608633362.850595 18.435835 0.002629
1608633363.048596 18.432429 0.002631
1608633363.213597 18.431577 0.002614
1608633363.345597 18.432172 0.002611
1608633363.477597 18.431349 0.002629
1608633363.675598 18.431267 0.002619
1608633363.840598 18.427025 0.002626
1608633364.005599 18.423225 0.002629
1608633364.170599 18.420628 0.002625
1608633364.335599 18.421568 0.002629
1608633364.467600 18.422385 0.002597
1608633364.632600 18.419829 0.002629
1608633364.797600 18.415509 0.002616
1608633364.962601 18.413172 0.002621
1608633365.160601 18.416812 0.002633
1608633365.325602 18.416286 0.002633
1608633365.490602 18.411106 0.002614
1608633365.655602 18.409589 0.002623
1608633365.820603 18.408855 0.002632
1608633365.985603 18.408290 0.002635
1608633366.117603 18.409776 0.002614
1608633366.249604 18.409426 0.002614
1608633366.381604 18.406855 0.002639
1608633366.480604 18.407344 0.002622
1608633366.579604 18.407317 0.002639
1608633366.678605 18.406899 0.002633
1608633366.810605 18.404745 0.002636
1608633366.942605 18.402904 0.002629
1608633367.074606 18.403473 0.002626
1608633367.206606 18.399693 0.002624
1608633367.338606 18.398835 0.002629
1608633367.470607 18.398242 0.002631
1608633367.536607 18.395371 0.002612
1608633367.668607 18.392128 0.002625
1608633367.767607 18.389974 0.002587
1608633367.899608 18.391581 0.002641
1608633368.031608 18.391507 0.002643
1608633368.163608 18.390810 0.002642
1608633368.295609 18.387411 0.002619
1608633368.427609 18.385340 0.002621
1608633368.559609 18.383837 0.002626
1608633368.658609 18.382405 0.002632
1608633368.757610 18.380071 0.002633
1608633368.856610 18.375926 0.002618
1608633368.988610 18.373187 0.002623
1608633369.120610 18.370989 0.002621
1608633369.252611 18.368420 0.002614
1608633369.384611 18.368415 0.002638
1608633369.483611 18.368867 0.002642
1608633369.615612 18.368216 0.002645
1608633369.747612 18.363827 0.002607
1608633369.846612 18.360725 0.002596
1608633369.945612 18.357527 0.002605
1608633370.077613 18.355502 0.002608
1608633370.209613 18.353609 0.002628
1608633370.341613 18.351266 0.002623
1608633370.473614 18.349782 0.002634
1608633370.572614 18.348811 0.002638
1608633370.671614 18.346942 0.002636
1608633370.803614 18.347086 0.002643
1608633370.935615 18.344576 0.002637
1608633371.034615 18.342988 0.002627
1608633371.133615 18.340162 0.002628
1608633371.232615 18.337694 0.002619
1608633371.331616 18.336420 0.002627
1608633371.430616 18.335527 0.002627
1608633371.529616 18.334083 0.002628
1608633371.661617 18.331150 0.002628
1608633371.760617 18.329121 0.002622
1608633371.859617 18.327247 0.002607
1608633371.958617 18.327271 0.002628
1608633372.057617 18.327901 0.002631
1608633372.156618 18.326502 0.002625
1608633372.321618 18.323731 0.002614
1608633372.453619 18.319496 0.002631
1608633372.552619 18.318880 0.002639
1608633372.651619 18.318395 0.002639
1608633372.750619 18.317775 0.002642
1608633372.882619 18.314497 0.002636
1608633373.014620 18.313355 0.002637
1608633373.146620 18.311628 0.002639
1608633373.278620 18.308611 0.002627
1608633373.410621 18.307412 0.002632
1608633373.542621 18.304082 0.002634
1608633373.674621 18.303895 0.002639
1608633373.806622 18.302027 0.002639
1608633373.938622 18.298877 0.002614
1608633374.070622 18.296414 0.002623
1608633374.202622 18.295423 0.002626
1608633374.301623 18.293034 0.002636
1608633374.400623 18.292452 0.002632
1608633374.499623 18.291456 0.002638
1608633374.598624 18.290470 0.002622
1608633374.697624 18.289544 0.002620
1608633374.796624 18.287986 0.002635
1608633374.895624 18.286731 0.002637
1608633375.027624 18.284395 0.002637
1608633375.159625 18.282241 0.002623
1608633375.258625 18.280978 0.002620
1608633375.357625 18.278872 0.002623
1608633375.456626 18.277152 0.002627
1608633375.555626 18.276352 0.002639
1608633375.654626 18.276393 0.002641
1608633375.753626 18.275577 0.002641
1608633375.819627 18.275667 0.002639
1608633375.885627 18.274977 0.002614
1608633375.984627 18.274077 0.002632
1608633376.116627 18.271003 0.002638
1608633376.281628 18.268782 0.002634
1608633376.413628 18.266817 0.002626
1608633376.512628 18.265987 0.002634
1608633376.611628 18.263884 0.002623
1608633376.710629 18.262370 0.002640
1608633376.842629 18.260725 0.002631
1608633376.974629 18.258545 0.002636
1608633377.073629 18.256792 0.002636
1608633377.238630 18.255396 0.002635
1608633377.403630 18.255299 0.002641
1608633377.535631 18.255428 0.002626
1608633377.667631 18.252917 0.002633
1608633377.799631 18.252473 0.002633
1608633377.898631 18.250913 0.002637
1608633378.030632 18.248375 0.002623
1608633378.129632 18.247305 0.002629
1608633378.228632 18.246087 0.002631
1608633378.360633 18.245853 0.002642
1608633378.492633 18.245305 0.002606
1608633378.624633 18.244603 0.002589
1608633378.723633 18.243565 0.002587
1608633378.822634 18.242538 0.002632
1608633378.954634 18.242587 0.002637
1608633379.053634 18.241813 0.002634
1608633379.185635 18.241212 0.002640
1608633379.284635 18.240650 0.002637
1608633379.416635 18.239624 0.002636
1608633379.548635 18.237774 0.002639
1608633379.746636 18.235432 0.002637
1608633379.911636 18.235303 0.002625
1608633380.076637 18.233190 0.002625
1608633380.241637 18.229852 0.002632
1608633380.406637 18.230359 0.002630
1608633380.538638 18.228983 0.002619
1608633380.703638 18.228251 0.002632
1608633380.868639 18.228779 0.002641
1608633381.000639 18.227010 0.002630
1608633381.132639 18.224908 0.002606
1608633381.330640 18.224007 0.002632
1608633381.495640 18.221697 0.002632
1608633381.660640 18.219771 0.002604
1608633381.825641 18.217850 0.002636
1608633381.957641 18.216598 0.002632
1608633382.122641 18.214471 0.002628
1608633382.287642 18.212892 0.002631
1608633382.518642 18.210587 0.002635
1608633382.749643 18.209024 0.002619
1608633382.980644 18.208706 0.002628
1608633383.178644 18.210632 0.002613
1608633383.343644 18.211274 0.002638
1608633383.508645 18.212003 0.002633
1608633383.739645 18.212352 0.002624
1608633383.937646 18.209154 0.002633
1608633384.135646 18.204686 0.002632
1608633384.333647 18.204335 0.002636
1608633384.531647 18.206079 0.002637
1608633384.729648 18.207459 0.002629
1608633384.960648 18.204405 0.002627
1608633385.257649 18.204786 0.002636
1608633385.488649 18.204153 0.002627
1608633385.719650 18.206135 0.002634
1608633385.983650 18.206821 0.002641
1608633386.280652 18.211591 0.002620
1608633386.478652 18.219206 0.002642
1608633386.676652 18.222975 0.002624
1608633386.808653 18.223115 0.002636
1608633387.039653 18.221114 0.002632
1608633387.369654 18.220506 0.002628
1608633387.732655 18.220358 0.002616
1608633387.996656 18.222392 0.002625
1608633388.425657 18.221680 0.002599
1608633388.689657 18.220838 0.002626
1608633388.986658 18.218776 0.002632
1608633389.250658 18.219763 0.002636
1608633389.547659 18.223333 0.002635
1608633389.811660 18.225960 0.002642
1608633390.075660 18.227741 0.002637
1608633390.372661 18.231015 0.002637
1608633390.636662 18.230983 0.002642
1608633390.933662 18.233684 0.002642
1608633391.230663 18.236394 0.002635
1608633391.494664 18.237191 0.002643
1608633391.857665 18.238833 0.002642
1608633392.088665 18.239056 0.002644
1608633392.286665 18.240599 0.002641
1608633392.550666 18.241153 0.002644
1608633392.814667 18.242939 0.002644
1608633393.111667 18.245750 0.002644
1608633393.507668 18.248791 0.002644
1608633394.761672 18.254695 0.002644
1608633445.845793 18.253294 0.002645
1608633446.340794 18.252698 0.002645
1608633446.736795 18.252498 0.002644
1608633447.132796 18.252259 0.002642
1608633447.297796 18.251944 0.002638
1608633447.924798 18.251378 0.002645
1608633448.386799 18.251084 0.002643
1608633448.617799 18.250824 0.002636
1608633448.749799 18.250353 0.002641
1608633449.343801 18.249407 0.002643
1608633450.366803 18.245576 0.002642
1608633450.597804 18.241743 0.002626
1608633450.762804 18.240417 0.002615
1608633450.993805 18.236327 0.002629
1608633451.587806 18.233628 0.002640
1608633452.115808 18.231693 0.002618
1608633452.478808 18.228681 0.002630
1608633452.676809 18.228151 0.002629
1608633452.940809 18.226653 0.002608
1608633453.237810 18.223977 0.002624
1608633453.534811 18.223429 0.002636
1608633453.831811 18.224604 0.002612
1608633454.128812 18.223536 0.002633
1608633454.392813 18.222849 0.002607
1608633454.623813 18.222187 0.002559
1608633454.854814 18.219491 0.002632
1608633455.118814 18.217888 0.002634
1608633455.349815 18.216759 0.002605
1608633455.580816 18.215479 0.002621
1608633455.778816 18.212775 0.002630
1608633455.976816 18.212278 0.002644
1608633456.141817 18.210791 0.002617
1608633456.273817 18.209658 0.002622
1608633456.438818 18.208166 0.002643
1608633456.669818 18.207454 0.002638
1608633456.867819 18.206813 0.002639
1608633457.065819 18.206043 0.002643
1608633457.296819 18.205051 0.002621
1608633457.461820 18.204595 0.002634
1608633457.659820 18.203537 0.002632
1608633457.857821 18.204069 0.002622
1608633458.055821 18.204161 0.002624
1608633458.220822 18.204190 0.002634
1608633458.385822 18.204347 0.002643
1608633458.550822 18.204241 0.002642
1608633458.682823 18.204660 0.002615
1608633458.814823 18.204641 0.002640
1608633458.946823 18.205145 0.002624
1608633459.078824 18.205861 0.002640
1608633459.210824 18.206206 0.002635
1608633459.342824 18.205711 0.002638
1608633459.441824 18.205679 0.002633
1608633459.540825 18.207177 0.002639
1608633459.672825 18.208045 0.002607
1608633459.804825 18.209225 0.002611
1608633459.936826 18.209350 0.002637
1608633460.068826 18.210480 0.002641
1608633460.200826 18.211137 0.002639
1608633460.332827 18.211760 0.002636
1608633460.464827 18.211975 0.002630
1608633460.596828 18.212252 0.002622
1608633460.695827 18.212157 0.002639
1608633460.794828 18.212172 0.002638
1608633460.860828 18.211955 0.002630
1608633460.959828 18.211587 0.002587
1608633461.058828 18.211225 0.002601
1608633461.223829 18.211289 0.002640
1608633461.388829 18.210994 0.002632
1608633461.520829 18.210826 0.002639
1608633461.619830 18.210276 0.002635
1608633461.685830 18.210342 0.002628
1608633461.784830 18.210148 0.002621
1608633461.916831 18.209743 0.002615
1608633462.048831 18.209018 0.002636
1608633462.213831 18.209253 0.002637
1608633462.378832 18.208984 0.002582
1608633462.510832 18.207876 0.002630
1608633462.642832 18.207639 0.002623
1608633462.774832 18.207360 0.002637
1608633462.906833 18.207834 0.002637
1608633463.038833 18.207860 0.002639
1608633463.170833 18.208131 0.002638
1608633463.302834 18.208339 0.002634
1608633463.434834 18.208518 0.002635
1608633463.599834 18.208334 0.002635
1608633463.764835 18.208107 0.002631
1608633463.929835 18.208383 0.002617
1608633464.028835 18.208309 0.002630
1608633464.160836 18.207895 0.002634
1608633464.259836 18.207456 0.002634
1608633464.391836 18.207261 0.002634
1608633464.523837 18.206967 0.002636
1608633464.655837 18.207018 0.002637
1608633464.787837 18.206822 0.002636
1608633464.886837 18.206441 0.002634
1608633464.985837 18.206559 0.002615
1608633465.084838 18.206536 0.002634
1608633465.216838 18.206473 0.002633
1608633465.315839 18.206614 0.002629
1608633465.414839 18.206576 0.002636
1608633465.480839 18.206324 0.002633
1608633465.546839 18.206100 0.002636
1608633465.645839 18.205980 0.002636
1608633465.711839 18.205618 0.002624
1608633465.777840 18.205735 0.002620
1608633465.843840 18.205750 0.002634
1608633465.909840 18.205497 0.002630
1608633465.975840 18.205580 0.002634
1608633466.041840 18.205698 0.002615
1608633466.107840 18.205244 0.002633
1608633466.173840 18.205355 0.002637
1608633466.239841 18.205484 0.002637
1608633466.305841 18.205244 0.002635
1608633466.371841 18.205389 0.002632
1608633466.437841 18.205307 0.002634
1608633466.503842 18.205227 0.002631
1608633466.635842 18.204977 0.002637
1608633466.701842 18.204912 0.002631
1608633466.767842 18.204656 0.002624
1608633466.866842 18.204345 0.002636
1608633466.932842 18.204731 0.002633
1608633467.031842 18.204404 0.002635
1608633467.097843 18.204277 0.002609
1608633467.196843 18.204124 0.002636
1608633467.262843 18.204003 0.002629
1608633467.361843 18.203890 0.002632
1608633467.460844 18.203616 0.002617
1608633467.559844 18.203312 0.002635
1608633467.625844 18.202889 0.002634
1608633467.724844 18.202759 0.002635
1608633467.823845 18.202551 0.002625
1608633467.922845 18.201939 0.002631
1608633467.988845 18.201809 0.002635
1608633468.087845 18.201995 0.002624
1608633468.153845 18.201775 0.002635
1608633468.252846 18.201613 0.002631
1608633468.351846 18.201452 0.002635
1608633468.450846 18.201236 0.002637
1608633468.549846 18.200980 0.002621
1608633468.648847 18.200979 0.002608
1608633468.780847 18.200387 0.002626
1608633468.912847 18.199841 0.002620
1608633469.011847 18.199684 0.002613
1608633469.110847 18.199390 0.002636
1608633469.209848 18.199424 0.002633
1608633469.308848 18.199290 0.002635
1608633469.440848 18.198857 0.002636
1608633469.539849 18.198404 0.002636
1608633469.671849 18.198328 0.002630
1608633469.803849 18.198303 0.002634
1608633469.902849 18.198210 0.002631
1608633470.034850 18.198563 0.002614
1608633470.133850 18.198636 0.002633
1608633470.232850 18.199043 0.002633
1608633470.331851 18.198844 0.002633
1608633470.463851 18.198622 0.002636
1608633470.595851 18.198362 0.002598
1608633470.727852 18.197543 0.002618
1608633470.859852 18.197054 0.002636
1608633470.958852 18.196655 0.002634
1608633471.090852 18.196088 0.002633
1608633471.222853 18.196184 0.002627
1608633471.354853 18.196374 0.002616
1608633471.453853 18.196432 0.002613
1608633471.552854 18.196762 0.002631
1608633471.651854 18.197239 0.002631
1608633471.717854 18.197151 0.002626
1608633471.783854 18.196406 0.002635
1608633471.849854 18.196151 0.002624
1608633471.948854 18.196468 0.002626
1608633472.014855 18.196578 0.002631
1608633472.080855 18.197027 0.002634
1608633472.146855 18.196314 0.002625
1608633472.212855 18.196448 0.002613
1608633472.278855 18.196187 0.002629
1608633472.410856 18.196315 0.002633
1608633472.542856 18.196510 0.002632
1608633472.674856 18.195916 0.002615
1608633472.806856 18.195544 0.002633
1608633472.938857 18.195313 0.002625
1608633473.070857 18.195059 0.002626
1608633473.202857 18.195888 0.002589
1608633473.301857 18.195013 0.002632
1608633473.400858 18.194558 0.002598
1608633473.499858 18.194731 0.002595
1608633473.598858 18.194531 0.002612
1608633473.697859 18.195139 0.002624
1608633473.796859 18.195283 0.002633
1608633473.895859 18.195246 0.002636
1608633473.994859 18.195157 0.002597
1608633474.093860 18.195396 0.002566
1608633474.225860 18.195437 0.002633
1608633474.324860 18.195261 0.002623
1608633474.489860 18.195043 0.002636
1608633474.621861 18.195048 0.002636
1608633474.753861 18.195061 0.002617
1608633474.885861 18.195249 0.002572
1608633475.050862 18.193694 0.002621
1608633475.215862 18.193585 0.002627
1608633475.413863 18.193959 0.002636
1608633475.578863 18.194598 0.002624
1608633475.743863 18.194115 0.002615
1608633475.908864 18.192289 0.002607
1608633476.040864 18.192685 0.002627
1608633476.172864 18.192389 0.002609
1608633476.304865 18.191957 0.002618
1608633476.469865 18.191121 0.002630
1608633476.634866 18.190196 0.002631
1608633476.799866 18.190023 0.002627
1608633476.964866 18.189360 0.002635
1608633477.096867 18.188963 0.002615
1608633477.228867 18.189052 0.002620
1608633477.360867 18.188094 0.002615
1608633477.492867 18.187793 0.002631
1608633477.624868 18.188200 0.002623
1608633477.723868 18.188179 0.002623
1608633477.855868 18.187104 0.002615
1608633478.020869 18.186436 0.002620
1608633478.152869 18.186160 0.002632
1608633478.317870 18.184872 0.002568
1608633478.482870 18.186181 0.002623
1608633478.581870 18.186036 0.002583
1608633478.680870 18.184191 0.002628
1608633478.812871 18.184092 0.002613
1608633478.944871 18.183958 0.002634
1608633479.076871 18.182740 0.002573
1608633479.208872 18.182366 0.002604
1608633479.307872 18.183400 0.002614
1608633479.406872 18.182822 0.002627
1608633479.505872 18.182831 0.002626
1608633479.604872 18.181447 0.002629
1608633479.736873 18.180688 0.002627
1608633479.868873 18.179244 0.002602
1608633480.000874 18.178549 0.002625
1608633480.099874 18.178441 0.002625
1608633480.198874 18.178747 0.002614
1608633480.297874 18.178024 0.002635
1608633480.396874 18.177826 0.002634
1608633480.495875 18.177527 0.002631
1608633480.594875 18.177451 0.002623
1608633480.693875 18.177083 0.002624
1608633480.792876 18.177328 0.002626
1608633480.891876 18.178082 0.002597
1608633480.990876 18.177683 0.002627
1608633481.056876 18.177785 0.002551
1608633481.122876 18.177807 0.002618
1608633481.188876 18.177182 0.002623
1608633481.287877 18.176718 0.002632
1608633481.386877 18.175051 0.002626
1608633481.485877 18.174674 0.002625
1608633481.584877 18.174599 0.002629
1608633481.683878 18.174823 0.002624
1608633481.782878 18.174263 0.002634
1608633481.848878 18.173913 0.002628
1608633481.914878 18.172811 0.002627
1608633481.980878 18.173004 0.002631
1608633482.079878 18.172857 0.002625
1608633482.178879 18.172313 0.002632
1608633482.244879 18.172097 0.002627
1608633482.310879 18.172439 0.002599
1608633482.409879 18.172226 0.002632
1608633482.475879 18.171880 0.002627
1608633482.574879 18.171773 0.002628
1608633482.640880 18.171707 0.002599
1608633482.739880 18.171141 0.002627
1608633482.805880 18.170721 0.002608
1608633482.904880 18.170470 0.002624
1608633483.003881 18.169358 0.002623
1608633483.102881 18.169212 0.002622
1608633483.201881 18.168122 0.002626
1608633483.300881 18.167776 0.002605
1608633483.399881 18.166798 0.002627
1608633483.498882 18.166406 0.002587
1608633483.597882 18.165810 0.002627
1608633483.696882 18.166389 0.002633
1608633483.795882 18.166591 0.002628
1608633483.894883 18.165908 0.002631
1608633483.993883 18.164994 0.002631
1608633484.092883 18.164955 0.002622
1608633484.191884 18.163098 0.002622
1608633484.290884 18.161961 0.002630
1608633484.389884 18.160962 0.002633
1608633484.488884 18.161366 0.002620
1608633484.587884 18.161653 0.002608
1608633484.653884 18.160794 0.002623
