DelayedMarginalization 0.00152553 1.38475e-06 0.0137818 1448
DelayedMarginalizationOnly 0.000743844 6.84098e-07 0.00715113 1448
EF-marginalizeFrame 0.00190553 1.45111e-06 0.0142012 1448
FullSystem::trackNewCoarse 0.00509579 1.46407e-05 0.0405355 8480
FullSystem::trackNewCoarseNoIMU 0.0016912 7.52624e-07 0.00659628 192
FullSystemOptimize 0.15391 0.0005325 0.337368 1454
GraphUnrolling 0.0346146 0.000579464 0.0510238 3
IMUInitAddPose 3.42786e-05 2.16519e-09 0.00169846 1454
IMUInitOptimize 0.0372245 0.000237459 0.0601396 18
IMUIntegration::finishKeyframeOperations 5.3274e-05 8.734e-09 0.0031383 1431
InitializerFirstFrame 0.0311367 -nan 0.0311367 1
InitializerOtherFrames 0.0415698 0.000964579 0.162082 72
MainMarginalization 0.00172878 1.40138e-06 0.01399 1448
MarginalizationReplacementBuildGraph 0.00231257 2.06395e-06 0.00386502 3
MarginalizationReplacementReplaceGraph 0.0486128 1.38492e-05 0.0512442 2
MarginalizeMainGraph 0.000780658 4.17952e-07 0.00832002 1448
PGBA 0.0514044 -nan 0.0514044 1
PGBAFull 0.0146007 0.000720668 0.0548561 4
PrepareGraphForMainOptimization 0.0347296 0.000582086 0.051207 3
VisualMarginalization 3.03554e-05 4.0418e-09 0.00115958 1448
activatePointsMT 0.00442843 4.55799e-06 0.0154889 1454
addActiveFrame 0.0394107 0.00438928 0.36788 8745
addIMUData 0.00116343 1.53023e-06 0.019052 8480
addIMUDataToBA 0.000107839 1.09398e-08 0.00397253 8744
addKeyframeToBA 5.30984e-05 9.192e-10 0.000720524 1454
afterCoarseTracking 2.92401e-07 1.50446e-12 0.000110778 8672
baIteration 0.0249093 4.45378e-05 0.10357 8419
baMatrixInversion 0.000174562 1.20077e-08 0.00290777 8419
baUpdateBuildHessians 0.00061814 4.02632e-07 0.0102871 8419
coarseTrackingIteration 0.000610354 9.99741e-07 0.0128782 54774
computeBAUpdate 0.00089663 4.39662e-07 0.0120812 8419
computeCoarseUpdate 0.000348146 6.22389e-07 0.00811707 53622
computeFactorForCoarseGraphAndMarginalCovariances 0.00235415 7.8621e-07 0.0121914 1431
convertHAndBFromDSO 0.000105982 3.68692e-09 0.00158556 14200
debugPlot 8.91403e-08 4.48871e-15 9.82e-07 1454
debugPlotIDepthMap 3.99845e-07 1.90449e-14 1.463e-06 1454
debugPlotIDepthMapFloat 3.71534e-08 5.95321e-16 3.5e-07 1454
deliverTrackedFrame 0.0318027 0.00436034 0.363436 8673
flagFramesForMarginalization 2.00864e-06 1.16518e-11 0.000128011 1454
fullCoarseTracking 0.00650999 2.02014e-05 0.0639959 8672
initObjectsAndMakeImage 0.00106025 4.80895e-08 0.00346943 8745
makeKeyframe 0.177215 0.000560361 0.363365 1454
makeKeyframeChangeTrackingRef 0.00181906 8.90679e-08 0.00412223 1454
makeNewTraces 0.00349795 2.05627e-07 0.0119531 1454
makeNonKeyframe 0.00242931 2.65468e-06 0.00808892 7219
marginalizeAndRemovePoints 0.00332743 1.0109e-06 0.0207475 1454
marginalizeFrame 0.00359903 1.74483e-06 0.016196 1448
marginalizeFrameOverhead 0.0016898 1.73089e-07 0.00440172 1448
marginalizeFrames 0.00359868 1.80489e-06 0.0162154 1454
newFrameAndNewResidualsForOldPoints 0.000997987 6.92031e-08 0.00337517 1454
printBiases 7.67641e-06 5.98288e-10 0.00079813 1454
printEigenValLine 1.72532e-07 8.72462e-14 1.1212e-05 1454
printLogLine 0.000146748 8.90029e-08 0.0031544 1454
publishInMakeKeyframe 2.39197e-07 1.37058e-12 4.4754e-05 1454
removeOutliers 0.000156928 2.50239e-09 0.000871689 1454
swapTrackingRef 0.000174484 9.57656e-08 0.00341282 1454
timeMeasurement 2.74526e-06 1.3122e-10 0.000717449 8745
traceNewCoarse 0.00242855 2.26767e-06 0.0080764 8673
updateBAValues 1.17542e-05 2.44573e-10 0.00157118 14563
zero 2.31161e-07 1.31813e-13 2.2904e-05 8745
