1602075239.632308 20.460614 0.396588
1602075239.896308 20.557266 0.368113
1602075240.127309 20.531356 0.351984
1602075240.424309 20.540797 0.338288
1602075240.655310 20.566936 0.334978
1602075240.886310 20.553421 0.325345
1602075241.084311 20.554353 0.295837
1602075241.249311 20.688871 0.256856
1602075241.414312 20.838326 0.222885
1602075241.579312 21.011219 0.199228
1602075241.711312 21.123024 0.177120
1602075241.843313 21.364851 0.163246
1602075241.975313 21.618645 0.156411
1602075242.107313 21.880857 0.144782
1602075242.239314 22.067024 0.143109
1602075242.371314 22.285480 0.137386
1602075242.503314 22.450762 0.137151
1602075242.635315 22.639978 0.135940
1602075242.767315 22.787634 0.129588
1602075242.899315 22.948929 0.127930
1602075243.031316 23.128463 0.124209
1602075243.163316 23.309435 0.115124
1602075243.295316 23.453796 0.109916
1602075243.427316 23.606928 0.105051
1602075243.559317 23.785262 0.095876
1602075243.691317 23.916285 0.091785
1602075243.823318 24.076594 0.087967
1602075243.988318 24.268399 0.082414
1602075244.153318 24.476654 0.072418
1602075244.318319 24.596656 0.067092
1602075244.483319 24.723481 0.062600
1602075244.615319 24.813411 0.058233
1602075244.780320 24.883376 0.050980
1602075244.945320 24.930892 0.046356
1602075245.110321 24.932802 0.042611
1602075245.275321 24.883455 0.039414
1602075245.407321 24.810003 0.036858
1602075245.539322 24.702238 0.034117
1602075245.671322 24.555732 0.032043
1602075245.803322 24.420979 0.029685
1602075245.935323 24.231506 0.027908
1602075246.067323 23.974714 0.027545
1602075246.199323 23.736118 0.026176
1602075246.331323 23.485335 0.025195
1602075246.463324 23.135324 0.023871
1602075246.595324 22.938781 0.023780
1602075246.694324 22.720037 0.023180
1602075246.793324 22.496401 0.022393
1602075246.892325 22.282896 0.022721
1602075247.024325 22.049046 0.021740
1602075247.123325 21.838714 0.021944
1602075247.255326 21.680756 0.021248
1602075247.387326 21.517946 0.020454
1602075247.519326 21.317198 0.020463
1602075247.684327 21.131728 0.019555
1602075247.816327 20.979937 0.018701
1602075247.981327 20.854653 0.018771
1602075248.113328 20.802361 0.018105
1602075248.245328 20.745651 0.017430
1602075248.344328 20.684699 0.016902
1602075248.476328 20.643742 0.016321
1602075248.608329 20.631555 0.015757
1602075248.740329 20.608618 0.015445
1602075248.872329 20.590748 0.015015
1602075249.004330 20.588728 0.014659
1602075249.136330 20.584459 0.014307
1602075249.268331 20.574542 0.013953
1602075249.367331 20.579166 0.013714
1602075249.466331 20.587038 0.013481
1602075249.565331 20.593769 0.013297
1602075249.664331 20.601730 0.013094
1602075249.763332 20.599897 0.012901
1602075249.862332 20.597018 0.012670
1602075249.961332 20.595225 0.012443
1602075250.060332 20.601101 0.012219
1602075250.159333 20.606305 0.012016
1602075250.258333 20.606188 0.011850
1602075250.357333 20.620510 0.011701
1602075250.456333 20.625384 0.011521
1602075250.555333 20.624883 0.011352
1602075250.687334 20.634605 0.011097
1602075250.819334 20.641693 0.010925
1602075250.951334 20.650053 0.010714
1602075251.083335 20.651216 0.010511
1602075251.215335 20.670158 0.010329
1602075251.347335 20.673033 0.010154
1602075251.479336 20.679548 0.009986
1602075251.611336 20.679231 0.009833
1602075251.743336 20.689240 0.009666
1602075251.875336 20.694628 0.009500
1602075251.974337 20.707856 0.009393
1602075252.073337 20.709475 0.009282
1602075252.172337 20.709415 0.009233
1602075252.271338 20.710375 0.009138
1602075252.370338 20.717411 0.009052
1602075252.469338 20.719379 0.008966
1602075252.568338 20.727693 0.008885
1602075252.667339 20.732504 0.008792
1602075252.799339 20.735249 0.008671
1602075252.931339 20.734168 0.008552
1602075253.063339 20.738063 0.008442
1602075253.195340 20.746603 0.008331
1602075253.327340 20.753285 0.008222
1602075253.459340 20.760642 0.008123
1602075253.591341 20.766666 0.008024
1602075253.723341 20.763608 0.007913
1602075253.855341 20.772446 0.007810
1602075253.987342 20.776023 0.007704
1602075254.086342 20.774936 0.007608
1602075254.185342 20.785308 0.007500
1602075254.317343 20.794580 0.007372
1602075254.449343 20.802917 0.007247
1602075254.581343 20.816525 0.007133
1602075254.713343 20.813617 0.007032
1602075254.878344 20.810282 0.006874
1602075255.043344 20.818701 0.006722
1602075255.208344 20.842250 0.006581
1602075255.373345 20.858466 0.006416
1602075255.538345 20.878245 0.006266
1602075255.670346 20.881024 0.006179
1602075255.802346 20.878900 0.006074
1602075255.934346 20.882409 0.005977
1602075256.066346 20.897996 0.005879
1602075256.198347 20.908531 0.005775
1602075256.330347 20.909916 0.005678
1602075256.462348 20.922368 0.005592
1602075256.594348 20.927076 0.005515
1602075256.726348 20.926920 0.005441
1602075256.858348 20.932512 0.005366
1602075256.957349 20.932482 0.005310
1602075257.056349 20.931322 0.005255
1602075257.155349 20.933049 0.005219
1602075257.254349 20.935948 0.005160
1602075257.353350 20.936826 0.005099
1602075257.452350 20.940453 0.005046
1602075257.551350 20.945109 0.005010
1602075257.650350 20.945829 0.004970
1602075257.749350 20.950870 0.004939
1602075257.848351 20.952975 0.004898
1602075257.947351 20.952139 0.004855
1602075258.046351 20.955020 0.004824
1602075258.145351 20.956600 0.004783
1602075258.244352 20.958780 0.004759
1602075258.343352 20.959376 0.004717
1602075258.442352 20.962520 0.004689
1602075258.541353 20.961743 0.004647
1602075258.640352 20.959053 0.004642
1602075258.739353 20.955243 0.004608
1602075258.838353 20.952092 0.004586
1602075258.937353 20.948499 0.004564
1602075259.036354 20.946759 0.004538
1602075259.135354 20.941601 0.004514
1602075259.234354 20.940692 0.004488
1602075259.333354 20.944190 0.004465
1602075259.432354 20.945522 0.004441
1602075259.531355 20.942393 0.004411
1602075259.663355 20.940217 0.004372
1602075259.762355 20.941572 0.004350
1602075259.861356 20.938772 0.004327
1602075259.993356 20.936066 0.004295
1602075260.125356 20.933266 0.004260
1602075260.224356 20.932640 0.004229
1602075260.356357 20.927841 0.004187
1602075260.488357 20.923351 0.004150
1602075260.587357 20.921138 0.004121
1602075260.686357 20.919405 0.004097
1602075260.785357 20.916411 0.004075
1602075260.884358 20.914985 0.004078
1602075260.983358 20.911467 0.004056
1602075261.082358 20.907848 0.004033
1602075261.181359 20.905724 0.004010
1602075261.280359 20.900221 0.003988
1602075261.379359 20.894862 0.003966
1602075261.478359 20.892303 0.003946
1602075261.577359 20.888774 0.003925
1602075261.676360 20.882558 0.003907
1602075261.775360 20.877680 0.003888
1602075261.874360 20.873791 0.003871
1602075261.973360 20.870253 0.003853
1602075262.072361 20.866149 0.003836
1602075262.171361 20.863920 0.003819
1602075262.237361 20.861717 0.003808
1602075262.336361 20.858982 0.003791
1602075262.435362 20.855032 0.003773
1602075262.534362 20.850038 0.003760
1602075262.633362 20.844853 0.003746
1602075262.765362 20.837117 0.003730
1602075262.864362 20.831384 0.003717
1602075262.996363 20.826729 0.003701
1602075263.128363 20.825456 0.003685
1602075263.260364 20.821175 0.003668
1602075263.359364 20.818033 0.003656
1602075263.458364 20.816572 0.003646
1602075263.557364 20.814163 0.003637
1602075263.656364 20.813495 0.003626
1602075263.755365 20.810882 0.003623
1602075263.854365 20.808610 0.003614
1602075263.953365 20.807041 0.003605
1602075264.052365 20.803529 0.003596
1602075264.151366 20.802490 0.003589
1602075264.250366 20.801605 0.003580
1602075264.349366 20.799110 0.003572
1602075264.415366 20.796993 0.003568
1602075264.481366 20.793856 0.003564
1602075264.547366 20.792793 0.003560
1602075264.613367 20.792711 0.003556
1602075264.679367 20.792310 0.003551
1602075264.745367 20.790750 0.003548
1602075264.811367 20.790147 0.003544
1602075264.877367 20.790505 0.003539
1602075264.943367 20.790371 0.003535
1602075265.009367 20.789551 0.003531
1602075265.075368 20.787126 0.003527
1602075265.174368 20.786123 0.003521
1602075265.273368 20.784173 0.003514
1602075265.372368 20.783622 0.003507
1602075265.504369 20.777726 0.003501
1602075265.603369 20.774304 0.003498
1602075265.735369 20.770706 0.003492
1602075265.867370 20.769462 0.003487
1602075265.966370 20.768580 0.003482
1602075266.065370 20.768803 0.003478
1602075266.164370 20.767674 0.003474
1602075266.263371 20.765603 0.003471
1602075266.362371 20.764204 0.003467
1602075266.461371 20.763548 0.003462
1602075266.560371 20.760007 0.003460
1602075266.659372 20.758010 0.003455
1602075266.791372 20.755384 0.003450
1602075266.923372 20.754514 0.003446
1602075267.022372 20.751388 0.003444
1602075267.121373 20.750682 0.003441
1602075267.220373 20.751709 0.003437
1602075267.319373 20.750829 0.003434
1602075267.418373 20.747079 0.003432
1602075267.517373 20.746282 0.003429
1602075267.616374 20.743730 0.003427
1602075267.715374 20.742054 0.003424
1602075267.814374 20.740472 0.003422
1602075267.913374 20.740523 0.003420
1602075268.012375 20.739377 0.003418
1602075268.111375 20.739522 0.003415
1602075268.210375 20.739569 0.003414
1602075268.342376 20.739219 0.003411
1602075268.441376 20.738757 0.003409
1602075268.540376 20.738327 0.003408
1602075268.639376 20.737581 0.003405
1602075268.705376 20.737040 0.003405
1602075268.771377 20.736690 0.003404
1602075268.837377 20.735805 0.003402
1602075268.936377 20.733660 0.003402
1602075269.035377 20.732729 0.003399
1602075269.134377 20.732531 0.003397
1602075269.233377 20.733040 0.003396
1602075269.332378 20.731283 0.003394
1602075269.464378 20.729212 0.003393
1602075269.596378 20.727556 0.003392
1602075269.695379 20.726763 0.003389
1602075269.794379 20.727812 0.003388
1602075269.893379 20.728012 0.003388
1602075269.992379 20.726566 0.003386
1602075270.124380 20.724838 0.003385
1602075270.256380 20.724894 0.003384
1602075270.355380 20.724527 0.003382
1602075270.454381 20.724018 0.003382
1602075270.586381 20.724886 0.003381
1602075270.685381 20.725936 0.003380
1602075270.784381 20.724609 0.003379
1602075270.883382 20.724067 0.003378
1602075270.982382 20.725308 0.003377
1602075271.081382 20.724899 0.003376
1602075271.180382 20.725835 0.003376
1602075271.279382 20.726747 0.003376
1602075271.345383 20.726206 0.003375
1602075271.444383 20.725302 0.003374
1602075271.543383 20.724826 0.003373
1602075271.642383 20.725880 0.003372
1602075271.741383 20.725440 0.003371
1602075271.840384 20.724880 0.003370
1602075271.939384 20.721881 0.003370
1602075272.071384 20.720844 0.003368
1602075272.203385 20.721417 0.003368
1602075272.335385 20.719058 0.003368
1602075272.467385 20.719709 0.003367
1602075272.599385 20.719488 0.003366
1602075272.731386 20.718704 0.003364
1602075272.863386 20.718509 0.003364
1602075272.995387 20.717177 0.003363
1602075273.094387 20.716556 0.003363
1602075273.193387 20.716193 0.003363
1602075273.292387 20.716478 0.003363
1602075273.391387 20.716736 0.003362
1602075273.490388 20.715852 0.003362
1602075273.589388 20.716884 0.003362
1602075273.688388 20.717370 0.003361
1602075273.787388 20.716657 0.003361
1602075273.886389 20.717433 0.003360
1602075273.985389 20.716912 0.003360
1602075274.084389 20.717314 0.003360
1602075274.183389 20.717649 0.003359
1602075274.282389 20.717446 0.003359
1602075274.381390 20.716590 0.003357
1602075274.480390 20.716961 0.003356
1602075274.579390 20.716120 0.003358
1602075274.678391 20.716522 0.003358
1602075274.777391 20.717049 0.003358
1602075274.876391 20.717618 0.003357
1602075274.942391 20.716844 0.003356
1602075275.008391 20.715339 0.003356
1602075275.107392 20.715152 0.003357
1602075275.173392 20.714695 0.003357
1602075275.239392 20.713537 0.003357
1602075275.338392 20.712886 0.003357
1602075275.437392 20.713610 0.003357
1602075275.536392 20.713348 0.003355
1602075275.635393 20.714307 0.003355
1602075275.734393 20.714909 0.003355
1602075275.833393 20.715857 0.003354
1602075275.932394 20.715984 0.003353
1602075276.031394 20.715029 0.003355
1602075276.130394 20.715364 0.003354
1602075276.229394 20.714390 0.003354
1602075276.328394 20.714512 0.003354
1602075276.427395 20.716032 0.003353
1602075276.526395 20.716696 0.003352
1602075276.625395 20.716546 0.003353
1602075276.724395 20.716935 0.003352
1602075276.823395 20.716019 0.003352
1602075276.922396 20.716550 0.003351
1602075277.021396 20.716316 0.003351
1602075277.087396 20.716260 0.003351
1602075277.186396 20.716325 0.003351
1602075277.252397 20.716788 0.003351
1602075277.351397 20.716814 0.003351
1602075277.450397 20.717052 0.003350
1602075277.549397 20.718549 0.003350
1602075277.648398 20.716880 0.003349
1602075277.747398 20.715248 0.003350
1602075277.846398 20.714285 0.003348
1602075277.945398 20.715792 0.003349
1602075278.044399 20.715675 0.003348
1602075278.110399 20.716888 0.003348
1602075278.176399 20.717448 0.003348
1602075278.242399 20.716775 0.003348
1602075278.308399 20.717328 0.003348
1602075278.374399 20.717367 0.003348
1602075278.440399 20.717424 0.003348
1602075278.506399 20.717463 0.003348
1602075278.572400 20.716732 0.003347
1602075278.638400 20.716207 0.003347
1602075278.704400 20.716292 0.003347
1602075278.770400 20.715976 0.003347
1602075278.836400 20.715886 0.003347
1602075278.902400 20.716109 0.003345
1602075279.001401 20.715382 0.003346
1602075279.100401 20.716550 0.003346
1602075279.199401 20.716969 0.003347
1602075279.298402 20.718290 0.003346
1602075279.397402 20.718573 0.003346
1602075279.463402 20.718833 0.003345
1602075279.529402 20.718368 0.003346
1602075279.595402 20.718809 0.003345
1602075279.661402 20.720124 0.003345
1602075279.727402 20.720385 0.003343
1602075279.793403 20.720162 0.003343
1602075279.859403 20.720096 0.003343
1602075279.958403 20.718651 0.003345
1602075280.090403 20.715961 0.003345
1602075280.222404 20.715043 0.003345
1602075280.354404 20.713510 0.003345
1602075280.486404 20.712452 0.003344
1602075280.585405 20.712827 0.003344
1602075280.717405 20.711960 0.003344
1602075280.849405 20.712494 0.003344
1602075280.948406 20.711991 0.003344
1602075281.047405 20.711815 0.003341
1602075281.146406 20.710491 0.003342
1602075281.245406 20.710801 0.003343
1602075281.344407 20.711124 0.003343
1602075281.443407 20.711040 0.003343
1602075281.542407 20.712176 0.003337
1602075281.641407 20.712300 0.003340
1602075281.740407 20.712309 0.003342
1602075281.839408 20.712343 0.003340
1602075281.938408 20.712349 0.003340
1602075282.037408 20.712459 0.003341
1602075282.136408 20.713446 0.003338
1602075282.235409 20.712839 0.003341
1602075282.334409 20.712176 0.003341
1602075282.433409 20.711891 0.003340
1602075282.532409 20.712177 0.003338
1602075282.631409 20.711302 0.003337
1602075282.730410 20.710544 0.003340
1602075282.829410 20.711019 0.003340
1602075282.928410 20.711057 0.003339
1602075283.027411 20.710197 0.003339
1602075283.093410 20.707939 0.003338
1602075283.159411 20.706169 0.003340
1602075283.225411 20.705656 0.003339
1602075283.291411 20.706525 0.003340
1602075283.390411 20.708377 0.003339
1602075283.489412 20.707525 0.003339
1602075283.588412 20.709212 0.003339
1602075283.654412 20.707299 0.003335
1602075283.720412 20.707045 0.003337
1602075283.786412 20.707132 0.003338
1602075283.885412 20.706115 0.003338
1602075283.984413 20.704860 0.003338
1602075284.050413 20.704229 0.003339
1602075284.149413 20.704949 0.003338
1602075284.248413 20.705276 0.003338
1602075284.347414 20.704700 0.003337
1602075284.446414 20.704024 0.003337
1602075284.545414 20.704793 0.003338
1602075284.644414 20.704086 0.003337
1602075284.743415 20.702008 0.003331
1602075284.842415 20.701732 0.003337
1602075284.941415 20.702661 0.003337
1602075285.040415 20.700893 0.003335
1602075285.139415 20.702365 0.003333
1602075285.238416 20.702698 0.003336
1602075285.337416 20.704304 0.003336
1602075285.436416 20.703631 0.003336
1602075285.535416 20.704083 0.003336
1602075285.634417 20.704475 0.003336
1602075285.733417 20.705542 0.003335
1602075285.832417 20.706185 0.003334
1602075285.931417 20.706835 0.003333
1602075286.030418 20.704439 0.003333
1602075286.129418 20.705329 0.003334
1602075286.228418 20.706007 0.003334
1602075286.327418 20.707876 0.003324
1602075286.426419 20.705956 0.003334
1602075286.525419 20.706625 0.003332
1602075286.624419 20.705429 0.003334
1602075286.723419 20.704522 0.003334
1602075286.822419 20.703937 0.003334
1602075286.921420 20.705515 0.003332
1602075287.020420 20.705653 0.003333
1602075287.119420 20.704282 0.003331
1602075287.218420 20.703655 0.003333
1602075287.317420 20.704708 0.003333
1602075287.383421 20.703226 0.003332
1602075287.449421 20.704993 0.003331
1602075287.515421 20.706443 0.003332
1602075287.581421 20.706656 0.003332
1602075287.680421 20.706357 0.003332
1602075287.779422 20.705988 0.003332
1602075287.878422 20.704624 0.003331
1602075287.977422 20.704819 0.003331
1602075288.076422 20.704979 0.003332
1602075288.175422 20.703946 0.003331
1602075288.274423 20.704349 0.003329
1602075288.373423 20.704476 0.003330
1602075288.472423 20.705546 0.003328
1602075288.571424 20.705639 0.003329
1602075288.670424 20.706451 0.003327
1602075288.769424 20.709784 0.003327
1602075288.868424 20.707057 0.003328
1602075288.967424 20.707630 0.003327
1602075289.066425 20.708802 0.003328
1602075289.165425 20.705550 0.003327
1602075289.264425 20.705409 0.003326
1602075289.396425 20.706331 0.003325
1602075289.528426 20.707675 0.003324
1602075289.627426 20.708212 0.003323
1602075289.726426 20.712692 0.003321
1602075289.825426 20.718148 0.003323
1602075289.924427 20.723750 0.003322
1602075290.023427 20.729145 0.003321
1602075290.122427 20.732314 0.003320
1602075290.221427 20.733080 0.003319
1602075290.320427 20.736314 0.003319
1602075290.419428 20.739828 0.003318
1602075290.518428 20.737482 0.003315
1602075290.584428 20.734136 0.003312
1602075290.683428 20.730296 0.003315
1602075290.782429 20.722989 0.003311
1602075290.881429 20.730481 0.003313
1602075290.980429 20.732813 0.003313
1602075291.112429 20.733392 0.003311
1602075291.211430 20.733737 0.003310
1602075291.310430 20.735306 0.003310
1602075291.442430 20.737654 0.003309
1602075291.574430 20.740003 0.003310
1602075291.706431 20.741369 0.003309
1602075291.805431 20.739349 0.003309
1602075291.904431 20.738358 0.003308
1602075292.036432 20.733481 0.003308
1602075292.135432 20.734480 0.003308
1602075292.267432 20.736666 0.003307
1602075292.399432 20.736371 0.003307
1602075292.498433 20.734567 0.003306
1602075292.597433 20.731104 0.003306
1602075292.696433 20.728360 0.003305
1602075292.828434 20.727995 0.003305
1602075292.960434 20.727352 0.003305
1602075293.092434 20.726700 0.003305
1602075293.191434 20.727746 0.003304
1602075293.290435 20.726586 0.003304
1602075293.389435 20.726859 0.003304
1602075293.488435 20.726236 0.003304
1602075293.587435 20.726020 0.003304
1602075293.686436 20.726306 0.003302
1602075293.785436 20.727347 0.003303
1602075293.884436 20.727725 0.003303
1602075293.983436 20.727291 0.003303
1602075294.082436 20.725659 0.003303
1602075294.181437 20.725971 0.003303
1602075294.280437 20.725839 0.003303
1602075294.379437 20.725808 0.003303
1602075294.478437 20.725592 0.003302
1602075294.577438 20.725052 0.003301
1602075294.709438 20.724588 0.003302
1602075294.841438 20.723933 0.003301
1602075294.973439 20.723108 0.003302
1602075295.105439 20.722767 0.003302
1602075295.237439 20.722634 0.003301
1602075295.336439 20.723040 0.003301
1602075295.468440 20.722460 0.003301
1602075295.600440 20.722612 0.003300
1602075295.732440 20.722971 0.003301
1602075295.864441 20.724226 0.003299
1602075295.996441 20.725311 0.003299
1602075296.128441 20.724620 0.003297
1602075296.260442 20.726544 0.003298
1602075296.392442 20.726510 0.003298
1602075296.491442 20.728459 0.003297
1602075296.623442 20.730612 0.003297
1602075296.755443 20.730143 0.003296
1602075296.887443 20.728826 0.003296
1602075296.986443 20.729253 0.003296
1602075297.118444 20.729971 0.003295
1602075297.250444 20.731830 0.003294
1602075297.349444 20.732414 0.003295
1602075297.448444 20.733392 0.003295
1602075297.580445 20.733942 0.003295
1602075297.712445 20.733248 0.003293
1602075297.844445 20.733766 0.003294
1602075297.943446 20.735304 0.003294
1602075298.075446 20.736749 0.003294
1602075298.174446 20.737593 0.003295
1602075298.273446 20.739252 0.003293
1602075298.372447 20.739089 0.003294
1602075298.471447 20.740464 0.003294
1602075298.570447 20.741076 0.003294
1602075298.702447 20.741595 0.003294
1602075298.801448 20.742444 0.003294
1602075298.900448 20.742113 0.003294
1602075299.032448 20.743423 0.003293
1602075299.164448 20.743665 0.003293
1602075299.296449 20.743226 0.003293
1602075299.428449 20.742539 0.003294
1602075299.560450 20.741133 0.003292
1602075299.692450 20.740465 0.003293
1602075299.824450 20.740960 0.003293
1602075299.923450 20.741886 0.003293
1602075300.055451 20.741904 0.003294
1602075300.187451 20.742091 0.003293
1602075300.286451 20.742633 0.003293
1602075300.385452 20.741742 0.003292
1602075300.517452 20.739975 0.003293
1602075300.649452 20.739496 0.003293
1602075300.781453 20.739423 0.003294
1602075300.913453 20.739441 0.003292
1602075301.045453 20.738634 0.003293
1602075301.177453 20.738247 0.003294
1602075301.309454 20.738658 0.003293
1602075301.441454 20.738842 0.003293
1602075301.573454 20.739473 0.003293
1602075301.705455 20.739164 0.003291
1602075301.837455 20.739933 0.003293
1602075301.969455 20.741651 0.003293
1602075302.134455 20.743770 0.003293
1602075302.299456 20.746799 0.003293
1602075302.464457 20.748661 0.003292
1602075302.662457 20.753597 0.003292
1602075302.860457 20.755523 0.003292
1602075303.091458 20.759671 0.003291
1602075303.289459 20.765018 0.003289
1602075303.520459 20.769055 0.003292
1602075303.751460 20.775731 0.003291
1602075303.982460 20.783967 0.003291
1602075304.213460 20.788782 0.003292
1602075304.444461 20.795057 0.003291
1602075304.741462 20.803995 0.003291
1602075305.038462 20.808438 0.003290
1602075305.203463 20.809486 0.003291
1602075305.401463 20.811376 0.003291
1602075305.632464 20.813058 0.003291
1602075305.929465 20.814345 0.003291
1602075306.226465 20.815229 0.003290
1602075306.490466 20.814262 0.003290
1602075306.787467 20.813524 0.003290
1602075307.084467 20.814266 0.003286
1602075307.381468 20.813297 0.003290
1602075307.678469 20.816025 0.003290
1602075307.975470 20.816511 0.003291
1602075308.272470 20.813523 0.003291
1602075308.536471 20.811951 0.003290
1602075308.899472 20.811628 0.003290
1602075309.295473 20.810766 0.003291
1602075309.691474 20.812081 0.003288
1602075309.988474 20.811589 0.003290
1602075310.351475 20.811673 0.003290
1602075310.582476 20.811259 0.003290
1602075311.143477 20.812576 0.003291
1602075311.539478 20.813310 0.003289
1602075312.067479 20.811104 0.003291
1602075312.760481 20.810742 0.003291
1602075313.156482 20.809939 0.003290
1602075313.420483 20.808260 0.003288
1602075313.651483 20.806847 0.003286
1602075313.849483 20.805118 0.003285
1602075314.047484 20.804279 0.003285
1602075314.212484 20.801806 0.003281
1602075314.377485 20.800732 0.003281
1602075314.542485 20.800371 0.003284
1602075314.707485 20.799689 0.003271
1602075314.839486 20.803042 0.003274
1602075314.971486 20.803908 0.003281
1602075315.103487 20.805090 0.003281
1602075315.235487 20.803413 0.003277
1602075315.367487 20.802650 0.003269
1602075315.499487 20.802582 0.003274
1602075315.631488 20.800730 0.003273
1602075315.796488 20.798504 0.003257
1602075315.928488 20.800046 0.003266
1602075316.060489 20.800214 0.003265
1602075316.192489 20.801782 0.003266
1602075316.324489 20.801929 0.003265
1602075316.489490 20.801094 0.003259
1602075316.654490 20.800494 0.003254
1602075316.819490 20.802755 0.003250
1602075316.984491 20.803086 0.003247
1602075317.182491 20.803883 0.003243
1602075317.380492 20.802721 0.003236
1602075317.611492 20.802248 0.003227
1602075317.809493 20.803442 0.003225
1602075317.974493 20.803346 0.003218
1602075318.139494 20.803273 0.003213
1602075318.337494 20.803653 0.003204
1602075318.502495 20.803475 0.003202
1602075318.634495 20.802632 0.003200
1602075318.733495 20.802239 0.003193
1602075318.832495 20.801682 0.003193
1602075318.931495 20.800578 0.003189
1602075319.030496 20.800606 0.003184
1602075319.096496 20.799599 0.003183
1602075319.162496 20.799497 0.003182
1602075319.228496 20.798729 0.003180
1602075319.294496 20.799105 0.003177
1602075319.360496 20.799701 0.003177
1602075319.426497 20.799301 0.003176
1602075319.492497 20.798504 0.003174
1602075319.591497 20.798577 0.003171
1602075319.723497 20.797080 0.003165
1602075319.888498 20.795900 0.003160
1602075320.020498 20.794950 0.003157
1602075320.119498 20.795634 0.003155
1602075320.218498 20.795748 0.003151
1602075320.317499 20.795595 0.003148
1602075320.383499 20.795335 0.003150
1602075320.449499 20.795614 0.003150
1602075320.515499 20.795434 0.003148
1602075320.614499 20.794402 0.003141
1602075320.713500 20.794081 0.003142
1602075320.812500 20.793375 0.003143
1602075320.911500 20.793835 0.003140
1602075321.076500 20.793964 0.003138
1602075321.241501 20.794789 0.003135
1602075321.472502 20.795508 0.003130
1602075321.637502 20.797289 0.003127
1602075321.769502 20.796260 0.003126
1602075321.901502 20.795152 0.003122
1602075322.033503 20.794605 0.003122
1602075322.198503 20.795109 0.003118
1602075322.363504 20.795493 0.003118
1602075322.561504 20.795754 0.003115
1602075322.726505 20.795807 0.003110
1602075322.891505 20.796172 0.003109
1602075323.023505 20.792813 0.003110
1602075323.122505 20.792003 0.003108
1602075323.254506 20.792846 0.003106
1602075323.353506 20.794308 0.003108
1602075323.452506 20.794344 0.003106
1602075323.584506 20.794429 0.003104
1602075323.716507 20.794293 0.003103
1602075323.815507 20.794343 0.003100
1602075323.914507 20.794999 0.003099
1602075324.013507 20.794784 0.003102
1602075324.112508 20.795454 0.003100
1602075324.244508 20.795440 0.003100
1602075324.376508 20.795933 0.003099
1602075324.508509 20.796127 0.003096
1602075324.607509 20.796536 0.003096
1602075324.706509 20.796148 0.003092
1602075324.805509 20.795942 0.003095
1602075324.937510 20.795889 0.003094
1602075325.069510 20.796263 0.003092
1602075325.201510 20.795857 0.003093
1602075325.333511 20.795215 0.003092
1602075325.465511 20.795393 0.003089
1602075325.564511 20.795282 0.003088
1602075325.663511 20.796004 0.003090
1602075325.762512 20.796228 0.003089
1602075325.861512 20.796321 0.003089
1602075325.960512 20.795888 0.003088
1602075326.059512 20.795238 0.003086
1602075326.158513 20.795369 0.003086
1602075326.257513 20.795666 0.003086
1602075326.356513 20.795718 0.003087
1602075326.455513 20.795456 0.003083
1602075326.554513 20.795788 0.003087
1602075326.686514 20.795717 0.003085
1602075326.818514 20.795545 0.003085
1602075326.950514 20.795513 0.003085
1602075327.049515 20.795196 0.003082
1602075327.148515 20.794774 0.003084
1602075327.247515 20.795232 0.003082
1602075327.346515 20.795675 0.003081
1602075327.412516 20.795699 0.003082
1602075327.511516 20.795680 0.003081
1602075327.610516 20.795468 0.003076
1602075327.709516 20.795381 0.003073
1602075327.808516 20.795868 0.003079
1602075327.907517 20.795340 0.003076
1602075328.006517 20.795559 0.003081
1602075328.072517 20.796277 0.003080
1602075328.138517 20.796267 0.003078
1602075328.204517 20.796820 0.003076
1602075328.270518 20.797301 0.003074
1602075328.336518 20.797374 0.003076
1602075328.402518 20.797515 0.003080
1602075328.501518 20.797817 0.003077
1602075328.600518 20.797810 0.003075
1602075328.699518 20.797926 0.003078
1602075328.798519 20.797930 0.003078
1602075328.897519 20.797600 0.003071
1602075329.062520 20.797043 0.003076
1602075329.194520 20.796560 0.003070
1602075329.326520 20.796451 0.003076
1602075329.458521 20.796113 0.003073
1602075329.590521 20.796170 0.003074
1602075329.689521 20.796739 0.003073
1602075329.821522 20.797525 0.003074
1602075329.986521 20.797705 0.003074
1602075330.151522 20.797947 0.003075
1602075330.283522 20.798711 0.003070
1602075330.415523 20.797991 0.003074
1602075330.514523 20.798007 0.003072
1602075330.613523 20.798351 0.003073
1602075330.712523 20.798685 0.003073
1602075330.811524 20.798223 0.003074
1602075330.910524 20.798339 0.003074
1602075331.042524 20.798844 0.003073
1602075331.174525 20.799099 0.003071
1602075331.273525 20.799434 0.003071
1602075331.372525 20.799724 0.003073
1602075331.471525 20.798908 0.003070
1602075331.570525 20.798534 0.003073
1602075331.669526 20.798687 0.003072
1602075331.768526 20.799184 0.003072
1602075331.900526 20.798439 0.003069
1602075332.065526 20.799514 0.003070
1602075332.197527 20.799234 0.003071
1602075332.329527 20.799387 0.003072
1602075332.494528 20.799343 0.003071
1602075332.659528 20.798924 0.003070
1602075332.824528 20.799017 0.003072
1602075333.022529 20.799151 0.003068
1602075333.187529 20.799209 0.003066
1602075333.352530 20.799533 0.003071
1602075333.517530 20.800914 0.003069
1602075333.682531 20.801748 0.003071
1602075333.847531 20.802515 0.003070
1602075333.979531 20.803862 0.003069
1602075334.144532 20.804581 0.003069
1602075334.309532 20.806333 0.003070
1602075334.474532 20.808492 0.003068
1602075334.606533 20.808222 0.003062
1602075334.738533 20.808214 0.003068
1602075334.870533 20.809276 0.003070
1602075335.002534 20.808850 0.003067
1602075335.167534 20.808933 0.003067
1602075335.332535 20.810064 0.003069
1602075335.464535 20.810501 0.003069
1602075335.596535 20.811675 0.003068
1602075335.728535 20.812821 0.003067
1602075335.860536 20.814651 0.003053
1602075335.992536 20.815016 0.003065
1602075336.124536 20.815102 0.003068
1602075336.256536 20.816254 0.003067
1602075336.355537 20.815973 0.003068
1602075336.454537 20.817962 0.003065
1602075336.553537 20.817752 0.003057
1602075336.652538 20.817883 0.003052
1602075336.751538 20.818375 0.003061
1602075336.850538 20.818541 0.003065
1602075336.949538 20.818860 0.003066
1602075337.048538 20.818876 0.003067
1602075337.147539 20.819402 0.003066
1602075337.246539 20.819215 0.003067
1602075337.345539 20.818833 0.003067
1602075337.477540 20.818738 0.003066
1602075337.576540 20.818113 0.003063
1602075337.675540 20.817713 0.003066
1602075337.774540 20.817243 0.003065
1602075337.873540 20.816568 0.003066
1602075337.972541 20.817672 0.003064
1602075338.071541 20.817264 0.003066
1602075338.170541 20.816539 0.003064
1602075338.269541 20.816077 0.003065
1602075338.368542 20.815990 0.003065
1602075338.467542 20.816158 0.003064
1602075338.566542 20.815774 0.003064
1602075338.665542 20.815758 0.003063
1602075338.764543 20.814845 0.003063
1602075338.863543 20.813422 0.003062
1602075338.962543 20.812838 0.003061
1602075339.061543 20.812378 0.003062
1602075339.127543 20.810864 0.003060
1602075339.226544 20.810016 0.003061
1602075339.325544 20.808897 0.003061
1602075339.424544 20.808097 0.003060
1602075339.523545 20.806979 0.003061
1602075339.622545 20.806286 0.003058
1602075339.721545 20.805431 0.003058
1602075339.820545 20.804023 0.003060
1602075339.952546 20.802652 0.003057
1602075340.051546 20.801131 0.003057
1602075340.150546 20.799469 0.003058
1602075340.249546 20.798253 0.003057
1602075340.315546 20.798402 0.003054
1602075340.381546 20.798122 0.003058
1602075340.447547 20.796703 0.003053
1602075340.546547 20.795613 0.003056
1602075340.645547 20.794986 0.003057
1602075340.744547 20.793506 0.003056
1602075340.843548 20.792668 0.003056
1602075340.942548 20.791394 0.003057
1602075341.041548 20.790774 0.003055
1602075341.140548 20.789730 0.003056
1602075341.239548 20.788686 0.003055
1602075341.338549 20.787887 0.003055
1602075341.437549 20.787190 0.003048
1602075341.536549 20.787113 0.003053
1602075341.635550 20.786136 0.003055
1602075341.734550 20.784696 0.003055
1602075341.833550 20.783829 0.003054
1602075341.899550 20.782911 0.003054
1602075341.998550 20.781425 0.003054
1602075342.097551 20.780918 0.003054
1602075342.196551 20.779742 0.003054
1602075342.295551 20.779773 0.003053
1602075342.361551 20.779032 0.003053
1602075342.427551 20.778525 0.003051
1602075342.493552 20.777938 0.003053
1602075342.559552 20.777656 0.003052
1602075342.625552 20.777021 0.003053
1602075342.691552 20.777093 0.003053
1602075342.757552 20.776769 0.003052
1602075342.823552 20.776268 0.003052
1602075342.889552 20.775352 0.003051
1602075342.955553 20.773995 0.003052
1602075343.021553 20.774573 0.003052
1602075343.087553 20.773675 0.003052
1602075343.153553 20.773360 0.003051
1602075343.219553 20.772876 0.003052
1602075343.285553 20.772154 0.003051
1602075343.351553 20.771700 0.003051
1602075343.417553 20.770952 0.003051
1602075343.483554 20.770521 0.003050
1602075343.582554 20.769653 0.003051
1602075343.681554 20.769418 0.003051
1602075343.747554 20.768646 0.003051
1602075343.813555 20.768430 0.003051
1602075343.912555 20.767729 0.003050
1602075343.978555 20.767265 0.003050
1602075344.077555 20.766508 0.003050
1602075344.143555 20.765909 0.003050
1602075344.209555 20.765652 0.003050
1602075344.275556 20.765352 0.003050
1602075344.374556 20.764629 0.003050
1602075344.473556 20.764007 0.003050
1602075344.572556 20.763813 0.003049
1602075344.671556 20.763249 0.003050
1602075344.770557 20.763224 0.003047
1602075344.836557 20.762724 0.003047
1602075344.902557 20.762277 0.003049
1602075344.968557 20.762055 0.003049
1602075345.034557 20.761591 0.003048
1602075345.100558 20.760949 0.003049
1602075345.166558 20.760337 0.003048
1602075345.232558 20.759940 0.003049
1602075345.331558 20.759024 0.003047
1602075345.430558 20.759366 0.003048
1602075345.529558 20.757947 0.003049
1602075345.628559 20.757451 0.003048
1602075345.727559 20.756616 0.003048
1602075345.826559 20.755768 0.003048
1602075345.925560 20.755150 0.003047
1602075346.024559 20.754214 0.003048
1602075346.123560 20.753324 0.003047
1602075346.222560 20.752637 0.003048
1602075346.321560 20.752177 0.003047
1602075346.420561 20.751475 0.003047
1602075346.519561 20.750991 0.003048
1602075346.618561 20.749943 0.003047
1602075346.684561 20.749281 0.003047
1602075346.783561 20.748404 0.003047
1602075346.882562 20.747579 0.003047
1602075346.981562 20.747039 0.003047
1602075347.080562 20.745940 0.003046
1602075347.179563 20.745436 0.003046
1602075347.278563 20.744591 0.003046
1602075347.377563 20.743812 0.003046
1602075347.476563 20.742287 0.003044
1602075347.575563 20.742116 0.003046
1602075347.707564 20.741078 0.003046
1602075347.839564 20.739951 0.003045
1602075347.971564 20.739396 0.003046
1602075348.103565 20.738829 0.003045
1602075348.235565 20.738269 0.003045
1602075348.367565 20.736738 0.003044
1602075348.499566 20.736145 0.003043
1602075348.631566 20.734989 0.003045
1602075348.730566 20.734044 0.003045
1602075348.829566 20.733426 0.003044
1602075348.928566 20.733321 0.003044
1602075349.027567 20.732519 0.003045
1602075349.126567 20.732372 0.003043
1602075349.192567 20.731988 0.003045
1602075349.258567 20.731381 0.003044
1602075349.357568 20.731141 0.003045
1602075349.456568 20.730427 0.003045
1602075349.555568 20.729789 0.003045
1602075349.654568 20.728882 0.003045
1602075349.753568 20.728156 0.003044
1602075349.852569 20.727374 0.003044
1602075349.951569 20.726769 0.003044
1602075350.050569 20.726175 0.003042
1602075350.149570 20.725525 0.003044
1602075350.248570 20.725356 0.003044
1602075350.347570 20.724352 0.003043
1602075350.446570 20.723118 0.003043
1602075350.545571 20.722316 0.003044
1602075350.644571 20.722005 0.003042
1602075350.743571 20.720903 0.003044
1602075350.809571 20.720312 0.003044
1602075350.875571 20.720157 0.003043
1602075350.974571 20.719894 0.003044
1602075351.073572 20.719180 0.003044
1602075351.172572 20.718988 0.003044
1602075351.271572 20.718520 0.003044
1602075351.370572 20.718397 0.003044
1602075351.469573 20.717889 0.003043
1602075351.535573 20.717285 0.003044
1602075351.601573 20.717429 0.003044
1602075351.667573 20.717389 0.003044
1602075351.766573 20.717288 0.003044
1602075351.865574 20.716501 0.003043
1602075351.964574 20.716171 0.003044
1602075352.030574 20.716004 0.003044
1602075352.096574 20.715719 0.003043
1602075352.195574 20.715794 0.003043
1602075352.261575 20.715567 0.003043
1602075352.360575 20.715193 0.003043
1602075352.459575 20.714631 0.003043
1602075352.558575 20.714331 0.003043
1602075352.657575 20.714717 0.003044
1602075352.756576 20.714354 0.003042
1602075352.855576 20.713674 0.003043
1602075352.954576 20.712812 0.003043
1602075353.053576 20.712458 0.003042
1602075353.152576 20.712405 0.003043
1602075353.251577 20.712170 0.003043
1602075353.350577 20.712063 0.003043
1602075353.449577 20.711420 0.003042
1602075353.548578 20.711192 0.003043
1602075353.647578 20.710938 0.003043
1602075353.713578 20.710539 0.003043
1602075353.779578 20.710433 0.003043
1602075353.878578 20.709997 0.003043
1602075353.944579 20.709518 0.003043
1602075354.043579 20.709316 0.003042
1602075354.142579 20.709108 0.003042
1602075354.241579 20.708287 0.003042
1602075354.307579 20.708291 0.003041
1602075354.406579 20.707682 0.003043
1602075354.538580 20.707242 0.003043
1602075354.637580 20.707357 0.003043
1602075354.736580 20.706988 0.003043
1602075354.835581 20.706810 0.003041
1602075354.934581 20.705681 0.003043
1602075355.033581 20.705210 0.003043
1602075355.132581 20.705294 0.003043
1602075355.231581 20.704486 0.003042
1602075355.330582 20.703977 0.003043
1602075355.429582 20.703329 0.003043
1602075355.528582 20.703015 0.003043
1602075355.627583 20.702559 0.003043
1602075355.759583 20.701463 0.003042
1602075355.891583 20.700280 0.003042
1602075356.023583 20.698967 0.003042
1602075356.155584 20.697919 0.003042
1602075356.287584 20.697210 0.003042
1602075356.419584 20.696372 0.003041
1602075356.518584 20.694628 0.003041
1602075356.650585 20.694033 0.003042
1602075356.782585 20.692849 0.003042
1602075356.947586 20.691927 0.003041
1602075357.145586 20.690303 0.003040
1602075357.343586 20.688477 0.003040
1602075357.508587 20.688146 0.003038
1602075357.673588 20.685959 0.003037
1602075357.838588 20.684797 0.003038
1602075358.003588 20.683983 0.003040
1602075358.168589 20.683044 0.003041
1602075358.300589 20.682800 0.003041
1602075358.465589 20.681322 0.003040
1602075358.630590 20.679711 0.003041
1602075358.795590 20.678123 0.003039
1602075358.960591 20.676868 0.003040
1602075359.092591 20.681672 0.003041
1602075359.257591 20.683940 0.003038
1602075359.389591 20.680752 0.003042
1602075359.521592 20.678903 0.003042
1602075359.653592 20.682997 0.003042
1602075359.785592 20.683151 0.003042
1602075359.917593 20.681836 0.003040
1602075360.016593 20.675061 0.003037
1602075360.115593 20.674293 0.003042
1602075360.247593 20.675163 0.003042
1602075360.346594 20.674987 0.003042
1602075360.445594 20.674517 0.003042
1602075360.544594 20.675073 0.003042
1602075360.643595 20.674541 0.003042
1602075360.742594 20.674050 0.003042
1602075360.841595 20.672305 0.003042
1602075360.940595 20.673002 0.003042
1602075361.072595 20.675309 0.003041
1602075361.171596 20.675728 0.003042
1602075361.270596 20.675937 0.003042
1602075361.402596 20.674900 0.003041
1602075361.501596 20.676109 0.003040
1602075361.633597 20.678146 0.003040
1602075361.765597 20.677877 0.003040
1602075361.897598 20.675183 0.003041
1602075362.029598 20.674245 0.003041
1602075362.161598 20.676098 0.003038
1602075362.260598 20.675830 0.003040
1602075362.359599 20.675284 0.003040
1602075362.458599 20.675434 0.003040
1602075362.557599 20.676814 0.003040
1602075362.656599 20.677950 0.003039
1602075362.755599 20.678713 0.003039
1602075362.854600 20.678073 0.003038
1602075362.953600 20.680960 0.003038
1602075363.052600 20.679543 0.003038
1602075363.151600 20.679484 0.003038
1602075363.250601 20.681496 0.003038
1602075363.349601 20.681048 0.003038
1602075363.448601 20.679971 0.003037
1602075363.547601 20.680548 0.003037
1602075363.646601 20.678764 0.003037
1602075363.745602 20.679077 0.003037
1602075363.844602 20.681287 0.003037
1602075363.943602 20.682942 0.003036
1602075364.042603 20.684154 0.003036
1602075364.141603 20.684531 0.003036
1602075364.240603 20.683992 0.003027
1602075364.339603 20.684363 0.003035
1602075364.438603 20.683242 0.003035
1602075364.537604 20.682592 0.003036
1602075364.636604 20.681465 0.003035
1602075364.735604 20.682760 0.003035
1602075364.834604 20.684718 0.003034
1602075364.933605 20.683247 0.003034
1602075365.032605 20.682961 0.003034
1602075365.131605 20.684332 0.003032
1602075365.263606 20.683853 0.003033
1602075365.395606 20.683429 0.003033
1602075365.527606 20.681980 0.003033
1602075365.626606 20.684882 0.003033
1602075365.758607 20.686059 0.003032
1602075365.857607 20.686070 0.003033
1602075365.989607 20.686135 0.003032
1602075366.088608 20.685581 0.003033
1602075366.187608 20.687256 0.003032
1602075366.286608 20.685722 0.003032
1602075366.385608 20.685390 0.003031
1602075366.451608 20.686980 0.003032
1602075366.517608 20.684306 0.003032
1602075366.583609 20.684439 0.003032
1602075366.649609 20.684864 0.003032
1602075366.715609 20.684165 0.003032
1602075366.781609 20.687147 0.003032
1602075366.847609 20.687285 0.003032
1602075366.913609 20.687341 0.003032
1602075366.979609 20.687201 0.003032
1602075367.045610 20.686503 0.003032
1602075367.111610 20.686805 0.003031
1602075367.177610 20.686308 0.003031
1602075367.243610 20.686758 0.003031
1602075367.309610 20.686695 0.003031
1602075367.375610 20.685976 0.003031
1602075367.441611 20.685757 0.003031
1602075367.507611 20.685489 0.003031
1602075367.573611 20.684483 0.003030
1602075367.672611 20.684524 0.003031
1602075367.771611 20.685460 0.003030
1602075367.870612 20.685183 0.003030
1602075367.936612 20.683537 0.003028
1602075368.002612 20.682762 0.003031
1602075368.068612 20.682760 0.003030
1602075368.134612 20.682915 0.003030
1602075368.233613 20.684096 0.003031
1602075368.365613 20.685112 0.003030
1602075368.464613 20.682661 0.003030
1602075368.563613 20.684221 0.003029
1602075368.662613 20.681763 0.003030
1602075368.761614 20.680792 0.003030
1602075368.860614 20.681811 0.003029
1602075368.959614 20.681927 0.003030
1602075369.058614 20.682502 0.003030
1602075369.157615 20.681065 0.003027
1602075369.256615 20.680253 0.003030
1602075369.322615 20.677622 0.003028
1602075369.388615 20.678328 0.003029
1602075369.454615 20.678996 0.003029
1602075369.520615 20.677626 0.003030
1602075369.586616 20.676103 0.003030
1602075369.652616 20.676184 0.003029
1602075369.718616 20.677423 0.003030
1602075369.784616 20.678600 0.003028
1602075369.850616 20.675965 0.003027
1602075369.916616 20.675725 0.003029
1602075369.982616 20.675825 0.003029
1602075370.048617 20.676074 0.003030
1602075370.114617 20.673092 0.003028
1602075370.180617 20.673059 0.003029
1602075370.246617 20.673891 0.003028
1602075370.312617 20.674401 0.003029
1602075370.378617 20.673111 0.003024
1602075370.444618 20.673922 0.003028
1602075370.543618 20.673022 0.003027
1602075370.642618 20.672545 0.003029
1602075370.741618 20.673048 0.003029
1602075370.807618 20.672722 0.003029
1602075370.873618 20.672612 0.003029
1602075370.972619 20.672618 0.003028
1602075371.071619 20.672817 0.003028
1602075371.170619 20.672785 0.003029
1602075371.269620 20.672500 0.003029
1602075371.368620 20.672187 0.003029
1602075371.434620 20.671665 0.003028
1602075371.500620 20.671607 0.003024
1602075371.566620 20.671614 0.003028
1602075371.632621 20.670954 0.003028
1602075371.698621 20.669969 0.003029
1602075371.764621 20.670740 0.003029
1602075371.830621 20.671040 0.003029
1602075371.896621 20.671761 0.003029
1602075371.962621 20.671612 0.003029
1602075372.061621 20.671269 0.003029
1602075372.160622 20.670690 0.003029
1602075372.259622 20.668874 0.003027
1602075372.358622 20.668199 0.003029
1602075372.457623 20.666704 0.003029
1602075372.556623 20.666141 0.003026
1602075372.622623 20.666709 0.003029
1602075372.688623 20.666868 0.003028
1602075372.754623 20.667264 0.003027
1602075372.820623 20.667004 0.003028
1602075372.886623 20.668391 0.003029
1602075372.952624 20.666827 0.003028
1602075373.018624 20.667198 0.003029
1602075373.084624 20.667790 0.003029
1602075373.150624 20.668867 0.003028
1602075373.216624 20.668251 0.003028
1602075373.282624 20.669181 0.003028
1602075373.381624 20.668376 0.003026
1602075373.447625 20.669278 0.003028
1602075373.513625 20.668685 0.003028
1602075373.579625 20.670338 0.003029
1602075373.711626 20.669586 0.003027
1602075373.810626 20.670631 0.003028
1602075373.942626 20.671890 0.003028
1602075374.074626 20.672159 0.003029
1602075374.206627 20.671661 0.003027
1602075374.305627 20.671108 0.003026
1602075374.404627 20.670720 0.003028
1602075374.536628 20.664728 0.003028
1602075374.668628 20.665082 0.003027
1602075374.800628 20.665903 0.003027
1602075374.899628 20.665588 0.003028
1602075375.031629 20.665566 0.003025
1602075375.163629 20.664645 0.003027
1602075375.262629 20.663864 0.003023
1602075375.361629 20.664069 0.003028
1602075375.460629 20.662375 0.003027
1602075375.559630 20.663285 0.003027
1602075375.658630 20.661750 0.003028
1602075375.757630 20.661012 0.003028
1602075375.823630 20.660756 0.003027
1602075375.889631 20.659251 0.003027
1602075375.988631 20.660748 0.003028
1602075376.087631 20.659721 0.003028
1602075376.186631 20.660282 0.003027
1602075376.285631 20.660828 0.003026
1602075376.384632 20.661118 0.003026
1602075376.483632 20.662052 0.003028
1602075376.582632 20.662964 0.003026
1602075376.681633 20.662813 0.003028
1602075376.780632 20.664446 0.003025
1602075376.879633 20.665069 0.003028
1602075376.978633 20.665843 0.003028
1602075377.077633 20.667405 0.003028
1602075377.176634 20.669076 0.003023
1602075377.275634 20.671145 0.003026
1602075377.374634 20.672837 0.003020
1602075377.473634 20.674004 0.003025
1602075377.539634 20.675944 0.003016
1602075377.605634 20.673819 0.002971
1602075377.671635 20.678408 0.003026
1602075377.770635 20.679933 0.003025
1602075377.869635 20.680695 0.003025
1602075377.968635 20.682350 0.003025
1602075378.034636 20.680805 0.003021
1602075378.100636 20.680884 0.003024
1602075378.166636 20.681573 0.003025
1602075378.232636 20.681377 0.003025
1602075378.298636 20.680838 0.003025
1602075378.364636 20.678421 0.003025
1602075378.430637 20.681348 0.003027
1602075378.496637 20.680454 0.003026
1602075378.562637 20.682117 0.003027
1602075378.628637 20.682611 0.003026
1602075378.694637 20.683809 0.003027
1602075378.793637 20.683544 0.003028
1602075378.892638 20.684595 0.003027
1602075378.991638 20.684107 0.002977
1602075379.057638 20.690050 0.003027
1602075379.123638 20.685812 0.003022
1602075379.189638 20.687472 0.003027
1602075379.255639 20.688230 0.003027
1602075379.321639 20.689894 0.003028
1602075379.387639 20.688671 0.003028
1602075379.453639 20.691203 0.003028
1602075379.519639 20.690284 0.003026
1602075379.585639 20.686949 0.003005
1602075379.651639 20.686833 0.003024
1602075379.717640 20.687006 0.003025
1602075379.783640 20.687366 0.003027
1602075379.849640 20.686340 0.003028
1602075379.915640 20.686220 0.003028
1602075379.981640 20.687956 0.003028
1602075380.047640 20.686387 0.003028
1602075380.146641 20.685769 0.003027
1602075380.212641 20.687396 0.003028
1602075380.311641 20.686442 0.003027
1602075380.410641 20.687337 0.003027
1602075380.509641 20.685691 0.003015
1602075380.608642 20.685439 0.003023
1602075380.707642 20.684928 0.003021
1602075380.806642 20.683255 0.003024
1602075380.905643 20.684315 0.003020
1602075381.004643 20.685499 0.003027
1602075381.103643 20.687113 0.003026
1602075381.202643 20.684781 0.003023
1602075381.301644 20.686179 0.003023
1602075381.367644 20.686550 0.003026
1602075381.466644 20.688451 0.003027
1602075381.565644 20.689510 0.003025
1602075381.664644 20.689873 0.003023
1602075381.796645 20.688727 0.003027
1602075381.895645 20.690379 0.003028
1602075381.994645 20.689994 0.003018
1602075382.126645 20.689701 0.003027
1602075382.258646 20.687313 0.003027
1602075382.423646 20.688427 0.003028
1602075382.621647 20.689628 0.003028
1602075382.852647 20.691472 0.003027
1602075383.050647 20.692650 0.003023
1602075383.281648 20.695555 0.003028
1602075383.578649 20.702551 0.003025
1602075383.842649 20.709676 0.003021
1602075384.139650 20.717455 0.003021
1602075384.436651 20.724648 0.003022
1602075384.667651 20.728718 0.003026
1602075384.931652 20.731475 0.003022
1602075385.129653 20.727808 0.003025
1602075385.294653 20.729258 0.003015
1602075385.459653 20.731693 0.003014
1602075385.591654 20.733287 0.003019
1602075385.723654 20.734696 0.003009
1602075385.822654 20.732123 0.003022
1602075385.954654 20.734349 0.003017
1602075386.053655 20.737308 0.003018
1602075386.152655 20.740041 0.003021
1602075386.251655 20.741345 0.003019
1602075386.350655 20.742603 0.003023
1602075386.449656 20.742632 0.003026
1602075386.548656 20.744329 0.003027
1602075386.647656 20.738650 0.003026
1602075386.746656 20.737398 0.003023
1602075386.812656 20.737585 0.003027
1602075386.878657 20.737516 0.003027
1602075386.977657 20.737094 0.003027
1602075387.043657 20.734125 0.003027
1602075387.109657 20.735065 0.003028
1602075387.175657 20.736206 0.003026
1602075387.241657 20.730399 0.003027
1602075387.307658 20.729677 0.003026
1602075387.373658 20.730205 0.003028
1602075387.439658 20.729015 0.003027
1602075387.505658 20.729154 0.003027
1602075387.571658 20.728986 0.003027
1602075387.637658 20.728956 0.003027
1602075387.703659 20.730799 0.003027
1602075387.769659 20.728914 0.003027
1602075387.868659 20.728738 0.003028
1602075387.967659 20.728587 0.003028
1602075388.066659 20.728512 0.003024
1602075388.165660 20.728715 0.003027
1602075388.264660 20.726835 0.003027
1602075388.363660 20.725366 0.003027
1602075388.462660 20.723790 0.003027
1602075388.561661 20.722454 0.003027
1602075388.660661 20.709874 0.003021
1602075388.759661 20.710811 0.003010
1602075388.858661 20.710576 0.003011
1602075388.990662 20.711757 0.003009
1602075389.089662 20.708065 0.003025
1602075389.188662 20.707845 0.003026
1602075389.287662 20.707809 0.003027
1602075389.386663 20.706113 0.003027
1602075389.485663 20.702604 0.003024
1602075389.584663 20.703319 0.003026
1602075389.650663 20.702546 0.003026
1602075389.716664 20.702422 0.003023
1602075389.782664 20.702729 0.003025
1602075389.848664 20.702623 0.003022
1602075389.914664 20.702045 0.003027
1602075389.980664 20.702232 0.003026
1602075390.046664 20.701955 0.003027
1602075390.112664 20.701325 0.003026
1602075390.178664 20.701399 0.003026
1602075390.244665 20.700404 0.003024
1602075390.343665 20.700516 0.003026
1602075390.442665 20.700431 0.003027
1602075390.541665 20.701220 0.003026
1602075390.640666 20.709172 0.003017
1602075390.739666 20.709077 0.003015
1602075390.838666 20.709686 0.003016
1602075390.937666 20.709842 0.003025
1602075391.036667 20.708854 0.003023
1602075391.135667 20.709272 0.003025
1602075391.201667 20.709850 0.003026
1602075391.300667 20.708675 0.003019
1602075391.366667 20.708594 0.003026
1602075391.432667 20.709363 0.003026
1602075391.498667 20.710679 0.003026
1602075391.564668 20.711179 0.003025
1602075391.630668 20.710766 0.003024
1602075391.696668 20.711316 0.003023
1602075391.762668 20.711580 0.003026
1602075391.828668 20.712472 0.003026
1602075391.894669 20.713339 0.003011
1602075391.960669 20.714461 0.003023
1602075392.026669 20.713773 0.003025
1602075392.092669 20.714756 0.003025
1602075392.158669 20.714429 0.003024
1602075392.224669 20.713412 0.003023
1602075392.290670 20.713705 0.003026
1602075392.389670 20.714538 0.003026
1602075392.455670 20.714025 0.003025
1602075392.521670 20.714518 0.003026
1602075392.587670 20.714666 0.003023
1602075392.653670 20.714831 0.003018
1602075392.719671 20.713712 0.003021
1602075392.785671 20.715941 0.003025
1602075392.851671 20.714601 0.003025
1602075392.917671 20.714972 0.003023
1602075392.983671 20.715866 0.003026
1602075393.082671 20.717534 0.003026
1602075393.148671 20.715581 0.003017
1602075393.214672 20.715703 0.003023
1602075393.280672 20.714449 0.003025
1602075393.346672 20.713640 0.003026
1602075393.412672 20.712615 0.003022
1602075393.478672 20.711866 0.003024
1602075393.544672 20.711402 0.003021
1602075393.610673 20.711583 0.003025
1602075393.676673 20.709359 0.003025
1602075393.775673 20.708661 0.003025
1602075393.874673 20.707959 0.003023
1602075393.940674 20.706390 0.003020
1602075394.039674 20.707566 0.003017
1602075394.105674 20.705398 0.003025
1602075394.171674 20.705021 0.003025
1602075394.237674 20.704412 0.003025
1602075394.336674 20.704802 0.003024
1602075394.435675 20.703249 0.003019
1602075394.534675 20.701322 0.003022
1602075394.600675 20.700493 0.003024
1602075394.666675 20.700679 0.003024
1602075394.732675 20.699236 0.003024
1602075394.798676 20.699351 0.003025
1602075394.864676 20.698119 0.003022
1602075394.963676 20.697830 0.003019
1602075395.029676 20.697212 0.003024
1602075395.095676 20.697094 0.003023
1602075395.161676 20.696422 0.003011
1602075395.227676 20.697076 0.003023
1602075395.293677 20.696109 0.003023
1602075395.359677 20.695284 0.003023
1602075395.425677 20.696024 0.003021
1602075395.491677 20.694551 0.003024
1602075395.590677 20.694798 0.003024
1602075395.656678 20.694718 0.003024
1602075395.722678 20.694048 0.003024
1602075395.788678 20.693304 0.003023
1602075395.854678 20.693619 0.003024
1602075395.920678 20.693109 0.003024
1602075395.986678 20.692631 0.003023
1602075396.085679 20.694077 0.003024
1602075396.151679 20.692573 0.003024
1602075396.217679 20.693266 0.003024
1602075396.283679 20.693492 0.003024
1602075396.349679 20.693548 0.003023
1602075396.415679 20.692932 0.003023
1602075396.481679 20.692994 0.003023
1602075396.547680 20.693073 0.003022
1602075396.613680 20.692772 0.003024
1602075396.712680 20.693539 0.003023
1602075396.778680 20.693095 0.003023
1602075396.877680 20.689703 0.003023
1602075396.976681 20.691547 0.003023
1602075397.075681 20.691207 0.003023
1602075397.174681 20.692129 0.003021
1602075397.273681 20.692841 0.003023
1602075397.372682 20.691576 0.003022
1602075397.471682 20.690969 0.003022
1602075397.537682 20.691042 0.003021
1602075397.603682 20.690782 0.003016
1602075397.669683 20.691396 0.003023
1602075397.735682 20.690420 0.003022
1602075397.801683 20.690710 0.003021
1602075397.900683 20.690018 0.003023
1602075397.966683 20.689606 0.003019
1602075398.065683 20.690000 0.003021
1602075398.131683 20.690019 0.003022
1602075398.197684 20.690655 0.003022
1602075398.263684 20.690199 0.003022
1602075398.329684 20.690748 0.003020
1602075398.395684 20.689977 0.003019
1602075398.461684 20.690043 0.003022
1602075398.527684 20.689566 0.003022
1602075398.593684 20.689612 0.003021
1602075398.692685 20.690402 0.003022
1602075398.791685 20.690181 0.003021
1602075398.890685 20.689865 0.003019
1602075398.989685 20.691434 0.003021
1602075399.088686 20.689823 0.003021
1602075399.187686 20.690151 0.003022
1602075399.352686 20.691044 0.003022
1602075399.517687 20.691261 0.003021
1602075399.715687 20.692388 0.003021
1602075399.880687 20.694127 0.003020
1602075400.045688 20.696936 0.003022
1602075400.177688 20.693187 0.003007
1602075400.309688 20.694073 0.003019
1602075400.441689 20.693944 0.003020
1602075400.606689 20.693193 0.003022
1602075400.738689 20.693766 0.003019
1602075400.870690 20.694070 0.003021
1602075401.035690 20.693581 0.003022
1602075401.167691 20.693329 0.003021
1602075401.266690 20.692500 0.003022
1602075401.365691 20.694660 0.003021
1602075401.464691 20.693999 0.003017
1602075401.563691 20.694796 0.003018
1602075401.662692 20.695653 0.003011
1602075401.761692 20.695308 0.003015
1602075401.860692 20.694615 0.003014
1602075401.959692 20.695423 0.003020
1602075402.058693 20.696058 0.003015
1602075402.157693 20.696178 0.003017
1602075402.256693 20.697329 0.003017
1602075402.355693 20.698191 0.003021
1602075402.421693 20.698782 0.003021
1602075402.520694 20.698256 0.003020
1602075402.619694 20.697694 0.003019
1602075402.718694 20.697985 0.003019
1602075402.817694 20.698544 0.003019
1602075402.883695 20.698794 0.003021
1602075402.982695 20.698123 0.003020
1602075403.048695 20.695615 0.003019
1602075403.147695 20.696787 0.003021
1602075403.246696 20.694953 0.003020
1602075403.345695 20.696107 0.003020
1602075403.444696 20.696345 0.003020
1602075403.543696 20.695027 0.003020
1602075403.642696 20.694926 0.003021
1602075403.708696 20.694913 0.003020
1602075403.807697 20.695914 0.003020
1602075403.873697 20.696231 0.003020
1602075403.972697 20.696505 0.003020
1602075404.038697 20.696547 0.003020
1602075404.137697 20.696796 0.003020
1602075404.203698 20.696958 0.003020
1602075404.302698 20.696921 0.003020
1602075404.401698 20.696950 0.003020
1602075404.500698 20.697319 0.003020
1602075404.599699 20.696997 0.003020
1602075404.698699 20.696406 0.003019
1602075404.797699 20.695986 0.003019
1602075404.863699 20.695484 0.003020
1602075404.962699 20.694953 0.003018
1602075405.061700 20.694434 0.003019
1602075405.127700 20.694460 0.003019
1602075405.193700 20.694683 0.003019
1602075405.259700 20.693790 0.003019
1602075405.325700 20.694216 0.003019
1602075405.424700 20.694191 0.003019
1602075405.490700 20.693904 0.003019
1602075405.556701 20.693652 0.003019
1602075405.655701 20.693653 0.003018
1602075405.754701 20.693806 0.003018
1602075405.853702 20.693302 0.003019
1602075405.985702 20.692932 0.003018
1602075406.117702 20.692890 0.003018
1602075406.216702 20.692859 0.003018
1602075406.315702 20.693226 0.003018
1602075406.414703 20.692871 0.003018
1602075406.513703 20.693038 0.003018
1602075406.612704 20.693235 0.003018
1602075406.711704 20.693022 0.003015
1602075406.810704 20.692639 0.003016
1602075406.909704 20.692090 0.003017
1602075407.008704 20.691858 0.003017
1602075407.107705 20.690472 0.003017
1602075407.206705 20.690020 0.003017
1602075407.305705 20.689329 0.003017
1602075407.404705 20.690469 0.003015
1602075407.503705 20.692536 0.003016
1602075407.569705 20.692033 0.003016
1602075407.635706 20.690635 0.003016
1602075407.701706 20.689959 0.003016
1602075407.767706 20.689507 0.003016
1602075407.866706 20.688887 0.003011
1602075407.965707 20.688525 0.003015
1602075408.064707 20.687349 0.003016
1602075408.130707 20.689109 0.003016
1602075408.196707 20.687737 0.003016
1602075408.262707 20.687720 0.003016
1602075408.361707 20.688527 0.003015
1602075408.460708 20.689669 0.003015
1602075408.559708 20.689542 0.003015
1602075408.658708 20.689305 0.003015
1602075408.757708 20.688166 0.003011
1602075408.856709 20.686533 0.003004
1602075408.955709 20.684802 0.003014
1602075409.054709 20.683902 0.003015
1602075409.153710 20.683677 0.003013
1602075409.252710 20.683251 0.003014
1602075409.384710 20.683260 0.003014
1602075409.483710 20.682353 0.003014
1602075409.582711 20.683493 0.003014
1602075409.648711 20.682769 0.003011
1602075409.714711 20.682694 0.003013
1602075409.813711 20.682357 0.003014
1602075409.912711 20.682304 0.003014
1602075410.011712 20.682053 0.003013
1602075410.110712 20.681823 0.003014
1602075410.209712 20.680659 0.003014
1602075410.275712 20.679649 0.003014
1602075410.374712 20.678849 0.003014
1602075410.473713 20.678110 0.003014
1602075410.572713 20.678217 0.003014
1602075410.671713 20.677666 0.003014
1602075410.770713 20.678530 0.003014
1602075410.836714 20.678168 0.003014
1602075410.902714 20.677519 0.003014
1602075410.968714 20.677247 0.003014
1602075411.034714 20.677108 0.003013
1602075411.100714 20.676634 0.003014
1602075411.166714 20.675214 0.003013
1602075411.265714 20.672983 0.003014
1602075411.331715 20.676643 0.003014
1602075411.397715 20.677492 0.003014
1602075411.463715 20.678001 0.003013
1602075411.529715 20.676553 0.003013
1602075411.628715 20.677469 0.003014
1602075411.727715 20.677798 0.003013
1602075411.826716 20.678346 0.003013
1602075411.925716 20.678183 0.003011
1602075412.024716 20.677602 0.003012
1602075412.123717 20.676573 0.003013
1602075412.222717 20.676094 0.003012
1602075412.354717 20.674726 0.003014
1602075412.486717 20.675597 0.003013
1602075412.585718 20.672958 0.003012
1602075412.684718 20.674447 0.003013
1602075412.783718 20.674913 0.003013
1602075412.948719 20.674072 0.003013
1602075413.113719 20.673251 0.003012
1602075413.311719 20.672340 0.003013
1602075413.476720 20.672042 0.003013
1602075413.641720 20.671469 0.003014
1602075413.773720 20.671033 0.003013
1602075413.938721 20.670406 0.003013
1602075414.103721 20.672481 0.003013
1602075414.268722 20.673199 0.003013
1602075414.433722 20.675052 0.003013
1602075414.565722 20.675578 0.003013
1602075414.697723 20.675652 0.003013
1602075414.796723 20.675604 0.003013
1602075414.895723 20.675599 0.003013
1602075415.027723 20.675527 0.003013
1602075415.159724 20.675594 0.003012
1602075415.291724 20.677662 0.003013
1602075415.390724 20.675429 0.003013
1602075415.489724 20.677618 0.003013
1602075415.588725 20.675832 0.003013
1602075415.687725 20.675550 0.003013
1602075415.786725 20.675814 0.003012
1602075415.885725 20.675398 0.003012
1602075415.951725 20.675974 0.003013
1602075416.017726 20.676754 0.003013
1602075416.083726 20.677151 0.003013
1602075416.149726 20.676880 0.003013
1602075416.215726 20.677243 0.003013
1602075416.281726 20.677019 0.003013
1602075416.347727 20.676729 0.003013
1602075416.413727 20.677223 0.003012
1602075416.479727 20.677351 0.003012
1602075416.545727 20.676360 0.003012
1602075416.611727 20.677035 0.003011
1602075416.677727 20.676340 0.003012
1602075416.743727 20.675910 0.003013
1602075416.809727 20.677676 0.003013
1602075416.875728 20.677921 0.003013
1602075416.941728 20.677554 0.003013
1602075417.007728 20.678893 0.003013
1602075417.073728 20.676582 0.003013
1602075417.139728 20.677346 0.003013
1602075417.205729 20.677392 0.003013
1602075417.271729 20.677515 0.003013
1602075417.370729 20.677674 0.003013
1602075417.469729 20.677675 0.003013
1602075417.568729 20.677718 0.003013
1602075417.667730 20.677952 0.003013
1602075417.766730 20.677883 0.003013
1602075417.832730 20.677981 0.003013
1602075417.898730 20.678469 0.003013
1602075417.964730 20.678349 0.003013
1602075418.030730 20.678554 0.003013
1602075418.096731 20.678548 0.003013
1602075418.162731 20.678844 0.003013
1602075418.261731 20.679117 0.003011
1602075418.360731 20.679168 0.003012
1602075418.459731 20.679661 0.003013
1602075418.591732 20.679451 0.003013
1602075418.690732 20.678792 0.003012
1602075418.822732 20.679293 0.003013
1602075418.954733 20.682101 0.003013
1602075419.086733 20.680744 0.003013
1602075419.218733 20.681476 0.003012
1602075419.350734 20.681317 0.003012
1602075419.482734 20.681527 0.003012
1602075419.581734 20.681490 0.003012
1602075419.680734 20.681144 0.003013
1602075419.779735 20.680751 0.003013
1602075419.878735 20.680848 0.003013
1602075419.977735 20.680275 0.003013
1602075420.076735 20.680326 0.003013
1602075420.175736 20.680065 0.003012
1602075420.274736 20.680023 0.003013
1602075420.406736 20.679760 0.003013
1602075420.538737 20.679204 0.003013
1602075420.670737 20.678827 0.003013
1602075420.769737 20.678508 0.003012
1602075420.868737 20.677422 0.003013
1602075420.967738 20.677367 0.003013
1602075421.066738 20.676903 0.003013
1602075421.165738 20.676319 0.003010
1602075421.231738 20.675657 0.003011
1602075421.297739 20.675846 0.003012
1602075421.363739 20.675468 0.003012
1602075421.429739 20.674767 0.003012
1602075421.495739 20.674729 0.003010
1602075421.561739 20.674259 0.003012
1602075421.627739 20.673937 0.003011
1602075421.693739 20.673544 0.003012
1602075421.759739 20.672857 0.003012
1602075421.858740 20.672758 0.003013
1602075421.957740 20.671898 0.003013
1602075422.056740 20.672311 0.003012
1602075422.188740 20.671523 0.003012
1602075422.353741 20.671112 0.003013
1602075422.518741 20.670099 0.003012
1602075422.650742 20.670826 0.003012
1602075422.782742 20.670878 0.003012
1602075422.914742 20.670441 0.003012
1602075423.079742 20.671390 0.003013
1602075423.211743 20.672165 0.003013
1602075423.343743 20.672818 0.003013
1602075423.442744 20.673873 0.003012
1602075423.541744 20.675616 0.003011
1602075423.640744 20.677006 0.003012
1602075423.739744 20.679075 0.003012
1602075423.838744 20.677719 0.003010
1602075423.937745 20.675815 0.003012
1602075424.036745 20.674553 0.003012
1602075424.135745 20.674789 0.003013
1602075424.267745 20.675212 0.003013
1602075424.366746 20.674149 0.003011
1602075424.465746 20.674885 0.003012
1602075424.597746 20.676061 0.003012
1602075424.696747 20.674127 0.003012
1602075424.795747 20.674279 0.003012
1602075424.927747 20.675413 0.003012
1602075425.059747 20.674521 0.003011
1602075425.191748 20.674171 0.003011
1602075425.323748 20.672089 0.003012
1602075425.488748 20.672372 0.003012
1602075425.719749 20.672609 0.003011
1602075425.983750 20.671613 0.003011
1602075426.280750 20.670042 0.003012
1602075426.544751 20.671147 0.003012
1602075426.841751 20.672428 0.003012
1602075427.105752 20.672343 0.003012
1602075427.336752 20.670956 0.003012
1602075427.567753 20.672421 0.003013
1602075427.732754 20.673170 0.003012
1602075427.897754 20.674012 0.003012
1602075428.029754 20.674894 0.003011
1602075428.161754 20.676854 0.003012
1602075428.293755 20.677363 0.003010
1602075428.392755 20.676036 0.003012
1602075428.491755 20.674621 0.003012
1602075428.590756 20.674549 0.003013
1602075428.689756 20.676945 0.003011
1602075428.788756 20.676342 0.003011
1602075428.887756 20.679819 0.003011
1602075428.986756 20.683574 0.003012
1602075429.085757 20.683035 0.003012
1602075429.184757 20.680456 0.003012
1602075429.283757 20.676250 0.003012
1602075429.382757 20.674174 0.003012
1602075429.481758 20.676019 0.003012
1602075429.580758 20.679273 0.003012
1602075429.679758 20.681354 0.003012
1602075429.778758 20.683227 0.003011
1602075429.877759 20.682676 0.003012
1602075429.976759 20.683972 0.003011
1602075430.075759 20.687394 0.003012
1602075430.174759 20.681012 0.003011
1602075430.273760 20.679112 0.003011
1602075430.372760 20.677826 0.003012
1602075430.504760 20.682160 0.003011
1602075430.636760 20.687294 0.003012
1602075430.768761 20.684817 0.003011
1602075430.900761 20.686397 0.003011
1602075430.999761 20.687829 0.003011
1602075431.098762 20.687560 0.003011
1602075431.197762 20.690262 0.003011
1602075431.296762 20.690585 0.003011
1602075431.395762 20.691747 0.003011
1602075431.494762 20.693469 0.003011
1602075431.593763 20.693098 0.003011
1602075431.692763 20.696275 0.003003
1602075431.791763 20.694628 0.003010
1602075431.890763 20.694915 0.003008
1602075431.989763 20.697132 0.003011
1602075432.088764 20.697025 0.003011
1602075432.187764 20.697528 0.003010
1602075432.286764 20.698903 0.003011
1602075432.385765 20.697562 0.003010
1602075432.517765 20.698662 0.003011
1602075432.649765 20.698036 0.003010
1602075432.748765 20.697703 0.003009
1602075432.847765 20.696754 0.003010
1602075432.946766 20.697866 0.003010
1602075433.045766 20.699312 0.003010
1602075433.144766 20.697877 0.003010
1602075433.210766 20.697464 0.003010
1602075433.309767 20.697503 0.003010
1602075433.408767 20.697623 0.003010
1602075433.507767 20.697456 0.003010
1602075433.606767 20.697621 0.003010
1602075433.705768 20.696697 0.003010
1602075433.804768 20.696748 0.003009
1602075433.903768 20.697456 0.003010
1602075434.002768 20.697312 0.003010
1602075434.101769 20.697674 0.003010
1602075434.200769 20.697777 0.003009
1602075434.332769 20.699375 0.003009
1602075434.431769 20.697613 0.003009
1602075434.530770 20.697171 0.003009
1602075434.629770 20.697566 0.003008
1602075434.695770 20.696503 0.003009
1602075434.761770 20.696976 0.003009
1602075434.827770 20.697382 0.003008
1602075434.893770 20.697755 0.003009
1602075434.959771 20.698312 0.003008
1602075435.025771 20.698706 0.003009
1602075435.091771 20.697794 0.003006
1602075435.190771 20.697475 0.003008
1602075435.289772 20.698106 0.003008
1602075435.355772 20.697197 0.003007
1602075435.421772 20.696385 0.003008
1602075435.487772 20.697527 0.003008
1602075435.553772 20.697131 0.003006
1602075435.619772 20.697744 0.003008
1602075435.685772 20.697103 0.003008
1602075435.751772 20.697351 0.003009
1602075435.817773 20.697783 0.003008
1602075435.916773 20.697610 0.003008
1602075435.982773 20.696547 0.003008
1602075436.081773 20.697743 0.003007
1602075436.180774 20.696439 0.003006
1602075436.246774 20.696590 0.003005
1602075436.345774 20.696246 0.003001
1602075436.411774 20.696738 0.003003
1602075436.510774 20.696966 0.003008
1602075436.576774 20.696859 0.003007
1602075436.642775 20.695759 0.003007
1602075436.741775 20.696252 0.003008
1602075436.840775 20.695918 0.003008
1602075436.906775 20.695743 0.003007
1602075436.972775 20.695984 0.003008
1602075437.038775 20.694719 0.003008
1602075437.104776 20.695117 0.003008
1602075437.170776 20.695794 0.003007
1602075437.236776 20.695405 0.003008
1602075437.302776 20.695398 0.003008
1602075437.368777 20.696080 0.003008
1602075437.434777 20.695234 0.003008
1602075437.533777 20.695223 0.003008
1602075437.632777 20.695935 0.003008
1602075437.731777 20.695896 0.003007
1602075437.830777 20.692675 0.003008
1602075437.929778 20.693259 0.003008
1602075438.028778 20.694627 0.003007
1602075438.127778 20.691949 0.003008
1602075438.226778 20.694402 0.003006
1602075438.325779 20.694663 0.003008
1602075438.391779 20.695740 0.003005
1602075438.457779 20.695729 0.003007
1602075438.523779 20.695046 0.003007
1602075438.589779 20.695174 0.003008
1602075438.655779 20.695365 0.003006
1602075438.721779 20.695025 0.003006
1602075438.787780 20.693877 0.003007
1602075438.853780 20.693910 0.003006
1602075438.919780 20.693980 0.003007
1602075438.985780 20.694031 0.003005
1602075439.051780 20.693593 0.003008
1602075439.117780 20.693622 0.003008
1602075439.183781 20.693553 0.003008
1602075439.249781 20.693484 0.003007
1602075439.315781 20.693797 0.003007
1602075439.381781 20.694005 0.003008
1602075439.447781 20.694487 0.003008
1602075439.513782 20.694053 0.003008
1602075439.579782 20.693825 0.003007
1602075439.645782 20.694138 0.003008
1602075439.711782 20.694091 0.003005
1602075439.777782 20.694400 0.003008
1602075439.876782 20.694188 0.003006
1602075440.041783 20.694315 0.003008
1602075440.206783 20.693784 0.003007
1602075440.338784 20.694646 0.003007
1602075440.470784 20.694896 0.003006
1602075440.569784 20.694687 0.003007
1602075440.668784 20.694955 0.003007
1602075440.767784 20.695599 0.003007
1602075440.866785 20.696050 0.003005
1602075440.932785 20.697204 0.003007
1602075440.998785 20.696940 0.003007
1602075441.064785 20.696989 0.003007
1602075441.130785 20.697752 0.003007
1602075441.229786 20.698724 0.003007
1602075441.328786 20.700088 0.003007
1602075441.427786 20.702064 0.003007
1602075441.526786 20.701051 0.003007
1602075441.625787 20.701722 0.003005
1602075441.724787 20.705384 0.003006
1602075441.823787 20.706495 0.003006
1602075441.922787 20.707899 0.003006
1602075442.021787 20.707719 0.003005
1602075442.120788 20.708936 0.003006
1602075442.252788 20.711722 0.003007
1602075442.384788 20.713768 0.003005
1602075442.516789 20.717522 0.003006
1602075442.648789 20.717650 0.003006
1602075442.780789 20.722477 0.003007
1602075442.912790 20.725213 0.003004
1602075443.044790 20.723976 0.003007
1602075443.209790 20.727124 0.003007
1602075443.341790 20.719464 0.003005
