DelayedMarginalization 0.00143457 8.74446e-07 0.00873038 1911
DelayedMarginalizationOnly 0.000693676 4.92679e-07 0.00689581 1911
EF-marginalizeFrame 0.00182417 9.33855e-07 0.00962434 1911
FullSystem::trackNewCoarse 0.00661653 2.18061e-05 0.037753 6169
FullSystem::trackNewCoarseNoIMU 0.00192113 1.08999e-06 0.00677498 111
FullSystemOptimize 0.151387 0.00032481 0.223931 1917
GraphUnrolling 0.0202073 0.000146509 0.04696 16
IMUInitAddPose 3.44563e-05 2.67993e-09 0.00106066 1917
IMUInitOptimize 0.00746522 9.31594e-06 0.0116742 7
IMUIntegration::finishKeyframeOperations 4.93757e-05 1.66759e-09 0.00140792 1905
InitializerFirstFrame 0.0241482 -nan 0.0241482 1
InitializerOtherFrames 0.0338911 0.000303314 0.0862943 90
MainMarginalization 0.00162934 8.83663e-07 0.00891845 1911
MarginalizationReplacementBuildGraph 0.000946099 1.36704e-07 0.00181678 15
MarginalizationReplacementReplaceGraph 0.0211884 0.000147296 0.0471258 15
MarginalizeMainGraph 0.000739835 2.67972e-07 0.004897 1911
PGBA 0.0108654 -nan 0.0108654 1
PGBAFull 0.0012193 9.29283e-06 0.0126437 16
PrepareGraphForMainOptimization 0.0203618 0.000147248 0.0470885 16
VisualMarginalization 2.75281e-05 2.37767e-09 0.00111805 1911
activatePointsMT 0.00449282 4.14031e-06 0.0145352 1917
addActiveFrame 0.0652271 0.00628554 0.256735 6371
addIMUData 0.00102577 1.22641e-06 0.016975 6169
addIMUDataToBA 0.000110629 9.82998e-09 0.00188227 6370
addKeyframeToBA 5.14589e-05 5.6279e-10 0.000686467 1917
afterCoarseTracking 3.85781e-07 9.41629e-11 0.000769188 6280
baIteration 0.0245678 3.27969e-05 0.0681861 11034
baMatrixInversion 0.000171668 7.25798e-09 0.00226511 11034
baUpdateBuildHessians 0.000604063 3.56479e-07 0.0116922 11034
coarseTrackingIteration 0.000590739 9.241e-07 0.0222352 55565
computeBAUpdate 0.000877788 3.72544e-07 0.0119707 11034
computeCoarseUpdate 0.000320772 5.60349e-07 0.0205174 54788
computeFactorForCoarseGraphAndMarginalCovariances 0.00234038 6.9097e-07 0.0109579 1905
convertHAndBFromDSO 0.000104546 2.76514e-09 0.00198437 18678
debugPlot 1.10579e-07 2.29985e-13 1.558e-05 1917
debugPlotIDepthMap 4.5276e-07 9.2838e-12 0.000133606 1917
debugPlotIDepthMapFloat 3.42488e-08 1.14327e-15 1.293e-06 1917
deliverTrackedFrame 0.0566242 0.00637663 0.249903 6281
flagFramesForMarginalization 2.02806e-06 5.86682e-13 1.1202e-05 1917
fullCoarseTracking 0.00785001 2.42381e-05 0.0388111 6280
initObjectsAndMakeImage 0.00117558 9.2453e-08 0.00408838 6371
makeKeyframe 0.176006 0.000343686 0.249896 1917
makeKeyframeChangeTrackingRef 0.00193456 8.50444e-08 0.00398413 1917
makeNewTraces 0.00367055 1.74663e-07 0.00602597 1917
makeNonKeyframe 0.00407665 1.93661e-06 0.00838109 4364
marginalizeAndRemovePoints 0.00372132 8.36277e-07 0.00795517 1917
marginalizeFrame 0.00370435 1.2211e-06 0.0118696 1911
marginalizeFrameOverhead 0.00187617 1.75002e-07 0.00406623 1911
marginalizeFrames 0.00370772 1.2634e-06 0.011887 1917
newFrameAndNewResidualsForOldPoints 0.00100945 7.04587e-08 0.00282252 1917
printBiases 9.4773e-06 2.59837e-10 0.000231348 1917
printEigenValLine 1.51199e-07 1.57608e-15 9.81e-07 1917
printLogLine 0.00014262 7.20879e-08 0.00258882 1917
publishInMakeKeyframe 1.60722e-07 7.19734e-15 1.333e-06 1917
removeOutliers 0.000175387 5.70091e-09 0.00202961 1917
swapTrackingRef 0.000171875 1.02319e-07 0.00395864 1917
timeMeasurement 1.52364e-06 7.01187e-12 0.000118966 6371
traceNewCoarse 0.00368277 1.78479e-06 0.00836989 6281
updateBAValues 1.11975e-05 1.3855e-10 0.00128449 20454
zero 1.35496e-07 2.11686e-12 0.000115629 6371
