EF-marginalizeFrame 0.000114371 3.66329e-09 0.0013299 2006
FullSystem::trackNewCoarseNoIMU 0.00266457 3.21182e-06 0.0941046 7065
FullSystemOptimize 0.147092 0.000218243 0.297047 2012
IMUInitAddPose 1.6431e-05 -nan 1.6431e-05 1
InitializerFirstFrame 0.0269842 -nan 0.0269842 1
InitializerOtherFrames 0.0293264 0.000208653 0.07921 119
VisualMarginalization 3.24911e-05 4.58082e-10 0.000612705 2006
activatePointsMT 0.0043823 3.84779e-06 0.0224082 2012
addActiveFrame 0.0530575 0.00531984 0.339892 7185
afterCoarseTracking 2.74354e-07 4.1955e-14 1.3966e-05 7065
baIteration 0.022898 3.66337e-05 0.076584 12090
coarseTrackingIteration 0.000160626 3.76311e-08 0.00465626 77287
debugPlot 9.95999e-08 3.84892e-15 7.31e-07 2012
debugPlotIDepthMap 4.28273e-07 3.60193e-14 3.186e-06 2012
debugPlotIDepthMapFloat 4.14578e-08 7.24063e-16 3.51e-07 2012
deliverTrackedFrame 0.0496785 0.00539351 0.308623 7066
flagFramesForMarginalization 1.89402e-06 8.21917e-12 0.000123341 2012
fullCoarseTracking 0.00267196 3.21887e-06 0.0941097 7065
initObjectsAndMakeImage 0.0010788 1.07734e-07 0.00474268 7185
makeKeyframe 0.165356 0.000221571 0.308617 2012
makeKeyframeChangeTrackingRef 0.00176325 5.98114e-08 0.00434999 2012
makeNewTraces 0.0033813 1.48924e-07 0.006223 2012
makeNonKeyframe 0.00360339 1.64174e-06 0.0104274 5054
marginalizeAndRemovePoints 0.00328823 7.56786e-07 0.00662841 2012
marginalizeFrame 0.00161496 1.28273e-07 0.00371858 2006
marginalizeFrameOverhead 0.00149715 1.07834e-07 0.00352455 2006
marginalizeFrames 0.00161119 1.35813e-07 0.00371981 2012
newFrameAndNewResidualsForOldPoints 0.000901669 3.67321e-08 0.00284721 2012
printEigenValLine 1.55429e-07 2.58714e-15 1.483e-06 2012
printLogLine 0.000144694 5.06153e-08 0.00265514 2012
publishInMakeKeyframe 2.27367e-07 5.00448e-12 9.9968e-05 2012
removeOutliers 0.000144859 3.97153e-09 0.00157806 2012
swapTrackingRef 4.25322e-07 1.6954e-13 1.4288e-05 2012
timeMeasurement 1.79453e-06 1.17206e-11 0.00017015 7185
traceNewCoarse 0.00327672 1.49158e-06 0.0104138 7066
zero 1.3341e-07 9.11783e-15 1.734e-06 7185
