1586247649.167049 15.548306 0.249258
1586247649.398049 15.564133 0.213202
1586247649.596050 15.575294 0.187100
1586247649.761050 15.592650 0.169340
1586247649.959050 15.582101 0.154676
1586247650.157051 15.576062 0.142011
1586247650.355052 15.579967 0.132315
1586247650.553052 15.583902 0.122561
1586247650.718052 15.586077 0.115386
1586247650.883053 15.591879 0.109942
1586247651.048053 15.585633 0.104257
1586247651.213053 15.586312 0.099664
1586247651.345054 15.579033 0.096159
1586247651.477054 15.573147 0.092544
1586247651.609055 15.573012 0.089553
1586247651.774055 15.578240 0.086106
1586247651.939055 15.583340 0.082721
1586247652.104056 15.577853 0.079458
1586247652.269056 15.584570 0.076567
1586247652.401056 15.594788 0.074534
1586247652.533057 15.596341 0.072106
1586247652.698057 15.599608 0.069567
1586247652.863057 15.616523 0.067739
1586247653.028058 15.606197 0.066164
1586247653.160058 15.612882 0.064717
1586247653.325058 15.612629 0.063211
1586247653.457059 15.618708 0.061965
1586247653.589059 15.628296 0.060923
1586247653.721059 15.628022 0.060122
1586247653.853060 15.625579 0.059074
1586247654.018060 15.644767 0.057932
1586247654.183060 15.646833 0.056617
1586247654.315061 15.640254 0.055672
1586247654.447061 15.646976 0.054917
1586247654.579062 15.661663 0.054531
1586247654.744062 15.650835 0.053372
1586247654.876062 15.645196 0.052496
1586247655.008062 15.649902 0.051787
1586247655.140063 15.665880 0.051251
1586247655.272063 15.656059 0.050479
1586247655.371063 15.662173 0.049886
1586247655.470064 15.676520 0.049377
1586247655.602064 15.675995 0.048822
1586247655.734064 15.678334 0.048421
1586247655.833065 15.671772 0.048067
1586247655.965065 15.661729 0.047516
1586247656.097065 15.660288 0.047072
1586247656.196065 15.666464 0.046687
1586247656.295066 15.670901 0.046356
1586247656.394066 15.662576 0.045984
1586247656.526066 15.677706 0.045686
1586247656.658067 15.670600 0.045133
1586247656.790067 15.663696 0.044634
1586247656.922067 15.670617 0.044156
1586247657.054067 15.666563 0.043754
1586247657.186068 15.662703 0.043429
1586247657.318068 15.667297 0.043092
1586247657.450068 15.663922 0.042633
1586247657.615069 15.661442 0.041986
1586247657.747069 15.667824 0.041585
1586247657.879069 15.666568 0.041159
1586247658.011070 15.681151 0.040797
1586247658.110070 15.693910 0.040635
1586247658.242070 15.665165 0.040402
1586247658.374070 15.665416 0.040045
1586247658.506071 15.669585 0.039725
1586247658.605071 15.662694 0.039412
1586247658.737071 15.659638 0.039090
1586247658.869072 15.659841 0.038805
1586247658.968072 15.655859 0.038615
1586247659.067072 15.645542 0.038408
1586247659.166072 15.657023 0.038304
1586247659.265072 15.649081 0.038063
1586247659.364073 15.654588 0.037858
1586247659.463073 15.653350 0.037638
1586247659.562073 15.655305 0.037566
1586247659.694074 15.658454 0.037393
1586247659.826074 15.654710 0.037186
1586247659.958074 15.654798 0.036997
1586247660.090075 15.650675 0.036782
1586247660.222075 15.649897 0.036604
1586247660.321075 15.660619 0.036496
1586247660.453075 15.670748 0.036322
1586247660.552076 15.668625 0.036184
1586247660.651076 15.664487 0.036048
1586247660.750076 15.665973 0.035908
1586247660.849077 15.668558 0.035764
1586247660.981077 15.661593 0.035546
1586247661.113077 15.661617 0.035274
1586247661.245077 15.652597 0.035042
1586247661.410078 15.651109 0.034765
1586247661.542078 15.654405 0.034509
1586247661.674078 15.657103 0.034270
1586247661.806079 15.637513 0.034020
1586247661.938079 15.648566 0.033849
1586247662.070079 15.653729 0.033749
1586247662.202080 15.654984 0.033517
1586247662.334080 15.646718 0.033244
1586247662.433080 15.644755 0.033052
1586247662.532080 15.648452 0.033039
1586247662.631081 15.643607 0.032857
1586247662.730081 15.646559 0.032725
1586247662.829081 15.645354 0.032550
1586247662.928082 15.647275 0.032422
1586247663.027081 15.658390 0.032310
1586247663.126082 15.659140 0.032257
1586247663.225082 15.653353 0.032105
1586247663.357082 15.646232 0.031881
1586247663.456083 15.647203 0.031717
1586247663.555083 15.649122 0.031606
1586247663.654083 15.648268 0.031481
1586247663.753083 15.654871 0.031369
1586247663.852083 15.648008 0.031312
1586247663.951084 15.651219 0.031244
1586247664.050084 15.651910 0.031122
1586247664.182084 15.650270 0.030884
1586247664.281084 15.657584 0.030728
1586247664.413085 15.655127 0.030523
1586247664.545085 15.648352 0.030376
1586247664.677085 15.647007 0.030252
1586247664.809086 15.643920 0.029996
1586247664.908086 15.654098 0.029843
1586247665.040086 15.653601 0.029640
1586247665.172086 15.646590 0.029349
1586247665.304087 15.650407 0.029028
1586247665.436087 15.650496 0.028723
1586247665.535087 15.651678 0.028624
1586247665.667088 15.650091 0.028336
1586247665.799088 15.646133 0.027873
1586247665.898088 15.647413 0.027527
1586247666.030089 15.646743 0.027099
1586247666.129089 15.655668 0.026842
1586247666.228089 15.654106 0.026656
1586247666.327089 15.655634 0.026404
1586247666.426090 15.654022 0.026128
1586247666.525090 15.649343 0.025811
1586247666.624090 15.656325 0.025719
1586247666.756090 15.660697 0.025460
1586247666.888091 15.665653 0.025201
1586247667.020091 15.657915 0.024946
1586247667.152092 15.655089 0.024701
1586247667.317091 15.656077 0.024472
1586247667.482092 15.652148 0.024332
1586247667.647093 15.651640 0.024208
1586247667.812093 15.652545 0.024098
1586247667.977093 15.655256 0.023996
1586247668.142094 15.650543 0.023917
1586247668.307094 15.649966 0.023852
1586247668.472095 15.653501 0.023812
1586247668.637095 15.669401 0.023753
1586247668.769095 15.668274 0.023722
1586247668.901095 15.672165 0.023688
1586247669.033096 15.674546 0.023693
1586247669.132096 15.669879 0.023652
1586247669.231096 15.667881 0.023676
1586247669.330096 15.668125 0.023675
1586247669.429097 15.668131 0.023670
1586247669.528097 15.670867 0.023662
1586247669.627097 15.673651 0.023621
1586247669.726097 15.672480 0.023632
1586247669.825098 15.672829 0.023631
1586247669.924098 15.671534 0.023616
1586247670.023098 15.669854 0.023609
1586247670.188099 15.670355 0.023581
1586247670.254099 15.672477 0.023574
1586247670.320099 15.670811 0.023545
1586247670.386099 15.671499 0.023515
1586247670.452099 15.671582 0.023513
1586247670.518099 15.668364 0.023496
1586247670.617100 15.667527 0.023479
1586247670.716100 15.666437 0.023458
1586247670.815100 15.661735 0.023385
1586247670.914100 15.657058 0.023369
1586247671.013101 15.654635 0.023315
1586247671.079101 15.656117 0.023321
1586247671.145101 15.656885 0.023306
1586247671.211101 15.654922 0.023290
1586247671.277101 15.653578 0.023254
1586247671.343101 15.653768 0.023239
1586247671.409101 15.654707 0.023222
1586247671.475101 15.656340 0.023192
1586247671.541101 15.657125 0.023200
1586247671.607102 15.655492 0.023166
1586247671.673102 15.655938 0.023152
1586247671.739102 15.655530 0.023118
1586247671.805102 15.654689 0.023097
1586247671.871103 15.655572 0.023075
1586247671.937103 15.654033 0.023056
1586247672.003103 15.651679 0.023018
1586247672.069103 15.654838 0.023006
1586247672.135103 15.657664 0.022967
1586247672.201103 15.659803 0.022966
1586247672.267103 15.661997 0.022955
1586247672.333104 15.662201 0.022952
1586247672.432104 15.662172 0.022923
1586247672.498104 15.664731 0.022881
1586247672.597104 15.664386 0.022862
1586247672.696105 15.659703 0.022842
1586247672.762105 15.658620 0.022806
1586247672.828105 15.658447 0.022830
1586247672.894105 15.656372 0.022824
1586247672.960105 15.654910 0.022816
1586247673.026105 15.657109 0.022803
1586247673.092105 15.658510 0.022754
1586247673.158106 15.657750 0.022733
1586247673.224106 15.657149 0.022718
1586247673.290106 15.656762 0.022733
1586247673.356106 15.659588 0.022740
1586247673.422106 15.659681 0.022761
1586247673.521106 15.656508 0.022764
1586247673.587106 15.654478 0.022745
1586247673.653107 15.651840 0.022723
1586247673.719107 15.649721 0.022698
1586247673.785107 15.646687 0.022716
1586247673.851107 15.648763 0.022721
1586247673.917107 15.648125 0.022728
1586247673.983108 15.646257 0.022737
1586247674.049108 15.647355 0.022718
1586247674.115108 15.644930 0.022706
1586247674.214108 15.643243 0.022693
1586247674.280108 15.640653 0.022687
1586247674.346108 15.639813 0.022674
1586247674.412109 15.637418 0.022670
1586247674.478109 15.637383 0.022602
1586247674.544109 15.633804 0.022600
1586247674.610109 15.630011 0.022531
1586247674.676109 15.626374 0.022557
1586247674.742109 15.624991 0.022382
1586247674.841110 15.621325 0.022403
1586247674.940110 15.614578 0.022333
1586247675.039110 15.611319 0.022285
1586247675.138110 15.605673 0.022214
1586247675.237111 15.600519 0.022145
1586247675.336111 15.597978 0.022076
1586247675.435111 15.596890 0.021960
1586247675.534111 15.589050 0.021913
1586247675.633111 15.583601 0.021836
1586247675.699111 15.580809 0.021821
1586247675.765111 15.581219 0.021795
1586247675.864112 15.578227 0.021726
1586247675.963112 15.574901 0.021620
1586247676.029112 15.576791 0.021558
1586247676.095113 15.571399 0.021395
1586247676.161113 15.563910 0.021378
1586247676.260113 15.556813 0.021256
1586247676.359113 15.553588 0.021150
1586247676.458113 15.548469 0.021069
1586247676.557114 15.549763 0.020951
1586247676.656114 15.551043 0.020902
1586247676.755114 15.547516 0.020821
1586247676.854114 15.545237 0.020758
1586247676.953114 15.551521 0.020680
1586247677.052115 15.557785 0.020601
1586247677.118115 15.551093 0.020582
1586247677.217115 15.546902 0.020476
1586247677.316115 15.548267 0.020411
1586247677.415116 15.551656 0.020323
1586247677.514116 15.550058 0.020202
1586247677.613116 15.555569 0.020111
1586247677.712116 15.559783 0.019998
1586247677.811116 15.566921 0.019886
1586247677.910117 15.573766 0.019762
1586247677.976117 15.577672 0.019682
1586247678.042117 15.582748 0.019599
1586247678.108117 15.587485 0.019469
1586247678.207117 15.594185 0.019277
1586247678.306118 15.607742 0.019101
1586247678.405118 15.615432 0.018899
1586247678.504118 15.629306 0.018735
1586247678.603118 15.637429 0.018587
1586247678.702119 15.651086 0.018427
1586247678.834119 15.661910 0.018169
1586247678.966119 15.679725 0.017938
1586247679.098119 15.688203 0.017700
1586247679.230120 15.693258 0.017430
1586247679.362120 15.695834 0.017137
1586247679.494120 15.693234 0.016860
1586247679.626121 15.708623 0.016621
1586247679.758121 15.718078 0.016390
1586247679.890121 15.728963 0.016169
1586247680.022122 15.738612 0.015926
1586247680.154122 15.747692 0.015676
1586247680.286122 15.752537 0.015419
1586247680.418123 15.761588 0.015177
1586247680.550123 15.759378 0.014957
1586247680.715123 15.763461 0.014677
1586247680.880124 15.772602 0.014415
1586247681.045124 15.777373 0.014154
1586247681.177124 15.781765 0.013968
1586247681.342125 15.785004 0.013741
1586247681.474125 15.791870 0.013586
1586247681.672125 15.794005 0.013362
1586247681.936126 15.802748 0.013111
1586247682.233127 15.810076 0.012873
1586247682.662128 15.816484 0.012604
1586247684.477132 15.834132 0.012213
1586247685.170134 15.834861 0.012209
1586247685.533135 15.834849 0.012192
1586247685.830135 15.833011 0.012172
1586247686.028136 15.831450 0.012158
1586247686.259136 15.830699 0.012129
1586247686.457137 15.829399 0.012114
1586247686.655137 15.828416 0.012093
1586247686.886138 15.827601 0.012063
1586247687.117138 15.827220 0.012035
1586247687.381139 15.825698 0.012002
1586247687.678140 15.823474 0.011961
1586247687.942140 15.821025 0.011927
1586247688.206141 15.818739 0.011904
1586247688.503142 15.815923 0.011874
1586247688.800143 15.814191 0.011843
1586247689.064143 15.813926 0.011817
1586247689.262143 15.811821 0.011805
1586247689.427144 15.810531 0.011783
1586247689.625144 15.807612 0.011765
1586247689.790145 15.807275 0.011767
1586247689.955145 15.807424 0.011745
1586247690.120146 15.807740 0.011746
1586247690.252146 15.806394 0.011731
1586247690.384146 15.806225 0.011730
1586247690.516146 15.804517 0.011725
1586247690.681147 15.801848 0.011713
1586247690.846147 15.800868 0.011701
1586247690.978148 15.801109 0.011685
1586247691.143148 15.801180 0.011687
1586247691.275148 15.800629 0.011672
1586247691.407149 15.800567 0.011655
1586247691.539149 15.800817 0.011629
1586247691.671149 15.799837 0.011602
1586247691.803149 15.798086 0.011592
1586247691.935150 15.795570 0.011509
1586247692.067150 15.794277 0.011540
1586247692.199151 15.793737 0.011500
1586247692.331151 15.794068 0.011488
1586247692.463151 15.794365 0.011467
1586247692.595151 15.792542 0.011432
1586247692.727152 15.790989 0.011375
1586247692.859152 15.790134 0.011383
1586247692.991152 15.790382 0.011337
1586247693.123153 15.790198 0.011318
1586247693.255153 15.790453 0.011296
1586247693.387153 15.789467 0.011244
1586247693.519154 15.788860 0.011230
1586247693.684154 15.783117 0.011138
1586247693.849154 15.782493 0.011131
1586247694.014155 15.780372 0.011090
1586247694.179155 15.779341 0.011053
1586247694.344156 15.778360 0.011007
1586247694.476156 15.778472 0.010962
1586247694.608156 15.779288 0.010950
1586247694.740156 15.778856 0.010878
1586247694.872157 15.776925 0.010914
1586247695.004157 15.775370 0.010890
1586247695.136158 15.775017 0.010864
1586247695.268158 15.774637 0.010829
1586247695.400158 15.773697 0.010815
1586247695.532158 15.773355 0.010795
1586247695.664159 15.772468 0.010781
1586247695.796159 15.772211 0.010747
1586247695.928159 15.771549 0.010736
1586247696.060159 15.770932 0.010725
1586247696.126160 15.771151 0.010715
1586247696.225160 15.770281 0.010711
1586247696.357160 15.769661 0.010690
1586247696.522161 15.769403 0.010677
1586247696.654161 15.769427 0.010665
1586247696.786161 15.769088 0.010655
1586247696.918162 15.768803 0.010638
1586247697.050162 15.768556 0.010629
1586247697.215162 15.768264 0.010609
1586247697.380163 15.768046 0.010606
1586247697.545163 15.767583 0.010577
1586247697.710163 15.767055 0.010573
1586247697.875164 15.767130 0.010570
1586247698.040164 15.766989 0.010566
1586247698.205165 15.767229 0.010556
1586247698.370165 15.766958 0.010553
1586247698.502166 15.766797 0.010547
1586247698.634166 15.766661 0.010544
1586247698.799166 15.766508 0.010538
1586247698.931166 15.766547 0.010525
1586247699.063167 15.766369 0.010502
1586247699.195167 15.766242 0.010511
1586247699.327168 15.765898 0.010519
1586247699.459168 15.764891 0.010511
1586247699.558168 15.764864 0.010485
1586247699.657168 15.764656 0.010510
1586247699.756168 15.764513 0.010503
1586247699.855169 15.763956 0.010500
1586247699.954169 15.763444 0.010502
1586247700.053169 15.763329 0.010499
1586247700.152169 15.763397 0.010500
1586247700.251169 15.763041 0.010493
1586247700.317170 15.762923 0.010490
1586247700.383170 15.762636 0.010460
1586247700.482170 15.762491 0.010478
1586247700.581170 15.761771 0.010482
1586247700.680171 15.762227 0.010476
1586247700.779171 15.760928 0.010473
1586247700.878171 15.761363 0.010485
1586247700.977171 15.761805 0.010480
1586247701.043171 15.761725 0.010479
1586247701.109172 15.761944 0.010476
1586247701.208172 15.762299 0.010481
1586247701.307172 15.762092 0.010479
1586247701.406173 15.761226 0.010458
1586247701.505172 15.760736 0.010466
1586247701.604173 15.760017 0.010475
1586247701.703173 15.759846 0.010465
1586247701.802173 15.760187 0.010474
1586247701.901174 15.759285 0.010457
1586247702.000174 15.759260 0.010469
1586247702.099174 15.758414 0.010467
1586247702.198174 15.757827 0.010446
1586247702.297174 15.757328 0.010465
1586247702.396175 15.757491 0.010465
1586247702.495175 15.757564 0.010467
1586247702.594175 15.758362 0.010457
1586247702.693175 15.757357 0.010463
1586247702.792176 15.756687 0.010465
1586247702.891176 15.756593 0.010462
1586247702.990176 15.756219 0.010464
1586247703.089176 15.756571 0.010464
1586247703.188177 15.756168 0.010453
1586247703.287177 15.754612 0.010438
1586247703.386177 15.754949 0.010446
1586247703.452177 15.754664 0.010442
1586247703.518177 15.755356 0.010426
1586247703.617177 15.754909 0.010461
1586247703.716178 15.754881 0.010458
1586247703.815178 15.755338 0.010460
1586247703.914178 15.755802 0.010459
1586247704.013178 15.755390 0.010458
1586247704.112179 15.755275 0.010449
1586247704.178179 15.755190 0.010454
1586247704.244179 15.754595 0.010456
1586247704.310179 15.754325 0.010453
1586247704.409179 15.754234 0.010456
1586247704.508180 15.753867 0.010452
1586247704.607180 15.753982 0.010453
1586247704.706180 15.753257 0.010457
1586247704.805180 15.753196 0.010455
1586247704.904181 15.752738 0.010456
1586247705.003181 15.752490 0.010444
1586247705.102181 15.752166 0.010445
1586247705.201181 15.752013 0.010453
1586247705.300181 15.752827 0.010455
1586247705.399182 15.752510 0.010452
1586247705.498182 15.753000 0.010454
1586247705.597182 15.752659 0.010453
1586247705.696182 15.752779 0.010454
1586247705.795183 15.752747 0.010453
1586247705.894183 15.752044 0.010445
1586247705.993183 15.752574 0.010452
1586247706.092183 15.752811 0.010454
1586247706.191184 15.753269 0.010448
1586247706.290184 15.753455 0.010433
1586247706.389184 15.753866 0.010453
1586247706.488184 15.753741 0.010451
1586247706.587185 15.753310 0.010449
1586247706.686185 15.752427 0.010452
1586247706.752185 15.752862 0.010429
1586247706.851185 15.753006 0.010434
1586247706.950186 15.752500 0.010435
1586247707.049186 15.752680 0.010447
1586247707.148186 15.752210 0.010451
1586247707.247186 15.751756 0.010452
1586247707.346186 15.753160 0.010452
1586247707.445187 15.753173 0.010453
1586247707.544187 15.753377 0.010441
1586247707.643187 15.753643 0.010435
1586247707.742187 15.753130 0.010448
1586247707.841187 15.753271 0.010449
1586247707.940188 15.753758 0.010442
1586247708.039188 15.753092 0.010444
1586247708.138188 15.752989 0.010446
1586247708.237188 15.754046 0.010401
1586247708.336189 15.754783 0.010451
1586247708.435189 15.754631 0.010449
1586247708.534189 15.752836 0.010437
1586247708.633189 15.753816 0.010448
1586247708.732189 15.754121 0.010448
1586247708.831190 15.755156 0.010436
1586247708.930190 15.755064 0.010437
1586247709.029190 15.753884 0.010441
1586247709.128191 15.753850 0.010410
1586247709.194191 15.753646 0.010438
1586247709.260191 15.753513 0.010443
1586247709.326191 15.752111 0.010383
1586247709.392191 15.752607 0.010424
1586247709.458191 15.752960 0.010448
1586247709.524191 15.752494 0.010450
1586247709.590192 15.752503 0.010399
1586247709.689192 15.751036 0.010447
1586247709.788192 15.751973 0.010422
1586247709.854192 15.751571 0.010450
1586247709.953192 15.752458 0.010428
1586247710.052192 15.752419 0.010445
1586247710.151193 15.753080 0.010422
1586247710.250193 15.753020 0.010442
1586247710.349193 15.751519 0.010401
1586247710.448194 15.752593 0.010444
1586247710.547194 15.753101 0.010381
1586247710.646194 15.750482 0.010399
1586247710.745194 15.749798 0.010435
1586247710.844195 15.750096 0.010443
1586247710.976195 15.748753 0.010443
1586247711.108195 15.748873 0.010437
1586247711.273196 15.749523 0.010382
1586247711.405196 15.749461 0.010441
1586247711.537196 15.748799 0.010437
1586247711.669197 15.747147 0.010419
1586247711.768197 15.750324 0.010428
1586247711.867197 15.750239 0.010431
1586247711.966197 15.750251 0.010448
1586247712.065197 15.750074 0.010422
1586247712.131197 15.749641 0.010422
1586247712.230198 15.749271 0.010444
1586247712.329198 15.749288 0.010444
1586247712.428198 15.748735 0.010449
1586247712.527199 15.747990 0.010447
1586247712.626199 15.748420 0.010422
1586247712.692199 15.747881 0.010383
1586247712.758199 15.747632 0.010373
1586247712.857199 15.746895 0.010444
1586247712.956199 15.746196 0.010445
1586247713.055200 15.747049 0.010438
1586247713.154200 15.746819 0.010439
1586247713.253200 15.745932 0.010440
1586247713.352201 15.746281 0.010441
1586247713.451201 15.745449 0.010450
1586247713.583201 15.745271 0.010447
1586247713.715201 15.745570 0.010439
1586247713.847202 15.747333 0.010406
1586247713.946202 15.745682 0.010442
1586247714.078202 15.745202 0.010446
1586247714.177202 15.745614 0.010427
1586247714.276202 15.745633 0.010435
1586247714.342203 15.745605 0.010398
1586247714.408203 15.745603 0.010437
1586247714.474203 15.745857 0.010427
1586247714.540203 15.746184 0.010450
1586247714.606203 15.745856 0.010439
1586247714.672204 15.745515 0.010447
1586247714.738204 15.745692 0.010436
1586247714.804204 15.745325 0.010439
1586247714.870204 15.745384 0.010449
1586247714.936204 15.745163 0.010442
1586247715.002204 15.745660 0.010444
1586247715.068205 15.746122 0.010450
1586247715.167205 15.746032 0.010443
1586247715.233205 15.745824 0.010425
1586247715.299205 15.745870 0.010448
1586247715.398206 15.746912 0.010423
1586247715.497206 15.746671 0.010447
1586247715.596206 15.745494 0.010434
1586247715.695206 15.744665 0.010446
1586247715.827206 15.746103 0.010445
1586247715.959207 15.746944 0.010445
1586247716.091207 15.746639 0.010433
1586247716.223207 15.746375 0.010440
1586247716.322207 15.746616 0.010407
1586247716.421208 15.746304 0.010450
1586247716.520208 15.747098 0.010438
1586247716.586208 15.747074 0.010450
1586247716.652208 15.746850 0.010448
1586247716.718209 15.746145 0.010375
1586247716.784209 15.746443 0.010433
1586247716.850209 15.746654 0.010447
1586247716.916209 15.746034 0.010448
1586247716.982209 15.746007 0.010450
1586247717.048209 15.746125 0.010436
1586247717.114210 15.746897 0.010376
1586247717.213210 15.746672 0.010435
1586247717.312210 15.745823 0.010421
1586247717.411210 15.745629 0.010406
1586247717.510210 15.745704 0.010418
1586247717.609211 15.745480 0.010393
1586247717.708211 15.743136 0.010428
1586247717.807211 15.742303 0.010428
1586247717.906211 15.744631 0.010410
1586247718.005212 15.743869 0.010406
1586247718.137212 15.743716 0.010439
1586247718.269212 15.742471 0.010444
1586247718.401212 15.741317 0.010429
1586247718.533213 15.741295 0.010406
1586247718.632213 15.739426 0.010419
1586247718.731213 15.738675 0.010418
1586247718.830214 15.738914 0.010449
1586247718.929214 15.738844 0.010445
1586247719.028214 15.738000 0.010449
1586247719.094214 15.739155 0.010416
1586247719.160214 15.739659 0.010415
1586247719.259215 15.740301 0.010421
1586247719.325215 15.740094 0.010442
1586247719.424215 15.739504 0.010439
1586247719.523215 15.739274 0.010445
1586247719.589216 15.740744 0.010430
1586247719.655216 15.742380 0.010440
1586247719.721216 15.742660 0.010399
1586247719.820216 15.744146 0.010439
1586247719.886216 15.746109 0.010433
1586247719.952216 15.747886 0.010407
1586247720.018216 15.749572 0.010347
1586247720.084217 15.751487 0.010382
1586247720.150217 15.752062 0.010428
1586247720.216217 15.753751 0.010404
1586247720.282217 15.757204 0.010381
1586247720.348217 15.761417 0.010312
1586247720.414217 15.759971 0.010433
1586247720.480217 15.761181 0.010434
1586247720.546217 15.762890 0.010439
1586247720.612218 15.767775 0.010344
1586247720.678218 15.769512 0.010427
1586247720.744218 15.773326 0.010421
1586247720.843218 15.776609 0.010427
1586247720.909219 15.778018 0.010429
1586247720.975219 15.782414 0.010386
1586247721.041219 15.786209 0.010394
1586247721.107219 15.787242 0.010400
1586247721.173219 15.790132 0.010402
1586247721.239219 15.793237 0.010324
1586247721.305219 15.797566 0.010357
1586247721.371219 15.800838 0.010337
1586247721.437220 15.802729 0.010404
1586247721.503220 15.806376 0.010298
1586247721.602220 15.809836 0.010370
1586247721.668220 15.811565 0.010317
1586247721.767220 15.812758 0.010416
1586247721.866221 15.813773 0.010374
1586247721.965221 15.815991 0.010416
1586247722.064221 15.817921 0.010418
1586247722.130221 15.819467 0.010367
1586247722.229222 15.820071 0.010434
1586247722.328222 15.823737 0.010418
1586247722.394222 15.825572 0.010431
1586247722.460222 15.825810 0.010433
1586247722.526222 15.826412 0.010425
1586247722.625223 15.824828 0.010430
1586247722.724223 15.824787 0.010426
1586247722.823223 15.825285 0.010422
1586247722.922223 15.825421 0.010418
1586247723.021223 15.826608 0.010417
1586247723.120224 15.826574 0.010405
1586247723.219224 15.825993 0.010423
1586247723.318224 15.825081 0.010418
1586247723.450224 15.825164 0.010421
1586247723.582225 15.825159 0.010407
1586247723.714225 15.825147 0.010412
1586247723.813226 15.825258 0.010409
1586247723.912225 15.826303 0.010367
1586247724.044226 15.825326 0.010415
1586247724.176226 15.824321 0.010412
1586247724.308227 15.823766 0.010411
1586247724.440227 15.822511 0.010408
1586247724.539227 15.822403 0.010398
1586247724.638227 15.821894 0.010389
1586247724.737227 15.821188 0.010409
1586247724.869228 15.819995 0.010401
1586247724.968228 15.820565 0.010351
1586247725.100228 15.818997 0.010401
1586247725.199229 15.819091 0.010374
1586247725.298229 15.818684 0.010397
1586247725.397229 15.818113 0.010360
1586247725.496229 15.817556 0.010393
1586247725.595230 15.817039 0.010386
1586247725.694230 15.816464 0.010401
1586247725.793230 15.816477 0.010375
1586247725.892231 15.814838 0.010349
1586247725.991230 15.813319 0.010396
1586247726.057231 15.813297 0.010379
1586247726.156231 15.812776 0.010362
1586247726.255231 15.812083 0.010395
1586247726.354231 15.811332 0.010377
1586247726.453232 15.810526 0.010347
1586247726.552232 15.809729 0.010395
1586247726.651232 15.809023 0.010394
1586247726.750232 15.808681 0.010384
1586247726.849233 15.808277 0.010377
1586247726.948233 15.807656 0.010385
1586247727.047233 15.807259 0.010366
1586247727.146233 15.806570 0.010381
1586247727.245233 15.805552 0.010384
1586247727.344234 15.805641 0.010373
1586247727.443234 15.805467 0.010356
1586247727.542234 15.805049 0.010385
1586247727.641234 15.804803 0.010383
1586247727.740235 15.805167 0.010378
1586247727.839235 15.804641 0.010381
1586247727.938235 15.804707 0.010373
1586247728.037235 15.803632 0.010348
1586247728.136235 15.803885 0.010364
1586247728.202236 15.804296 0.010365
1586247728.301236 15.804102 0.010370
1586247728.433236 15.803465 0.010371
1586247728.532236 15.803727 0.010367
1586247728.631237 15.804040 0.010361
1586247728.730237 15.803933 0.010367
1586247728.829237 15.803793 0.010353
1586247728.961237 15.803213 0.010363
1586247729.093238 15.804851 0.010373
1586247729.225238 15.805733 0.010367
1586247729.357238 15.806135 0.010370
1586247729.489239 15.806679 0.010277
1586247729.621239 15.808099 0.010362
1586247729.753239 15.807737 0.010359
1586247729.885240 15.808763 0.010355
1586247729.984240 15.808750 0.010369
1586247730.083240 15.813769 0.010365
1586247730.182240 15.816565 0.010367
1586247730.248240 15.817381 0.010357
1586247730.347241 15.820557 0.010358
1586247730.446241 15.822090 0.010343
1586247730.578241 15.824336 0.010331
1586247730.710242 15.826599 0.010353
1586247730.842242 15.827277 0.010363
1586247730.974242 15.826903 0.010295
1586247731.106243 15.828110 0.010336
1586247731.271243 15.828117 0.010364
1586247731.436243 15.827351 0.010351
1586247731.568244 15.826854 0.010357
1586247731.667244 15.827362 0.010358
1586247731.766244 15.827366 0.010343
1586247731.898244 15.827231 0.010308
1586247732.030245 15.825547 0.010365
1586247732.162245 15.824920 0.010350
1586247732.294245 15.823415 0.010356
1586247732.360245 15.823800 0.010362
1586247732.492246 15.824705 0.010343
1586247732.624246 15.825398 0.010347
1586247732.756246 15.827870 0.010230
1586247732.921247 15.826884 0.010242
1586247733.086247 15.826951 0.010332
1586247733.218247 15.826289 0.010338
1586247733.350248 15.825303 0.010347
1586247733.482248 15.826147 0.010358
1586247733.614249 15.826671 0.010360
1586247733.746249 15.828714 0.010275
1586247733.878249 15.827995 0.010327
1586247733.944249 15.827904 0.010305
1586247734.043249 15.828266 0.010333
1586247734.142250 15.829309 0.010335
1586247734.241250 15.831056 0.010319
1586247734.340250 15.831564 0.010328
1586247734.439250 15.832883 0.010209
1586247734.538250 15.835719 0.010272
1586247734.637251 15.836832 0.010320
1586247734.736251 15.837078 0.010309
1586247734.835251 15.839252 0.010341
1586247734.934252 15.840893 0.010338
1586247735.033252 15.841488 0.010356
1586247735.132252 15.845363 0.010241
1586247735.231252 15.848397 0.010301
1586247735.330253 15.850721 0.010329
1586247735.429253 15.854383 0.010281
1586247735.528253 15.856133 0.010345
1586247735.627253 15.859589 0.010315
1586247735.726253 15.861981 0.010316
1586247735.825254 15.865447 0.010278
1586247735.924254 15.867941 0.010311
1586247736.023254 15.868251 0.010348
1586247736.122254 15.871193 0.010257
1586247736.221255 15.872615 0.010247
1586247736.320255 15.875950 0.010255
1586247736.419255 15.876962 0.010322
1586247736.518255 15.879014 0.010330
1586247736.617255 15.880791 0.010316
1586247736.716256 15.883027 0.010297
1586247736.815256 15.884190 0.010314
1586247736.914256 15.885872 0.010324
1586247737.046256 15.887716 0.010335
1586247737.178257 15.888421 0.010320
1586247737.277257 15.889265 0.010217
1586247737.409257 15.888058 0.010339
1586247737.508258 15.888086 0.010330
1586247737.607258 15.888968 0.010335
1586247737.706258 15.889910 0.010315
1586247737.805259 15.889908 0.010331
1586247737.904258 15.889942 0.010258
1586247738.003259 15.888677 0.010323
1586247738.102259 15.888427 0.010325
1586247738.201259 15.888771 0.010313
1586247738.300260 15.888617 0.010334
1586247738.399260 15.888663 0.010282
1586247738.498260 15.888149 0.010309
1586247738.597260 15.887468 0.010324
1586247738.696261 15.887323 0.010258
1586247738.795261 15.886255 0.010293
1586247738.894261 15.885628 0.010283
1586247738.993261 15.884753 0.010330
1586247739.092261 15.884319 0.010321
1586247739.191262 15.883716 0.010287
1586247739.290262 15.883436 0.010316
1586247739.422262 15.882790 0.010301
1586247739.554263 15.882264 0.010252
1586247739.686263 15.881595 0.010321
1586247739.785263 15.881417 0.010313
1586247739.884264 15.880716 0.010304
1586247739.983263 15.879915 0.010281
1586247740.082264 15.880960 0.010304
1586247740.181264 15.880916 0.010308
1586247740.280264 15.880938 0.010309
1586247740.379265 15.881007 0.010316
1586247740.478265 15.880846 0.010300
1586247740.577265 15.881042 0.010307
1586247740.676265 15.880970 0.010287
1586247740.775265 15.880700 0.010314
1586247740.874266 15.880560 0.010314
1586247740.973266 15.880476 0.010314
1586247741.072266 15.880431 0.010318
1586247741.171266 15.880340 0.010317
1586247741.270267 15.879722 0.010303
1586247741.369267 15.879740 0.010312
1586247741.468267 15.879719 0.010302
1586247741.567267 15.880297 0.010304
1586247741.666268 15.880174 0.010305
1586247741.765268 15.880210 0.010312
1586247741.864268 15.880505 0.010290
1586247741.963268 15.880468 0.010310
1586247742.062268 15.880483 0.010311
1586247742.161269 15.880473 0.010296
1586247742.260269 15.880599 0.010293
1586247742.359269 15.880609 0.010311
1586247742.458269 15.879941 0.010310
1586247742.557270 15.879915 0.010282
1586247742.656270 15.879794 0.010299
1586247742.755270 15.879734 0.010268
1586247742.854270 15.879488 0.010305
1586247742.953270 15.879200 0.010291
1586247743.085271 15.878871 0.010302
1586247743.184271 15.878903 0.010287
1586247743.283271 15.879348 0.010294
1586247743.382272 15.879468 0.010291
1586247743.481272 15.879202 0.010296
1586247743.580272 15.879765 0.010297
1586247743.679272 15.880718 0.010306
1586247743.778273 15.881824 0.010288
1586247743.877273 15.882347 0.010286
1586247743.976273 15.882733 0.010302
1586247744.042273 15.882686 0.010298
1586247744.141273 15.882596 0.010301
1586247744.207273 15.882845 0.010297
1586247744.273274 15.882891 0.010305
1586247744.339274 15.882910 0.010301
1586247744.438274 15.883019 0.010302
1586247744.537274 15.884331 0.010293
1586247744.636274 15.884056 0.010294
1586247744.735275 15.883519 0.010282
1586247744.801275 15.882998 0.010286
1586247744.867275 15.882813 0.010282
1586247744.933275 15.882507 0.010287
1586247744.999275 15.882548 0.010287
1586247745.065275 15.882749 0.010303
1586247745.131276 15.882858 0.010291
1586247745.197276 15.883426 0.010280
1586247745.263276 15.883710 0.010294
1586247745.362276 15.884494 0.010279
1586247745.428277 15.884451 0.010293
1586247745.527277 15.884658 0.010238
1586247745.626277 15.885607 0.010286
1586247745.725277 15.886066 0.010302
1586247745.824277 15.886271 0.010292
1586247745.890277 15.886969 0.010294
1586247745.989278 15.886885 0.010303
1586247746.055278 15.887414 0.010024
1586247746.121278 15.887606 0.010299
1586247746.187278 15.888839 0.010280
1586247746.253278 15.887976 0.010259
1586247746.319278 15.889378 0.010144
1586247746.418279 15.889187 0.010271
1586247746.550279 15.888801 0.010283
1586247746.649279 15.888071 0.010274
1586247746.748280 15.888949 0.010272
1586247746.847280 15.889186 0.010266
1586247746.946280 15.889302 0.010295
1586247747.045280 15.889653 0.010266
1586247747.144280 15.891154 0.010276
1586247747.243281 15.892015 0.010255
1586247747.342281 15.892231 0.010286
1586247747.441281 15.892691 0.010238
1586247747.540281 15.893482 0.010290
1586247747.639282 15.894485 0.010259
1586247747.705282 15.893801 0.010282
1586247747.771282 15.894323 0.010269
1586247747.870282 15.894932 0.010272
1586247747.969282 15.895581 0.010265
1586247748.068283 15.896850 0.010278
1586247748.167283 15.896964 0.010204
1586247748.233283 15.897100 0.010220
1586247748.332283 15.897961 0.010195
1586247748.431283 15.898302 0.010252
1586247748.497284 15.898034 0.010262
1586247748.563284 15.899505 0.010160
1586247748.629284 15.899989 0.010264
1586247748.695284 15.900943 0.010269
1586247748.761284 15.901897 0.010089
1586247748.827285 15.902855 0.010276
1586247748.893285 15.902615 0.010285
1586247748.959285 15.903346 0.010281
1586247749.025285 15.904346 0.010256
1586247749.091285 15.905429 0.010252
1586247749.157285 15.906783 0.010280
1586247749.223285 15.908084 0.010263
1586247749.289285 15.909154 0.010258
1586247749.355286 15.910492 0.010289
1586247749.421286 15.911130 0.010258
1586247749.487286 15.911738 0.010286
1586247749.553286 15.911823 0.010277
1586247749.619286 15.911884 0.010291
1586247749.685286 15.912003 0.010290
1586247749.751287 15.911894 0.010263
1586247749.850287 15.912078 0.010279
1586247749.949287 15.912703 0.010242
1586247750.015287 15.913713 0.010280
1586247750.081287 15.914436 0.010223
1586247750.147288 15.915170 0.010208
1586247750.213288 15.915634 0.010277
1586247750.279288 15.915772 0.010287
1586247750.345288 15.915809 0.010238
1586247750.411288 15.916337 0.010280
1586247750.477288 15.916947 0.010284
1586247750.543288 15.917485 0.010273
1586247750.609288 15.918135 0.010260
1586247750.675289 15.919017 0.010279
1586247750.741289 15.919686 0.010267
1586247750.807289 15.919970 0.010230
1586247750.873289 15.920250 0.010214
1586247750.939289 15.920631 0.010246
1586247751.005290 15.921260 0.010225
1586247751.071290 15.921720 0.010257
1586247751.137290 15.922440 0.010257
1586247751.203290 15.923106 0.010276
1586247751.269290 15.923649 0.010243
1586247751.335290 15.924504 0.010254
1586247751.401290 15.925171 0.010237
1586247751.467291 15.925341 0.010241
1586247751.533291 15.925531 0.010252
1586247751.599291 15.926298 0.010262
1586247751.665291 15.926890 0.010277
1586247751.731291 15.927195 0.010261
1586247751.797292 15.927139 0.010272
1586247751.863292 15.927527 0.010287
1586247751.929292 15.929744 0.010252
1586247751.995292 15.928873 0.010233
1586247752.061292 15.929053 0.010269
1586247752.127292 15.928330 0.010274
1586247752.193292 15.928194 0.010249
1586247752.259292 15.928718 0.010244
1586247752.325293 15.928995 0.010283
1586247752.391293 15.929664 0.010164
1586247752.457293 15.928965 0.010253
1586247752.523293 15.929555 0.010269
1586247752.589293 15.929547 0.010262
1586247752.655293 15.931848 0.010234
1586247752.721293 15.930016 0.010284
1586247752.787294 15.930431 0.010284
1586247752.886294 15.932082 0.010226
1586247752.985294 15.930285 0.010286
1586247753.051295 15.930608 0.010289
1586247753.117295 15.931691 0.010283
1586247753.183295 15.931927 0.010252
1586247753.249295 15.932657 0.010281
1586247753.315295 15.933048 0.010236
1586247753.381295 15.933507 0.010274
1586247753.447295 15.933973 0.010287
1586247753.513296 15.935387 0.010274
1586247753.579296 15.934061 0.010253
1586247753.645296 15.933673 0.010275
1586247753.711296 15.929879 0.010232
1586247753.777296 15.929873 0.010281
1586247753.843296 15.930439 0.010252
1586247753.909296 15.931127 0.010261
1586247753.975296 15.931612 0.010257
1586247754.041297 15.931888 0.010270
1586247754.140297 15.932051 0.010242
1586247754.239297 15.932234 0.010205
1586247754.305297 15.932972 0.010203
1586247754.404298 15.933445 0.010244
1586247754.470298 15.932085 0.010277
1586247754.536298 15.931496 0.010263
1586247754.635298 15.931437 0.010247
1586247754.734298 15.932201 0.010285
1586247754.833299 15.932871 0.010282
1586247754.932299 15.933111 0.010258
1586247755.031299 15.933556 0.010270
1586247755.130299 15.933690 0.010278
1586247755.229300 15.935085 0.010259
1586247755.328300 15.930937 0.010251
1586247755.427300 15.931161 0.010278
1586247755.526300 15.932052 0.010273
1586247755.625300 15.931912 0.010272
1586247755.724301 15.931626 0.010253
1586247755.823301 15.930226 0.010274
1586247755.922301 15.929958 0.010258
1586247756.021302 15.929889 0.010276
1586247756.120301 15.930573 0.010258
1586247756.186302 15.926201 0.010163
1586247756.252302 15.926404 0.010276
1586247756.318302 15.926678 0.010203
1586247756.384302 15.928130 0.010162
1586247756.483302 15.927601 0.010265
1586247756.582303 15.928106 0.010166
1586247756.681303 15.923706 0.010257
1586247756.780303 15.922692 0.010258
1586247756.879303 15.922337 0.010262
1586247756.978304 15.922321 0.010226
1586247757.110304 15.923021 0.010261
1586247757.242305 15.923899 0.010266
1586247757.374305 15.924169 0.010247
1586247757.506305 15.924561 0.010258
1586247757.638305 15.925289 0.010271
1586247757.737306 15.925349 0.010234
1586247757.869306 15.924225 0.010242
1586247758.034306 15.924679 0.010129
1586247758.199307 15.923847 0.010105
1586247758.364307 15.923734 0.010180
1586247758.496307 15.923483 0.010075
1586247758.628308 15.922024 0.010219
1586247758.760308 15.920392 0.010204
1586247758.892308 15.919481 0.010178
1586247759.024309 15.918643 0.010184
1586247759.156309 15.919189 0.009996
1586247759.288309 15.919978 0.010068
1586247759.420310 15.917028 0.010042
1586247759.519310 15.917478 0.009994
1586247759.651310 15.916734 0.010108
1586247759.750310 15.916183 0.010225
1586247759.849311 15.916077 0.010195
1586247759.948311 15.915869 0.010242
1586247760.047311 15.915821 0.010227
1586247760.179311 15.914366 0.010238
1586247760.278312 15.914562 0.010229
1586247760.410312 15.915033 0.010260
1586247760.542312 15.915008 0.010255
1586247760.674313 15.909586 0.010124
1586247760.806313 15.908721 0.010249
1586247760.938313 15.909196 0.010230
1586247761.070313 15.909722 0.010240
1586247761.202314 15.910392 0.010256
1586247761.334314 15.911265 0.010255
1586247761.466315 15.911374 0.010243
1586247761.565315 15.909027 0.009597
1586247761.664315 15.908679 0.010226
1586247761.763315 15.909183 0.010209
1586247761.895315 15.909547 0.010241
1586247762.027316 15.910128 0.010231
1586247762.159316 15.910957 0.010182
1586247762.258316 15.910743 0.010244
1586247762.390316 15.910549 0.010219
1586247762.522317 15.910650 0.010163
1586247762.654317 15.910650 0.010211
1586247762.753318 15.908364 0.009745
1586247762.852318 15.907433 0.010257
1586247762.951318 15.907276 0.010189
1586247763.050318 15.907276 0.010139
1586247763.149318 15.907348 0.010188
1586247763.248319 15.907475 0.010164
1586247763.347319 15.907252 0.010008
1586247763.446319 15.907533 0.010175
1586247763.545319 15.906865 0.010122
1586247763.644320 15.905617 0.009763
1586247763.743320 15.905589 0.010157
1586247763.842320 15.905442 0.010173
1586247763.941320 15.905259 0.010144
1586247764.040320 15.904654 0.010166
1586247764.139321 15.904369 0.010161
1586247764.238321 15.904037 0.009927
1586247764.337321 15.904415 0.010075
1586247764.436321 15.904296 0.010050
1586247764.535322 15.904333 0.010109
1586247764.601322 15.904724 0.010249
1586247764.700322 15.904453 0.010145
1586247764.799322 15.904157 0.010024
1586247764.898323 15.904684 0.010215
1586247764.997323 15.904228 0.010094
1586247765.096323 15.903780 0.010218
1586247765.195323 15.903460 0.010230
1586247765.294323 15.903178 0.010198
1586247765.393324 15.903186 0.010226
1586247765.492324 15.903089 0.010211
1586247765.591324 15.903061 0.010230
1586247765.690325 15.902988 0.010222
1586247765.789325 15.902993 0.010199
1586247765.888325 15.902987 0.010233
1586247765.987325 15.902948 0.010212
1586247766.053325 15.902736 0.010209
1586247766.119325 15.902362 0.010230
1586247766.185326 15.901818 0.010246
1586247766.251326 15.901820 0.010057
1586247766.317326 15.901589 0.010216
1586247766.383326 15.901518 0.010224
1586247766.449326 15.901705 0.010219
1586247766.548326 15.901831 0.010242
1586247766.647327 15.901956 0.010245
1586247766.746327 15.902022 0.010249
1586247766.812327 15.902266 0.010228
1586247766.878327 15.902575 0.010249
1586247766.944327 15.902885 0.010224
1586247767.010328 15.902720 0.010192
1586247767.076328 15.902527 0.010217
1586247767.142328 15.902191 0.010151
1586247767.208328 15.901914 0.010228
1586247767.307328 15.901790 0.010241
1586247767.406328 15.901930 0.010233
1586247767.472328 15.901837 0.010211
1586247767.538329 15.901764 0.010223
1586247767.604329 15.901507 0.010247
1586247767.670329 15.901145 0.010244
1586247767.736329 15.901456 0.010235
1586247767.802329 15.901608 0.010231
1586247767.868330 15.901647 0.010249
1586247767.934330 15.901423 0.010230
1586247768.033330 15.901331 0.010228
1586247768.099330 15.901173 0.010207
1586247768.165330 15.901126 0.010241
1586247768.231330 15.901496 0.010195
1586247768.297330 15.901393 0.010222
1586247768.363331 15.901575 0.010236
1586247768.429331 15.901447 0.010238
1586247768.528331 15.901368 0.010228
1586247768.594331 15.901392 0.010111
1586247768.660331 15.901606 0.010246
1586247768.726332 15.901714 0.010191
1586247768.792332 15.901565 0.010210
1586247768.858332 15.901219 0.010223
1586247768.957332 15.901099 0.010224
1586247769.023332 15.901131 0.010214
1586247769.122332 15.901155 0.010232
1586247769.221333 15.901304 0.010229
1586247769.320333 15.901415 0.010248
1586247769.419333 15.901403 0.010200
1586247769.518333 15.901501 0.010222
1586247769.617334 15.901559 0.010201
1586247769.716334 15.901709 0.010231
1586247769.815334 15.901771 0.010227
1586247769.914335 15.901397 0.010140
1586247769.980335 15.901797 0.010222
1586247770.046335 15.901113 0.010242
1586247770.112335 15.901378 0.010233
1586247770.178335 15.901567 0.010150
1586247770.244335 15.901568 0.010221
1586247770.310335 15.901781 0.010211
1586247770.376335 15.901701 0.010232
1586247770.442336 15.901932 0.010149
1586247770.541336 15.902197 0.010229
1586247770.640336 15.901492 0.010245
1586247770.739336 15.901060 0.010165
1586247770.838336 15.901133 0.010176
1586247770.937337 15.900940 0.010243
1586247771.036337 15.901115 0.010184
1586247771.135338 15.900944 0.010246
1586247771.234338 15.900933 0.010237
1586247771.333338 15.901555 0.010199
1586247771.432338 15.901281 0.010122
1586247771.498338 15.901465 0.010221
1586247771.564338 15.901318 0.010200
1586247771.630339 15.901027 0.010240
1586247771.696339 15.901334 0.010243
1586247771.762339 15.901647 0.010161
1586247771.828339 15.901367 0.010171
1586247771.894339 15.900626 0.010227
1586247771.960339 15.901035 0.010207
1586247772.026340 15.901232 0.010227
1586247772.092340 15.900983 0.010245
1586247772.158340 15.900729 0.010240
1586247772.257340 15.900880 0.010246
1586247772.356340 15.901095 0.010207
1586247772.455341 15.901319 0.010214
1586247772.554341 15.901747 0.010242
1586247772.653341 15.902159 0.010243
1586247772.752341 15.902303 0.010246
1586247772.818341 15.902300 0.010226
1586247772.884341 15.902063 0.010242
1586247772.983342 15.902714 0.010234
1586247773.049342 15.902471 0.010245
1586247773.148342 15.902757 0.010233
1586247773.247342 15.902694 0.010198
1586247773.346343 15.902558 0.010244
1586247773.445343 15.903224 0.010204
1586247773.544343 15.903915 0.010213
1586247773.643343 15.902948 0.010244
1586247773.742343 15.903049 0.010241
1586247773.841344 15.904185 0.010162
1586247773.940344 15.904335 0.010210
1586247774.039344 15.904690 0.010220
1586247774.138345 15.905684 0.010157
1586247774.237345 15.905570 0.010221
1586247774.336345 15.906057 0.010192
1586247774.435345 15.906646 0.010201
1586247774.534345 15.907120 0.010168
1586247774.633346 15.908463 0.009888
1586247774.732346 15.908587 0.009989
1586247774.831346 15.909817 0.009966
1586247774.930346 15.911851 0.009936
1586247775.029346 15.911726 0.010132
1586247775.128347 15.912768 0.010062
1586247775.227347 15.912628 0.010129
1586247775.326347 15.914052 0.010082
1586247775.425348 15.915384 0.010156
1586247775.524348 15.916551 0.010114
1586247775.623348 15.917636 0.010115
1586247775.722348 15.918221 0.010151
1586247775.821348 15.918248 0.010157
1586247775.920349 15.920624 0.009943
1586247775.986349 15.920376 0.010204
1586247776.052349 15.920897 0.010241
1586247776.118349 15.922295 0.010228
1586247776.184350 15.921479 0.010244
1586247776.250350 15.923567 0.010194
1586247776.316350 15.923892 0.010238
1586247776.382350 15.924139 0.010220
1586247776.448350 15.924718 0.010219
1586247776.547350 15.923332 0.010155
1586247776.646350 15.924019 0.010217
1586247776.745351 15.924469 0.010156
1586247776.844351 15.925684 0.010102
1586247776.910351 15.925400 0.010244
1586247777.009351 15.924803 0.010136
1586247777.108351 15.925002 0.010200
1586247777.207352 15.925954 0.010219
1586247777.306352 15.925026 0.010024
1586247777.405352 15.924901 0.010233
1586247777.537353 15.924827 0.010186
1586247777.636353 15.924092 0.010067
1586247777.735353 15.924695 0.010164
1586247777.834353 15.924851 0.010138
1586247777.933353 15.923302 0.010200
1586247778.032354 15.923118 0.009933
1586247778.131354 15.921240 0.010160
1586247778.230354 15.920858 0.010203
1586247778.296354 15.919806 0.010224
1586247778.362355 15.919435 0.010080
1586247778.428355 15.919052 0.009357
1586247778.494355 15.917981 0.009845
1586247778.560355 15.916817 0.010052
1586247778.626355 15.916907 0.010146
1586247778.692355 15.915570 0.010178
1586247778.758355 15.915467 0.010148
1586247778.857356 15.915631 0.010177
1586247778.956356 15.915479 0.010153
1586247779.055356 15.915353 0.010219
1586247779.154356 15.914364 0.010225
1586247779.253356 15.914299 0.010117
1586247779.352357 15.914621 0.010204
1586247779.451357 15.914683 0.010084
1586247779.550357 15.914613 0.009960
1586247779.616357 15.914073 0.009913
1586247779.682358 15.913702 0.010209
1586247779.748358 15.912769 0.010183
1586247779.814358 15.912893 0.010218
1586247779.880358 15.912860 0.009995
1586247779.946358 15.912757 0.010067
1586247780.012358 15.912651 0.010208
1586247780.078358 15.912894 0.010179
1586247780.144359 15.912365 0.010176
1586247780.243359 15.912165 0.010216
1586247780.309359 15.911393 0.009751
1586247780.408360 15.910999 0.010137
1586247780.507360 15.910431 0.010217
1586247780.573360 15.910680 0.010186
1586247780.639360 15.910760 0.010118
1586247780.705360 15.910692 0.010177
1586247780.804360 15.910542 0.010215
1586247780.903361 15.910531 0.010204
1586247781.002361 15.910694 0.010191
1586247781.101361 15.910856 0.010083
1586247781.200361 15.910245 0.010214
1586247781.299361 15.910126 0.010163
1586247781.398362 15.910356 0.010168
1586247781.464362 15.910472 0.009874
1586247781.530362 15.910416 0.010194
1586247781.596362 15.910754 0.009637
1586247781.662362 15.910981 0.009960
1586247781.728363 15.911576 0.008786
1586247781.794363 15.911048 0.009384
1586247781.860363 15.910619 0.010079
1586247781.959363 15.910787 0.010079
1586247782.025363 15.910940 0.010197
1586247782.124363 15.910772 0.010207
1586247782.223364 15.912991 0.009675
1586247782.322364 15.913510 0.010055
1586247782.421364 15.913455 0.010208
1586247782.520364 15.913688 0.009927
1586247782.619365 15.913811 0.010193
1586247782.718365 15.914018 0.010157
1586247782.817365 15.914542 0.010207
1586247782.916365 15.914622 0.010162
1586247783.015366 15.914464 0.010163
1586247783.114366 15.914669 0.009824
1586247783.180366 15.914715 0.010124
1586247783.279366 15.915607 0.010077
1586247783.378366 15.915712 0.010181
1586247783.477366 15.915867 0.010142
1586247783.576367 15.915509 0.009936
1586247783.675367 15.915611 0.010149
1586247783.774367 15.915670 0.009804
1586247783.873368 15.916208 0.010000
1586247784.005368 15.916171 0.010095
1586247784.137368 15.916268 0.010101
1586247784.269369 15.914906 0.010175
1586247784.401369 15.915833 0.010166
1586247784.533369 15.916423 0.010191
1586247784.665369 15.917387 0.010016
1586247784.764370 15.917430 0.009742
1586247784.863370 15.916942 0.009997
1586247784.962370 15.918042 0.009820
1586247785.061370 15.918446 0.010108
1586247785.160371 15.919686 0.009885
1586247785.259371 15.919126 0.010081
1586247785.358371 15.918845 0.010152
1586247785.457371 15.918658 0.010138
1586247785.556371 15.918782 0.010140
1586247785.655372 15.919301 0.010056
1586247785.754372 15.919332 0.009959
1586247785.853372 15.919858 0.010177
1586247785.952373 15.919611 0.010132
1586247786.051373 15.920302 0.010031
1586247786.150373 15.919808 0.010197
1586247786.249373 15.919848 0.010195
1586247786.348373 15.919498 0.010204
1586247786.447374 15.919518 0.010167
1586247786.546374 15.919206 0.010164
1586247786.645374 15.918228 0.010145
1586247786.711374 15.917706 0.010074
1586247786.810374 15.917804 0.009989
1586247786.909375 15.917760 0.010175
1586247787.008375 15.917874 0.010148
1586247787.107375 15.917769 0.010169
1586247787.206375 15.917229 0.010200
1586247787.305376 15.917040 0.010159
1586247787.404376 15.916050 0.010100
1586247787.503376 15.915935 0.010193
1586247787.602376 15.915731 0.010142
1586247787.701376 15.915668 0.010176
1586247787.800377 15.915365 0.010191
1586247787.866377 15.914823 0.010198
1586247787.932377 15.914952 0.010187
1586247787.998377 15.914231 0.010192
1586247788.097378 15.914258 0.010171
1586247788.163378 15.914846 0.010175
1586247788.229378 15.914645 0.010164
1586247788.295378 15.913764 0.010166
1586247788.394378 15.913442 0.010196
1586247788.493378 15.912578 0.010177
1586247788.592379 15.912530 0.010185
1586247788.691379 15.912563 0.010126
1586247788.790379 15.912542 0.010108
1586247788.856379 15.912357 0.010098
1586247788.955379 15.912060 0.010154
1586247789.021379 15.911916 0.010155
1586247789.120380 15.911746 0.010148
1586247789.219380 15.911341 0.010171
1586247789.318380 15.911002 0.010116
1586247789.417381 15.911118 0.010134
1586247789.516381 15.910910 0.010146
1586247789.615381 15.910799 0.010163
1586247789.714381 15.910760 0.010157
1586247789.813381 15.910869 0.010104
1586247789.912382 15.910505 0.010113
1586247790.011382 15.909716 0.010135
1586247790.110382 15.909856 0.010167
1586247790.176383 15.909803 0.010138
1586247790.275383 15.910178 0.010098
1586247790.374383 15.910130 0.010168
1586247790.473383 15.910401 0.010169
1586247790.572383 15.910292 0.010131
1586247790.638383 15.910137 0.010127
1586247790.737384 15.910188 0.009942
1586247790.803384 15.909874 0.010165
1586247790.902384 15.910023 0.010157
1586247790.968384 15.909377 0.010132
1586247791.034384 15.909249 0.010071
1586247791.100384 15.909426 0.010091
1586247791.166385 15.909230 0.010135
1586247791.232385 15.909199 0.010146
1586247791.298385 15.909225 0.010135
1586247791.364385 15.908948 0.010050
1586247791.430385 15.908938 0.010131
1586247791.496386 15.908983 0.010125
1586247791.562386 15.909079 0.010017
1586247791.628386 15.909133 0.010046
1586247791.694386 15.909173 0.010149
1586247791.760386 15.909060 0.010143
1586247791.859386 15.909040 0.010082
1586247791.925386 15.909110 0.010029
1586247791.991387 15.909131 0.010145
1586247792.057387 15.909165 0.010143
1586247792.123387 15.908831 0.010117
1586247792.189387 15.908819 0.010113
1586247792.255387 15.908954 0.010127
1586247792.321388 15.908693 0.010102
1586247792.387388 15.908708 0.010043
1586247792.453388 15.908697 0.010132
1586247792.519388 15.908502 0.009946
1586247792.585388 15.908078 0.009516
1586247792.651388 15.908254 0.010100
1586247792.717388 15.908708 0.010124
1586247792.783388 15.908346 0.010125
1586247792.849389 15.908268 0.009993
1586247792.915389 15.908290 0.010047
1586247792.981389 15.907562 0.009997
1586247793.047389 15.908255 0.010119
1586247793.113389 15.908402 0.010064
1586247793.179389 15.908504 0.010066
1586247793.278390 15.908316 0.009952
1586247793.377390 15.908345 0.009589
1586247793.443390 15.908246 0.010021
1586247793.509390 15.908266 0.010123
1586247793.575391 15.908311 0.010122
1586247793.641391 15.907851 0.009993
1586247793.707391 15.907975 0.010096
1586247793.773391 15.908230 0.010125
1586247793.839391 15.908310 0.010123
1586247793.905391 15.908275 0.010123
1586247793.971391 15.908365 0.010065
1586247794.037392 15.908204 0.010108
1586247794.103392 15.908105 0.010006
1586247794.169392 15.908256 0.009955
1586247794.235392 15.908395 0.010010
1586247794.301392 15.908475 0.010064
1586247794.367392 15.908522 0.010067
1586247794.433392 15.908273 0.010037
1586247794.499393 15.908611 0.010031
1586247794.631393 15.908081 0.010080
1586247794.763393 15.907862 0.009944
1586247794.895394 15.908300 0.010005
1586247795.027394 15.907817 0.010063
1586247795.126394 15.907614 0.010011
1586247795.225394 15.908055 0.009964
1586247795.324394 15.907264 0.010019
1586247795.390395 15.907236 0.010081
1586247795.456395 15.905589 0.009993
1586247795.522395 15.906616 0.009941
1586247795.588395 15.907520 0.009988
1586247795.654395 15.907467 0.010013
1586247795.720396 15.906841 0.010089
1586247795.786396 15.907560 0.010102
1586247795.852396 15.907579 0.010088
1586247795.918396 15.907352 0.010044
1586247795.984396 15.908034 0.010081
1586247796.050396 15.907489 0.010092
1586247796.116396 15.907951 0.010020
1586247796.182396 15.907736 0.010110
1586247796.248397 15.907547 0.010053
1586247796.314397 15.907613 0.010090
1586247796.380397 15.907483 0.009986
1586247796.446397 15.907524 0.010033
1586247796.512397 15.907272 0.009798
1586247796.578398 15.907190 0.010110
1586247796.644397 15.907219 0.010015
1586247796.710398 15.907035 0.010051
1586247796.776398 15.907155 0.010099
1586247796.842398 15.907058 0.010092
1586247796.908398 15.907270 0.010101
1586247796.974398 15.906791 0.010003
1586247797.040399 15.907338 0.010106
1586247797.106399 15.907446 0.010106
1586247797.172399 15.907436 0.010063
1586247797.238399 15.907299 0.010080
1586247797.304399 15.907207 0.010084
1586247797.370399 15.907091 0.010066
1586247797.436400 15.907456 0.010086
1586247797.502400 15.906779 0.010081
1586247797.568400 15.906850 0.010037
1586247797.634400 15.906721 0.010053
1586247797.733400 15.906511 0.010058
1586247797.799400 15.906338 0.009842
1586247797.865401 15.906489 0.010074
1586247797.931401 15.906294 0.010069
1586247797.997401 15.906203 0.010060
1586247798.063401 15.906036 0.010073
1586247798.129401 15.906077 0.010017
1586247798.195401 15.906229 0.010090
1586247798.261402 15.906045 0.010095
1586247798.327402 15.906080 0.010086
1586247798.393402 15.906040 0.010081
1586247798.459402 15.905967 0.009998
1586247798.525402 15.906345 0.010110
1586247798.591402 15.906117 0.010046
1586247798.657402 15.905925 0.010044
1586247798.723403 15.905983 0.010084
1586247798.789403 15.905872 0.009872
1586247798.855403 15.906053 0.010096
1586247798.921403 15.905922 0.010096
1586247798.987403 15.905755 0.010070
1586247799.086403 15.905309 0.010038
1586247799.152403 15.905285 0.009887
1586247799.218404 15.905189 0.009822
1586247799.284404 15.905223 0.010111
1586247799.350404 15.905164 0.009832
1586247799.416404 15.905302 0.010071
1586247799.482404 15.905470 0.010089
1586247799.548404 15.905204 0.009723
1586247799.614405 15.904473 0.009725
1586247799.680405 15.904859 0.010064
1586247799.746405 15.904597 0.010089
1586247799.812405 15.904492 0.010094
1586247799.878405 15.904982 0.010080
1586247799.944406 15.905099 0.009969
1586247800.010406 15.904524 0.009760
1586247800.076406 15.904521 0.010026
1586247800.142406 15.904512 0.010056
1586247800.208406 15.904536 0.009985
1586247800.274406 15.904542 0.010108
1586247800.340406 15.904376 0.010083
1586247800.406407 15.904180 0.010030
1586247800.472407 15.904354 0.010011
1586247800.538407 15.904240 0.010084
1586247800.637407 15.904273 0.010090
1586247800.736407 15.904395 0.010055
1586247800.802408 15.904164 0.010069
1586247800.868407 15.904049 0.010068
1586247800.934408 15.903944 0.010003
1586247801.000408 15.903437 0.010060
1586247801.066408 15.903451 0.009963
1586247801.165408 15.903361 0.009943
1586247801.264409 15.903400 0.010096
1586247801.330409 15.903147 0.010061
1586247801.396409 15.903413 0.010105
1586247801.462409 15.903245 0.010001
1586247801.528409 15.903374 0.010086
1586247801.594409 15.903331 0.009905
1586247801.660410 15.903178 0.009824
1586247801.726410 15.903412 0.010073
1586247801.924410 15.903384 0.010092
1586247801.990410 15.902828 0.009995
1586247802.056410 15.902740 0.009901
1586247802.122411 15.902923 0.009973
1586247802.188411 15.902745 0.009999
1586247802.254411 15.902732 0.010028
1586247802.320411 15.902776 0.010103
1586247802.386411 15.902328 0.010065
1586247802.485412 15.902003 0.010000
1586247802.584412 15.901762 0.009813
1586247802.650412 15.901844 0.010034
1586247802.716412 15.901664 0.010070
1586247802.782412 15.901070 0.010009
1586247802.848413 15.900765 0.010063
1586247802.914412 15.900963 0.009948
1586247802.980413 15.900670 0.009907
1586247803.046413 15.900566 0.010024
1586247803.112413 15.900398 0.010059
1586247803.178413 15.900378 0.010072
1586247803.277413 15.899613 0.010028
1586247803.343414 15.899248 0.010080
1586247803.442414 15.899185 0.010097
1586247803.541414 15.899043 0.010090
1586247803.640414 15.899313 0.010105
1586247803.739414 15.898798 0.010037
1586247803.838415 15.898854 0.009983
1586247803.904415 15.898403 0.009970
1586247803.970415 15.898012 0.009913
1586247804.036415 15.897861 0.009723
1586247804.135415 15.898103 0.009791
1586247804.201416 15.898078 0.010101
1586247804.300416 15.897385 0.010094
1586247804.399416 15.896307 0.009863
1586247804.465416 15.896142 0.010097
1586247804.531416 15.895930 0.010069
1586247804.597416 15.894980 0.010042
1586247804.696417 15.894778 0.009893
1586247804.762417 15.894587 0.010063
1586247804.828417 15.893468 0.010031
1586247804.894417 15.893563 0.010065
1586247804.960417 15.893305 0.010062
1586247805.026417 15.893481 0.010079
1586247805.092417 15.892252 0.010021
1586247805.158418 15.891294 0.010094
1586247805.224418 15.890939 0.010094
1586247805.290418 15.890272 0.010062
1586247805.356418 15.889565 0.009975
1586247805.455419 15.889267 0.010045
1586247805.521419 15.888269 0.010016
1586247805.587419 15.888518 0.010026
1586247805.686419 15.887327 0.010035
1586247805.785419 15.886806 0.010077
1586247805.851419 15.886809 0.010045
1586247805.950420 15.887188 0.009997
1586247806.049420 15.886818 0.009980
1586247806.115420 15.887415 0.010039
1586247806.181420 15.887762 0.010062
1586247806.247420 15.887097 0.010041
1586247806.346421 15.886603 0.010010
1586247806.478421 15.886471 0.009983
1586247806.610421 15.887346 0.009836
1586247806.742421 15.886429 0.009953
1586247806.874422 15.885968 0.009957
1586247807.006422 15.886207 0.010025
1586247807.105422 15.886921 0.010054
1586247807.204423 15.887163 0.010038
1586247807.303423 15.886096 0.010084
1586247807.402423 15.886857 0.010050
1586247807.501423 15.886783 0.009921
1586247807.600424 15.886102 0.010049
1586247807.699424 15.885344 0.009990
1586247807.798424 15.885842 0.010048
1586247807.897424 15.885083 0.010089
1586247808.029425 15.884465 0.010084
1586247808.194425 15.884038 0.010023
1586247808.359425 15.883379 0.010076
1586247808.557426 15.883279 0.010008
1586247808.722426 15.882460 0.010038
1586247808.887427 15.882363 0.010081
1586247809.019427 15.882281 0.010084
1586247809.151427 15.882293 0.010089
1586247809.250427 15.882331 0.010053
1586247809.349428 15.882568 0.010054
1586247809.448428 15.882958 0.010090
1586247809.547428 15.882911 0.010064
1586247809.646428 15.883670 0.010088
1586247809.745429 15.883777 0.010093
1586247809.844429 15.883941 0.010075
1586247809.976429 15.884140 0.010087
1586247810.108430 15.884479 0.010072
1586247810.240430 15.884243 0.009761
1586247810.372430 15.884901 0.010060
1586247810.504431 15.885112 0.010049
1586247810.603431 15.885112 0.010058
1586247810.735431 15.885133 0.010016
1586247810.867431 15.885444 0.010033
1586247810.999432 15.886118 0.010081
1586247811.164432 15.886287 0.009969
1586247811.296432 15.886928 0.010046
1586247811.428433 15.887296 0.010047
1586247811.527433 15.887324 0.010059
1586247811.626433 15.887439 0.010050
1586247811.725433 15.887504 0.009993
1586247811.824434 15.887511 0.009918
1586247811.923434 15.887888 0.010088
1586247812.022434 15.887693 0.010088
1586247812.088434 15.887691 0.010089
1586247812.154434 15.887577 0.010056
1586247812.220434 15.887554 0.009918
1586247812.319435 15.887756 0.010028
1586247812.418435 15.887957 0.009975
1586247812.517435 15.887994 0.010089
1586247812.616436 15.888029 0.010089
1586247812.715436 15.887900 0.010080
1586247812.814436 15.888208 0.010081
1586247812.880436 15.887728 0.009821
1586247812.979436 15.887924 0.010055
1586247813.078437 15.888034 0.010059
1586247813.144437 15.888038 0.010055
1586247813.210437 15.888453 0.010065
1586247813.276437 15.888639 0.009989
1586247813.342437 15.888961 0.010047
1586247813.408437 15.888963 0.010041
1586247813.540438 15.889017 0.009979
1586247813.606438 15.889049 0.010059
1586247813.672438 15.889192 0.010009
1586247813.771438 15.889232 0.010076
1586247813.837438 15.889237 0.010001
1586247813.903439 15.889153 0.009960
1586247813.969439 15.889106 0.009988
1586247814.035439 15.889582 0.010018
1586247814.101439 15.889387 0.010004
1586247814.167439 15.889097 0.010042
1586247814.233439 15.889526 0.010074
1586247814.299439 15.889317 0.009885
1586247814.365440 15.889404 0.010082
1586247814.431440 15.889449 0.010057
1586247814.497440 15.888829 0.009949
1586247814.563440 15.889139 0.010073
1586247814.629440 15.889096 0.009667
1586247814.695440 15.889213 0.010026
1586247814.761441 15.889078 0.009920
1586247814.827441 15.888963 0.009925
1586247814.893441 15.888911 0.010083
1586247814.959441 15.888536 0.010031
1586247815.025441 15.888645 0.010039
1586247815.091441 15.888785 0.010053
1586247815.157442 15.888836 0.010043
1586247815.223442 15.888873 0.010074
1586247815.289442 15.888850 0.009969
1586247815.388442 15.888805 0.010075
1586247815.487442 15.888793 0.010086
1586247815.586442 15.888848 0.010067
1586247815.652443 15.888865 0.009947
1586247815.718443 15.888937 0.010079
1586247815.784443 15.888935 0.009883
1586247815.850443 15.889024 0.010076
1586247815.916443 15.888773 0.009722
1586247815.982444 15.888703 0.010069
1586247816.081444 15.888661 0.009914
1586247816.213444 15.888579 0.010003
1586247816.312444 15.888425 0.009971
1586247816.444445 15.888726 0.010086
1586247816.543445 15.888673 0.010043
1586247816.609445 15.888430 0.009947
1586247816.708445 15.888457 0.010089
1586247816.840446 15.888426 0.010079
1586247816.939446 15.888650 0.010054
1586247817.038446 15.888450 0.009983
1586247817.137446 15.888446 0.010087
1586247817.236446 15.888554 0.010080
1586247817.335447 15.888478 0.010068
1586247817.434447 15.888170 0.009833
1586247817.533447 15.888310 0.010077
1586247817.632447 15.888168 0.010082
1586247817.698448 15.888167 0.010070
1586247817.764448 15.888314 0.010016
1586247817.863448 15.887964 0.009403
1586247817.962448 15.888142 0.010090
1586247818.061448 15.887818 0.009620
1586247818.127449 15.887866 0.010028
1586247818.226449 15.887824 0.010050
1586247818.292449 15.887413 0.010076
1586247818.358449 15.887316 0.010003
1586247818.424449 15.887518 0.010048
1586247818.490449 15.888048 0.010071
1586247818.589450 15.887965 0.010051
1586247818.688450 15.888024 0.010074
1586247818.787450 15.887992 0.010013
1586247818.886451 15.887812 0.010077
1586247818.985451 15.887816 0.010085
1586247819.084451 15.887369 0.010088
1586247819.183451 15.887475 0.009956
1586247819.282451 15.887500 0.010044
1586247819.381452 15.887518 0.010077
1586247819.480452 15.887528 0.010086
1586247819.579452 15.887744 0.010072
1586247819.678452 15.887681 0.009899
1586247819.777452 15.887734 0.010079
1586247819.876453 15.887754 0.010091
1586247819.975453 15.887746 0.010078
1586247820.074453 15.887688 0.009960
1586247820.173454 15.887739 0.010058
1586247820.272454 15.887880 0.009897
1586247820.371454 15.888013 0.009977
1586247820.503454 15.888184 0.010046
1586247820.635455 15.888135 0.010086
1586247820.767455 15.888033 0.010077
1586247820.866455 15.887966 0.010080
1586247820.965455 15.887849 0.010077
1586247821.097456 15.887158 0.010053
1586247821.229456 15.887125 0.010069
1586247821.394456 15.887259 0.010045
1586247821.526457 15.887493 0.010010
1586247821.658457 15.887123 0.009941
1586247821.790457 15.886949 0.010023
1586247821.922458 15.886055 0.009895
1586247822.054458 15.885449 0.010091
1586247822.186458 15.885103 0.010017
1586247822.318459 15.885129 0.010086
1586247822.417459 15.885768 0.009947
1586247822.516459 15.885350 0.009614
1586247822.615459 15.884424 0.009963
1586247822.714459 15.884035 0.010001
1586247822.813460 15.884089 0.009887
1586247822.945460 15.884472 0.009872
1586247823.044460 15.883470 0.010040
1586247823.143461 15.882945 0.010050
1586247823.242461 15.882810 0.010038
1586247823.341461 15.883431 0.009892
1586247823.473461 15.884094 0.010069
1586247823.605462 15.884056 0.009998
1586247823.704462 15.883426 0.009975
1586247823.803462 15.884687 0.010074
1586247823.902462 15.885563 0.010059
1586247824.001462 15.886060 0.010069
1586247824.100463 15.884963 0.010019
1586247824.199463 15.885676 0.010057
1586247824.298463 15.886045 0.010066
1586247824.397464 15.885574 0.010068
1586247824.496464 15.885474 0.010076
1586247824.595464 15.885316 0.010028
1586247824.694464 15.885013 0.010086
1586247824.793464 15.885179 0.010086
1586247824.892465 15.885345 0.010058
1586247824.991465 15.886546 0.010076
1586247825.090465 15.886780 0.010083
1586247825.189465 15.886549 0.010063
1586247825.288466 15.886632 0.010055
1586247825.354466 15.886328 0.010042
1586247825.453466 15.886462 0.010047
1586247825.519466 15.886618 0.010042
1586247825.585466 15.887049 0.010007
1586247825.651467 15.887338 0.010028
1586247825.750467 15.887172 0.010080
1586247825.849467 15.887145 0.010081
1586247825.948467 15.887464 0.010068
1586247826.047467 15.887744 0.010082
1586247826.146468 15.887569 0.010081
1586247826.245468 15.887479 0.010076
1586247826.344468 15.887137 0.010054
1586247826.443468 15.887102 0.010032
1586247826.542469 15.887574 0.010073
1586247826.641469 15.887950 0.010072
1586247826.773469 15.887934 0.010071
1586247826.872469 15.887570 0.010065
1586247826.971470 15.887899 0.009912
1586247827.070470 15.888650 0.010045
1586247827.169470 15.888576 0.010067
1586247827.268470 15.888447 0.010058
1586247827.367470 15.888180 0.010049
1586247827.466471 15.887853 0.010043
1586247827.565471 15.887975 0.010027
1586247827.664471 15.888034 0.010069
1586247827.763471 15.888138 0.010057
1586247827.862472 15.888099 0.010056
1586247827.961472 15.888793 0.010068
1586247828.027472 15.888826 0.010038
1586247828.126472 15.889045 0.010007
1586247828.225472 15.889455 0.010064
1586247828.291473 15.889514 0.010061
1586247828.390473 15.889369 0.010057
1586247828.489473 15.888936 0.010047
1586247828.588473 15.888897 0.010057
1586247828.654474 15.889453 0.010065
1586247828.753474 15.889585 0.010012
1586247828.819474 15.889288 0.010054
1586247828.885474 15.888820 0.009976
1586247828.951474 15.888639 0.010025
1586247829.017474 15.888741 0.010053
1586247829.083474 15.888421 0.010049
1586247829.149475 15.888199 0.010062
1586247829.215475 15.888200 0.010040
1586247829.281475 15.888547 0.010063
1586247829.347475 15.888361 0.010041
1586247829.413475 15.888642 0.010059
1586247829.479475 15.888884 0.010051
1586247829.545475 15.889047 0.010062
1586247829.611476 15.889584 0.010035
1586247829.677476 15.890174 0.010061
1586247829.743476 15.889617 0.010058
1586247829.842476 15.889683 0.010045
1586247829.908476 15.889574 0.010048
1586247830.007477 15.889676 0.010059
1586247830.106477 15.889893 0.010037
1586247830.205477 15.890382 0.010036
1586247830.271477 15.890264 0.010056
1586247830.337477 15.888110 0.010037
1586247830.403477 15.888483 0.009992
1586247830.469478 15.888747 0.010028
1586247830.535478 15.889071 0.010039
1586247830.601478 15.888942 0.009966
1586247830.667478 15.888478 0.010054
1586247830.766478 15.888554 0.010056
1586247830.832479 15.888394 0.010057
1586247830.898479 15.888196 0.010049
1586247830.964479 15.888420 0.010053
1586247831.030479 15.888273 0.010033
1586247831.096479 15.888412 0.009993
1586247831.162479 15.888025 0.010025
1586247831.261480 15.887934 0.010052
1586247831.327480 15.888134 0.010044
1586247831.393480 15.888745 0.010052
1586247831.459480 15.888071 0.010053
1586247831.525480 15.888209 0.010058
1586247831.591480 15.887946 0.010013
1586247831.657480 15.887606 0.010050
1586247831.723481 15.888809 0.010058
1586247831.789481 15.888785 0.010044
1586247831.855481 15.888845 0.010026
1586247831.921481 15.888399 0.010018
1586247832.020482 15.888681 0.010055
1586247832.119482 15.888688 0.010053
1586247832.251482 15.888266 0.010022
1586247832.350482 15.887873 0.010040
1586247832.416482 15.887703 0.010042
1586247832.482482 15.887708 0.010010
1586247832.548483 15.888566 0.010039
1586247832.614483 15.889038 0.010041
1586247832.680483 15.887042 0.010026
1586247832.746483 15.887244 0.010056
1586247832.812483 15.887582 0.010003
1586247832.878484 15.887238 0.010009
1586247832.944484 15.887432 0.010036
1586247833.010484 15.887231 0.010028
1586247833.076484 15.887364 0.010001
1586247833.142484 15.887011 0.010032
1586247833.208484 15.886262 0.010037
1586247833.274484 15.886368 0.010013
1586247833.340485 15.886660 0.010034
1586247833.406485 15.887980 0.010052
1586247833.505485 15.887790 0.010029
1586247833.571485 15.886650 0.010052
1586247833.637485 15.886448 0.010010
1586247833.703485 15.888281 0.010054
1586247833.769485 15.887147 0.010055
1586247833.835486 15.887045 0.010042
1586247833.901486 15.887760 0.010033
1586247833.967486 15.886350 0.010050
1586247834.033486 15.885556 0.010044
1586247834.099486 15.885669 0.010028
1586247834.165487 15.885245 0.010055
1586247834.231487 15.885114 0.010044
1586247834.297487 15.884812 0.010055
1586247834.363487 15.884418 0.010050
1586247834.429487 15.884303 0.010037
1586247834.495487 15.884273 0.010057
1586247834.561487 15.884558 0.010047
1586247834.627487 15.884176 0.010044
1586247834.693488 15.883810 0.010052
1586247834.759488 15.882947 0.010056
1586247834.825488 15.882905 0.010055
1586247834.891488 15.883121 0.010038
1586247834.957488 15.882415 0.010049
1586247835.023489 15.882644 0.010056
1586247835.089489 15.882526 0.010055
1586247835.155489 15.882992 0.010043
1586247835.254489 15.882309 0.010047
1586247835.353489 15.882376 0.009954
1586247835.452489 15.882822 0.010055
1586247835.551490 15.881956 0.010046
1586247835.650490 15.880248 0.010055
1586247835.749490 15.879830 0.010051
1586247835.848490 15.879659 0.010043
1586247835.947491 15.879676 0.010040
1586247836.046491 15.878870 0.010050
1586247836.145491 15.879342 0.010021
1586247836.244492 15.878629 0.009964
1586247836.343492 15.877623 0.010041
1586247836.442492 15.878733 0.009978
1586247836.541492 15.878321 0.010043
1586247836.640492 15.879671 0.010053
1586247836.772493 15.879759 0.010037
1586247836.838493 15.879518 0.010022
1586247836.904493 15.879419 0.010050
1586247836.970493 15.879189 0.010031
1586247837.069493 15.878170 0.010055
1586247837.135494 15.877354 0.010041
1586247837.201494 15.877068 0.010052
1586247837.300494 15.876223 0.010035
1586247837.399494 15.875867 0.010046
1586247837.498494 15.875702 0.010035
1586247837.597495 15.875241 0.010055
1586247837.696495 15.873326 0.010025
1586247837.795495 15.874921 0.010048
1586247837.894495 15.876844 0.010051
1586247837.993495 15.878663 0.010055
1586247838.092496 15.879523 0.010018
1586247838.191496 15.878643 0.010040
1586247838.290497 15.878482 0.010053
1586247838.389497 15.879941 0.010041
1586247838.488497 15.879151 0.010031
1586247838.587497 15.877844 0.010034
1586247838.686497 15.877547 0.010047
1586247838.785498 15.876030 0.010053
1586247838.884498 15.873759 0.010044
1586247838.983498 15.872877 0.010044
1586247839.082498 15.873408 0.010039
1586247839.181499 15.872613 0.010046
1586247839.280499 15.870568 0.010029
1586247839.379499 15.868082 0.010055
1586247839.478499 15.867003 0.010052
1586247839.577499 15.865305 0.010028
1586247839.676500 15.864187 0.010045
1586247839.775500 15.863031 0.010012
1586247839.874500 15.861278 0.010027
1586247839.973500 15.860096 0.010052
1586247840.072501 15.858043 0.010051
1586247840.171501 15.858173 0.010045
1586247840.270501 15.857186 0.010041
1586247840.369501 15.855889 0.010045
1586247840.468502 15.855146 0.010056
1586247840.567502 15.853076 0.010044
1586247840.666502 15.850778 0.010028
1586247840.765502 15.846799 0.009991
1586247840.864502 15.846806 0.010050
1586247840.963503 15.846007 0.010044
1586247841.062503 15.845029 0.010057
1586247841.161503 15.842961 0.010050
1586247841.260504 15.843173 0.010039
1586247841.359504 15.842045 0.010054
1586247841.458504 15.841095 0.010041
1586247841.557504 15.839486 0.010054
1586247841.656504 15.838474 0.010055
1586247841.755505 15.835634 0.010049
1586247841.854505 15.835289 0.010033
1586247841.953505 15.834045 0.010045
1586247842.052505 15.833889 0.010052
1586247842.151506 15.830362 0.009965
1586247842.250506 15.830669 0.010018
1586247842.349506 15.828094 0.009985
1586247842.481506 15.824865 0.010005
1586247842.613507 15.827335 0.010036
1586247842.745507 15.826342 0.009972
1586247842.910507 15.816817 0.009969
1586247843.075508 15.820055 0.010046
