DelayedMarginalization 0.00148472 1.11916e-06 0.0114871 2013
DelayedMarginalizationOnly 0.00070529 5.20464e-07 0.00671853 2013
EF-marginalizeFrame 0.00186862 1.17014e-06 0.0119143 2013
FullSystem::trackNewCoarse 0.00661565 2.13379e-05 0.0350557 5829
FullSystem::trackNewCoarseNoIMU 0.00187234 7.64067e-07 0.00763213 265
FullSystemOptimize 0.146135 0.000308985 0.202329 2019
GraphUnrolling 0.0202955 -nan 0.0202955 1
IMUInitAddPose 3.67665e-05 3.43252e-09 0.00165978 2019
IMUInitOptimize 0.0502639 0.000683572 0.0858683 34
IMUIntegration::finishKeyframeOperations 5.02578e-05 1.93746e-09 0.00134649 1980
InitializerFirstFrame 0.0332882 -nan 0.0332882 1
InitializerOtherFrames 0.0219825 0.000126396 0.0909601 247
MainMarginalization 0.00168748 1.12819e-06 0.0116942 2013
MarginalizationReplacementBuildGraph 0.0023173 -nan 0.0023173 1
MarginalizeMainGraph 0.000778377 4.44477e-07 0.00834824 2013
PGBA 0.157235 -nan 0.157235 1
PGBAFull 0.0838499 0.0136754 0.16654 2
PrepareGraphForMainOptimization 0.0204684 -nan 0.0204684 1
VisualMarginalization 2.76995e-05 3.3481e-09 0.00180843 2013
activatePointsMT 0.00427547 3.51991e-06 0.016804 2019
addActiveFrame 0.0666565 0.00604585 0.395797 6342
addIMUData 0.00102739 1.26669e-06 0.021305 5829
addIMUDataToBA 0.000107695 9.18412e-09 0.00174692 6341
addKeyframeToBA 5.35959e-05 1.42327e-09 0.00153645 2019
afterCoarseTracking 4.6112e-07 1.64424e-10 0.00100099 6094
baIteration 0.023541 3.07403e-05 0.072699 11702
baMatrixInversion 0.000170518 8.19401e-09 0.00218316 11702
baUpdateBuildHessians 0.000593846 3.00695e-07 0.0111905 11702
coarseTrackingIteration 0.000550614 8.37858e-07 0.00948648 57060
computeBAUpdate 0.000867193 3.23559e-07 0.0114961 11702
computeCoarseUpdate 0.000302282 5.14917e-07 0.0086878 55422
computeFactorForCoarseGraphAndMarginalCovariances 0.00228578 6.65341e-07 0.0114341 1980
convertHAndBFromDSO 0.00010416 2.51682e-09 0.00168707 19727
debugPlot 1.01738e-07 3.28973e-15 7.42e-07 2019
debugPlotIDepthMap 4.52857e-07 4.53129e-14 3.536e-06 2019
debugPlotIDepthMapFloat 3.2946e-08 1.47006e-16 1.89e-07 2019
deliverTrackedFrame 0.0593043 0.00619841 0.321606 6095
flagFramesForMarginalization 2.03999e-06 7.21295e-12 0.00011766 2019
fullCoarseTracking 0.00797952 3.91442e-05 0.0895635 6094
initObjectsAndMakeImage 0.00112554 1.95754e-07 0.00453354 6342
makeKeyframe 0.170038 0.000341433 0.321529 2019
makeKeyframeChangeTrackingRef 0.00185672 5.49319e-08 0.00353471 2019
makeNewTraces 0.00345593 1.81007e-07 0.00723672 2019
makeNonKeyframe 0.00433983 2.04466e-06 0.00985048 4076
marginalizeAndRemovePoints 0.00360101 7.72487e-07 0.0072248 2019
marginalizeFrame 0.0036542 1.43037e-06 0.0136675 2013
marginalizeFrameOverhead 0.001781 1.45156e-07 0.00421862 2013
marginalizeFrames 0.00365845 1.49023e-06 0.0136852 2019
newFrameAndNewResidualsForOldPoints 0.000996621 5.2274e-08 0.003124 2019
printBiases 1.0004e-05 2.42899e-10 0.000261316 2019
printEigenValLine 1.39127e-07 1.64184e-15 1.062e-06 2019
printLogLine 0.000154232 9.89396e-08 0.00327179 2019
publishInMakeKeyframe 3.18544e-07 1.66075e-14 1.223e-06 2019
removeOutliers 0.000167502 2.90211e-09 0.000888367 2019
swapTrackingRef 0.000159961 8.14163e-08 0.00296113 2019
timeMeasurement 1.58541e-06 4.08206e-12 9.7317e-05 6342
traceNewCoarse 0.00388194 1.88781e-06 0.00983225 6095
updateBAValues 1.15633e-05 1.72273e-10 0.00152936 21553
zero 1.44904e-07 1.88388e-14 7.543e-06 6342
