EF-marginalizeFrame 0.00010727 6.14134e-09 0.00161392 1619
FullSystem::trackNewCoarseNoIMU 0.00199313 1.10363e-05 0.127239 5679
FullSystemOptimize 0.148662 0.000244487 0.372356 1625
IMUInitAddPose 1.7713e-05 -nan 1.7713e-05 1
InitializerFirstFrame 0.0319803 -nan 0.0319803 1
InitializerOtherFrames 0.0810104 0.000903965 0.113655 12
VisualMarginalization 3.38256e-05 1.9405e-09 0.00149493 1619
activatePointsMT 0.00423309 4.09161e-06 0.0220521 1625
addActiveFrame 0.0529602 0.00551955 0.440426 5692
afterCoarseTracking 2.76791e-07 5.00136e-14 1.1942e-05 5679
baIteration 0.0231757 3.70315e-05 0.0670612 9768
coarseTrackingIteration 0.000156919 4.07977e-08 0.00494531 40112
debugPlot 1.00066e-07 3.38328e-15 5.71e-07 1625
debugPlotIDepthMap 5.71965e-07 1.30716e-11 0.000101415 1625
debugPlotIDepthMapFloat 3.62283e-08 2.20418e-16 2.41e-07 1625
deliverTrackedFrame 0.0498264 0.00550983 0.392978 5680
flagFramesForMarginalization 1.86216e-06 7.1575e-13 1.3736e-05 1625
fullCoarseTracking 0.00200009 1.10397e-05 0.127246 5679
initObjectsAndMakeImage 0.00106022 5.23698e-08 0.00326915 5692
makeKeyframe 0.166266 0.000250469 0.392973 1625
makeKeyframeChangeTrackingRef 0.00171915 5.61664e-08 0.00365649 1625
makeNewTraces 0.00336165 1.58264e-07 0.00626216 1625
makeNonKeyframe 0.00314433 3.95533e-06 0.00886099 4055
marginalizeAndRemovePoints 0.00275886 7.77502e-07 0.00662652 1625
marginalizeFrame 0.00142316 1.33528e-07 0.00355066 1619
marginalizeFrameOverhead 0.0013126 1.11304e-07 0.00336421 1619
marginalizeFrames 0.00141904 1.40651e-07 0.00355234 1625
newFrameAndNewResidualsForOldPoints 0.00085638 3.55651e-08 0.0029558 1625
printEigenValLine 2.16448e-07 5.67256e-14 9.218e-06 1625
printLogLine 0.000158787 7.08984e-08 0.00289657 1625
publishInMakeKeyframe 1.8462e-07 1.04021e-14 1.974e-06 1625
removeOutliers 0.00012007 1.57994e-09 0.000385531 1625
swapTrackingRef 4.82772e-07 1.09768e-13 5.972e-06 1624
timeMeasurement 2.00033e-06 1.692e-10 0.000797767 5692
traceNewCoarse 0.00304641 2.95705e-06 0.00883742 5680
zero 2.83297e-07 1.51299e-12 9.1855e-05 5692
