EF-marginalizeFrame 0.000157738 1.21468e-08 0.00190254 1646
FullSystem::trackNewCoarseNoIMU 0.00304648 2.89347e-05 0.162923 7120
FullSystemOptimize 0.228406 0.00135767 0.561833 1652
IMUInitAddPose 0.000958127 -nan 0.000958127 1
InitializerFirstFrame 0.0364112 -nan 0.0364112 1
InitializerOtherFrames 0.0748739 0.000558205 0.17558 581
VisualMarginalization 4.29944e-05 3.70777e-09 0.00176414 1646
activatePointsMT 0.00586955 9.99695e-06 0.0329303 1652
addActiveFrame 0.0660149 0.0105887 0.739498 7702
afterCoarseTracking 3.16735e-07 3.87864e-14 1.3316e-05 7120
baIteration 0.0357908 0.000116436 0.160407 9930
coarseTrackingIteration 0.000223975 1.1855e-07 0.0118648 57028
debugPlot 1.30794e-07 1.89725e-14 4.789e-06 1652
debugPlotIDepthMap 5.24886e-07 4.64981e-14 2.575e-06 1652
debugPlotIDepthMapFloat 4.5796e-08 5.78152e-16 3.91e-07 1652
deliverTrackedFrame 0.0606454 0.0113066 0.580305 7121
flagFramesForMarginalization 2.40524e-06 2.04212e-11 0.000177738 1652
fullCoarseTracking 0.0030572 2.894e-05 0.16293 7120
initObjectsAndMakeImage 0.00145648 2.0756e-07 0.00585933 7702
makeKeyframe 0.251134 0.00145892 0.580292 1652
makeKeyframeChangeTrackingRef 0.00231722 3.67454e-07 0.00547396 1652
makeNewTraces 0.00423785 9.16683e-07 0.00900418 1652
makeNonKeyframe 0.00307675 5.07072e-06 0.0275105 5469
marginalizeAndRemovePoints 0.00385084 1.73084e-06 0.00938031 1652
marginalizeFrame 0.00183639 3.11568e-07 0.00758726 1646
marginalizeFrameOverhead 0.00167495 2.56045e-07 0.00731403 1646
marginalizeFrames 0.00183099 3.2294e-07 0.00759027 1652
newFrameAndNewResidualsForOldPoints 0.00108112 1.22366e-07 0.00465848 1652
printEigenValLine 2.11769e-07 3.09334e-15 9.92e-07 1652
printLogLine 0.000209783 1.61912e-07 0.00551471 1652
publishInMakeKeyframe 2.52499e-07 1.37893e-14 1.914e-06 1652
removeOutliers 0.000188016 8.97803e-09 0.00150845 1652
swapTrackingRef 6.73147e-07 3.30261e-13 1.9487e-05 1651
timeMeasurement 2.67014e-06 9.00219e-11 0.000703222 7702
traceNewCoarse 0.00303058 4.06585e-06 0.027493 7121
zero 3.53528e-07 2.24909e-14 3.056e-06 7702
