EF-marginalizeFrame 0.00011464 4.38968e-09 0.0013933 2106
FullSystem::trackNewCoarseNoIMU 0.00241607 1.59621e-06 0.0125378 6476
FullSystemOptimize 0.145579 0.000194517 0.276044 2112
IMUInitAddPose 1.8133e-05 -nan 1.8133e-05 1
InitializerFirstFrame 0.0267997 -nan 0.0267997 1
InitializerOtherFrames 0.0298982 0.000246866 0.087353 112
VisualMarginalization 3.3683e-05 8.85763e-10 0.00068811 2106
activatePointsMT 0.00452056 4.70375e-06 0.0154635 2112
addActiveFrame 0.0592924 0.00561042 0.374081 6589
afterCoarseTracking 4.02301e-07 2.20489e-11 0.000295645 6476
baIteration 0.0226501 3.4377e-05 0.0652497 12690
coarseTrackingIteration 0.000150194 3.44408e-08 0.00524716 65694
debugPlot 1.0095e-07 4.39201e-15 8.31e-07 2112
debugPlotIDepthMap 3.90277e-07 1.16434e-13 1.4297e-05 2112
debugPlotIDepthMapFloat 3.81288e-08 6.25134e-16 6.81e-07 2112
deliverTrackedFrame 0.0562583 0.00569348 0.288901 6477
flagFramesForMarginalization 1.8409e-06 8.04254e-13 1.9898e-05 2112
fullCoarseTracking 0.00242373 1.60434e-06 0.0125424 6476
initObjectsAndMakeImage 0.00109023 1.09994e-07 0.00501632 6589
makeKeyframe 0.164089 0.000197037 0.288896 2112
makeKeyframeChangeTrackingRef 0.00175396 5.76553e-08 0.00472117 2112
makeNewTraces 0.00339316 1.515e-07 0.00686467 2112
makeNonKeyframe 0.00406616 1.66653e-06 0.00841329 4365
marginalizeAndRemovePoints 0.00324121 7.37928e-07 0.0069855 2112
marginalizeFrame 0.00154442 1.11604e-07 0.00438788 2106
marginalizeFrameOverhead 0.00142676 9.27655e-08 0.0040335 2106
marginalizeFrames 0.00154113 1.18216e-07 0.0043898 2112
newFrameAndNewResidualsForOldPoints 0.000887667 4.04647e-08 0.00309243 2112
printEigenValLine 1.5264e-07 3.76745e-14 8.825e-06 2112
printLogLine 0.000162961 8.46577e-08 0.00329024 2112
publishInMakeKeyframe 1.71608e-07 6.63694e-15 1.342e-06 2112
removeOutliers 0.000138024 2.76019e-09 0.00121102 2112
swapTrackingRef 5.39099e-07 1.77435e-13 1.1021e-05 2112
timeMeasurement 1.77822e-06 1.3246e-10 0.000898667 6589
traceNewCoarse 0.0036164 1.59446e-06 0.00840192 6477
zero 1.0696e-07 7.47134e-15 2.374e-06 6589
